22 0.751245 0.626649 0.721065 0.553952 0.781424 0.699345 480.000000 640.000000
55 0.902128 0.626174 0.871992 0.560727 0.932263 0.691620 480.000000 640.000000
47 0.810137 0.579421 0.790211 0.519505 0.830064 0.639336 480.000000 640.000000
54 0.311522 0.480673 0.287609 0.416601 0.335435 0.544744 480.000000 640.000000
1 0.344807 0.507826 0.325483 0.445031 0.364132 0.570621 480.000000 640.000000
60 0.414851 0.499118 0.398269 0.444250 0.431433 0.553987 480.000000 640.000000
5 0.468274 0.462984 0.457160 0.399157 0.479387 0.526811 480.000000 640.000000
63 0.576974 0.482289 0.556978 0.414329 0.596969 0.550249 480.000000 640.000000
69 0.660720 0.564148 0.641533 0.510535 0.679907 0.617761 480.000000 640.000000
42 0.703382 0.518630 0.681797 0.464440 0.724968 0.572820 480.000000 640.000000
66 0.887385 0.599877 0.864076 0.533209 0.910695 0.666546 480.000000 640.000000
77 0.657527 0.505649 0.640018 0.456885 0.675035 0.554413 480.000000 640.000000
78 0.798096 0.556071 0.781942 0.495010 0.814250 0.617132 480.000000 640.000000
