1 0.549534 0.505665 0.529424 0.442983 0.569644 0.568347 480.000000 640.000000
2 0.519496 0.498131 0.502714 0.445909 0.536278 0.550354 480.000000 640.000000
3 0.101775 0.492937 0.079097 0.429515 0.124454 0.556358 480.000000 640.000000
4 0.678487 0.609241 0.656349 0.535467 0.700625 0.683015 480.000000 640.000000
10 0.953362 0.514180 0.929811 0.467145 0.976913 0.561216 480.000000 640.000000
11 0.743314 0.498753 0.719814 0.434743 0.766815 0.562763 480.000000 640.000000
22 0.519581 0.623470 0.501127 0.552516 0.538034 0.694424 480.000000 640.000000
23 0.486125 0.519269 0.470977 0.452943 0.501274 0.585596 480.000000 640.000000
5 0.647691 0.441431 0.637282 0.398529 0.658101 0.484333 480.000000 640.000000
30 0.470254 0.554419 0.454299 0.493889 0.486210 0.614949 480.000000 640.000000
42 0.901259 0.518035 0.878926 0.465581 0.923592 0.570488 480.000000 640.000000
7 0.951368 0.540323 0.925520 0.467606 0.977217 0.613040 480.000000 640.000000
35 0.621742 0.500104 0.599134 0.442820 0.644350 0.557387 480.000000 640.000000
46 0.964835 0.594024 0.942853 0.528045 0.986818 0.660003 480.000000 640.000000
47 0.640104 0.573264 0.615104 0.509028 0.665104 0.637500 480.000000 640.000000
48 0.727604 0.473958 0.709375 0.414236 0.745833 0.533681 480.000000 640.000000
16 0.934882 0.591698 0.916131 0.532966 0.953633 0.650429 480.000000 640.000000
