22 0.879140 0.613466 0.861708 0.551105 0.896571 0.675826 480.000000 640.000000
47 0.914414 0.578485 0.893531 0.519328 0.935298 0.637642 480.000000 640.000000
1 0.225298 0.507897 0.209708 0.446099 0.240888 0.569695 480.000000 640.000000
60 0.288845 0.491066 0.273495 0.433419 0.304195 0.548714 480.000000 640.000000
5 0.362259 0.466617 0.335713 0.402242 0.388804 0.530992 480.000000 640.000000
63 0.478117 0.496703 0.455011 0.432216 0.501222 0.561191 480.000000 640.000000
42 0.578207 0.522848 0.551694 0.466123 0.604719 0.579574 480.000000 640.000000
69 0.765573 0.541465 0.737621 0.469101 0.793525 0.613830 480.000000 640.000000
54 0.194360 0.482136 0.173780 0.418028 0.214940 0.546244 480.000000 640.000000
81 0.889728 0.528992 0.876510 0.501281 0.902945 0.556703 480.000000 640.000000
