1 0.552212 0.505198 0.533489 0.442420 0.570934 0.567976 480.000000 640.000000
2 0.519034 0.501303 0.498317 0.445471 0.539751 0.557135 480.000000 640.000000
3 0.104339 0.492577 0.081842 0.427594 0.126836 0.557560 480.000000 640.000000
4 0.671606 0.603659 0.642245 0.535800 0.700967 0.671518 480.000000 640.000000
10 0.951837 0.519391 0.928081 0.466641 0.975593 0.572141 480.000000 640.000000
11 0.744512 0.493850 0.721281 0.424734 0.767743 0.562966 480.000000 640.000000
22 0.515513 0.623967 0.495774 0.552772 0.535253 0.695161 480.000000 640.000000
23 0.485709 0.521463 0.471078 0.453601 0.500340 0.589325 480.000000 640.000000
5 0.650191 0.439976 0.639299 0.399174 0.661083 0.480778 480.000000 640.000000
30 0.469780 0.551935 0.452620 0.492536 0.486940 0.611335 480.000000 640.000000
42 0.903058 0.518537 0.882318 0.466717 0.923797 0.570357 480.000000 640.000000
7 0.946743 0.559394 0.917535 0.467324 0.975950 0.651463 480.000000 640.000000
35 0.626233 0.499470 0.604787 0.443549 0.647679 0.555391 480.000000 640.000000
46 0.963542 0.593750 0.945312 0.527778 0.981771 0.659722 480.000000 640.000000
