1 0.560812 0.504902 0.545512 0.442545 0.576113 0.567260 480.000000 640.000000
2 0.525901 0.501598 0.507721 0.446362 0.544082 0.556834 480.000000 640.000000
3 0.107567 0.491354 0.084656 0.425634 0.130478 0.557075 480.000000 640.000000
4 0.669236 0.608889 0.638647 0.534091 0.699825 0.683686 480.000000 640.000000
10 0.947621 0.527684 0.923808 0.466459 0.971434 0.588908 480.000000 640.000000
11 0.747194 0.495327 0.722239 0.428683 0.772148 0.561970 480.000000 640.000000
22 0.506883 0.627547 0.478418 0.556388 0.535347 0.698705 480.000000 640.000000
23 0.481034 0.523242 0.462326 0.453627 0.499741 0.592856 480.000000 640.000000
5 0.657507 0.449345 0.643869 0.400517 0.671144 0.498172 480.000000 640.000000
30 0.469860 0.545859 0.448412 0.483527 0.491307 0.608190 480.000000 640.000000
38 0.635571 0.540016 0.604143 0.457272 0.666999 0.622760 480.000000 640.000000
42 0.906070 0.518010 0.884623 0.465261 0.927517 0.570760 480.000000 640.000000
7 0.944707 0.561640 0.917805 0.466902 0.971609 0.656378 480.000000 640.000000
44 0.485677 0.520833 0.471354 0.452083 0.500000 0.589583 480.000000 640.000000
45 0.654167 0.439236 0.644271 0.399653 0.664062 0.478819 480.000000 640.000000
