1 0.570384 0.505525 0.552271 0.443797 0.588498 0.567253 480.000000 640.000000
2 0.537206 0.503276 0.522598 0.449723 0.551815 0.556829 480.000000 640.000000
3 0.112608 0.492046 0.093604 0.426009 0.131612 0.558083 480.000000 640.000000
4 0.661812 0.611482 0.632065 0.530841 0.691559 0.692123 480.000000 640.000000
10 0.941948 0.529729 0.918148 0.465610 0.965747 0.593847 480.000000 640.000000
11 0.758562 0.492808 0.736564 0.427398 0.780561 0.558218 480.000000 640.000000
22 0.497708 0.624296 0.469200 0.553407 0.526217 0.695185 480.000000 640.000000
23 0.474624 0.517991 0.455643 0.453596 0.493604 0.582387 480.000000 640.000000
5 0.670504 0.468230 0.651693 0.421597 0.689314 0.514862 480.000000 640.000000
30 0.456219 0.547535 0.427876 0.478285 0.484562 0.616786 480.000000 640.000000
38 0.634211 0.569589 0.617642 0.501542 0.650780 0.637637 480.000000 640.000000
