22 0.744591 0.624646 0.721671 0.552692 0.767511 0.696601 480.000000 640.000000
55 0.896367 0.622045 0.871416 0.554543 0.921318 0.689547 480.000000 640.000000
47 0.804625 0.580047 0.778729 0.520882 0.830521 0.639212 480.000000 640.000000
54 0.323033 0.480787 0.307566 0.414723 0.338500 0.546851 480.000000 640.000000
1 0.356541 0.507263 0.340892 0.443748 0.372189 0.570778 480.000000 640.000000
60 0.423992 0.501040 0.398470 0.445056 0.449513 0.557024 480.000000 640.000000
5 0.479432 0.463413 0.462158 0.400347 0.496707 0.526480 480.000000 640.000000
63 0.587670 0.494450 0.567050 0.420545 0.608290 0.568356 480.000000 640.000000
69 0.651029 0.546341 0.624716 0.474064 0.677342 0.618617 480.000000 640.000000
42 0.706012 0.517102 0.683523 0.460957 0.728502 0.573247 480.000000 640.000000
66 0.881942 0.598496 0.861759 0.531207 0.902125 0.665786 480.000000 640.000000
