3 0.073423 0.494617 0.050121 0.431566 0.096726 0.557668 480.000000 640.000000
4 0.716178 0.550610 0.691275 0.448934 0.741082 0.652286 480.000000 640.000000
22 0.554923 0.625771 0.523839 0.553284 0.586007 0.698258 480.000000 640.000000
5 0.625161 0.479860 0.601828 0.438814 0.648494 0.520905 480.000000 640.000000
30 0.507052 0.555591 0.482814 0.496297 0.531290 0.614885 480.000000 640.000000
42 0.870478 0.520238 0.845717 0.466483 0.895239 0.573993 480.000000 640.000000
35 0.590141 0.501338 0.571811 0.444495 0.608471 0.558182 480.000000 640.000000
46 0.974206 0.561511 0.949462 0.466955 0.998950 0.656066 480.000000 640.000000
47 0.676564 0.578375 0.661899 0.519322 0.691230 0.637427 480.000000 640.000000
52 0.658053 0.555276 0.639913 0.492356 0.676193 0.618196 480.000000 640.000000
10 0.975843 0.530882 0.953398 0.471894 0.998287 0.589869 480.000000 640.000000
54 0.485156 0.488194 0.467187 0.425000 0.503125 0.551389 480.000000 640.000000
23 0.519946 0.517280 0.502318 0.445325 0.537575 0.589236 480.000000 640.000000
