22 0.905229 0.627735 0.875450 0.563280 0.935008 0.692191 480.000000 640.000000
47 0.940714 0.574614 0.927804 0.515679 0.953624 0.633550 480.000000 640.000000
1 0.196025 0.509901 0.176137 0.448746 0.215914 0.571055 480.000000 640.000000
60 0.258586 0.492536 0.242814 0.434413 0.274357 0.550658 480.000000 640.000000
5 0.336480 0.462887 0.323785 0.399433 0.349175 0.526341 480.000000 640.000000
63 0.459118 0.496890 0.439245 0.426812 0.478991 0.566968 480.000000 640.000000
42 0.547217 0.524042 0.528069 0.466213 0.566365 0.581870 480.000000 640.000000
69 0.789211 0.540076 0.765762 0.470107 0.812660 0.610045 480.000000 640.000000
54 0.164921 0.484465 0.151925 0.419888 0.177918 0.549041 480.000000 640.000000
91 0.029664 0.601887 0.007203 0.528143 0.052125 0.675631 480.000000 640.000000
92 0.919372 0.534207 0.901386 0.497577 0.937357 0.570838 480.000000 640.000000
85 0.787226 0.510129 0.766332 0.471705 0.808120 0.548553 480.000000 640.000000
93 0.921875 0.561806 0.901563 0.496875 0.942187 0.626736 480.000000 640.000000
