22 0.869786 0.617374 0.850970 0.554664 0.888603 0.680085 480.000000 640.000000
47 0.906526 0.577785 0.890177 0.517940 0.922876 0.637629 480.000000 640.000000
1 0.231053 0.508205 0.215090 0.448115 0.247016 0.568294 480.000000 640.000000
60 0.292399 0.492054 0.271345 0.434265 0.313452 0.549844 480.000000 640.000000
5 0.366915 0.465137 0.344922 0.401172 0.388908 0.529101 480.000000 640.000000
63 0.486983 0.494680 0.464871 0.424333 0.509094 0.565027 480.000000 640.000000
42 0.583618 0.521237 0.560531 0.465744 0.606705 0.576731 480.000000 640.000000
69 0.759624 0.540239 0.733121 0.462240 0.786127 0.618238 480.000000 640.000000
54 0.203176 0.483112 0.188516 0.418360 0.217836 0.547863 480.000000 640.000000
81 0.888230 0.527632 0.871828 0.494814 0.904632 0.560449 480.000000 640.000000
89 0.012244 0.596528 0.000008 0.523958 0.024479 0.669097 480.000000 640.000000
90 0.297135 0.492014 0.282031 0.434375 0.312240 0.549653 480.000000 640.000000
