1 0.665157 0.509738 0.638927 0.448217 0.691388 0.571258 480.000000 640.000000
2 0.627272 0.497495 0.606302 0.433935 0.648242 0.561055 480.000000 640.000000
3 0.188968 0.490962 0.173293 0.425680 0.204642 0.556244 480.000000 640.000000
4 0.560200 0.603459 0.530214 0.514564 0.590185 0.692355 480.000000 640.000000
5 0.740691 0.487349 0.712475 0.410190 0.768907 0.564507 480.000000 640.000000
6 0.385938 0.538593 0.352013 0.453985 0.419864 0.623200 480.000000 640.000000
7 0.871703 0.565383 0.849098 0.473337 0.894309 0.657430 480.000000 640.000000
8 0.390016 0.514792 0.363029 0.452486 0.417003 0.577098 480.000000 640.000000
10 0.870455 0.530822 0.852115 0.471454 0.888796 0.590190 480.000000 640.000000
11 0.838129 0.495436 0.821667 0.432800 0.854591 0.558072 480.000000 640.000000
12 0.390365 0.619444 0.367969 0.550000 0.412760 0.688889 480.000000 640.000000
13 0.545833 0.553472 0.529167 0.493750 0.562500 0.613194 480.000000 640.000000
