22 0.778189 0.620675 0.761316 0.550500 0.795063 0.690849 480.000000 640.000000
47 0.830894 0.578902 0.802581 0.519334 0.859206 0.638471 480.000000 640.000000
54 0.290232 0.480934 0.275960 0.416423 0.304504 0.545445 480.000000 640.000000
1 0.317564 0.507489 0.293431 0.446137 0.341696 0.568841 480.000000 640.000000
60 0.385117 0.495479 0.358957 0.438297 0.411277 0.552660 480.000000 640.000000
5 0.444856 0.463773 0.416009 0.399823 0.473702 0.527723 480.000000 640.000000
63 0.558374 0.494115 0.531927 0.420196 0.584822 0.568034 480.000000 640.000000
55 0.930069 0.607847 0.908704 0.528620 0.951433 0.687074 480.000000 640.000000
69 0.681950 0.546157 0.654453 0.474570 0.709447 0.617744 480.000000 640.000000
66 0.924404 0.599993 0.906266 0.529086 0.942543 0.670900 480.000000 640.000000
80 0.934896 0.616319 0.916146 0.540278 0.953646 0.692361 480.000000 640.000000
42 0.664824 0.513016 0.647430 0.461703 0.682217 0.564329 480.000000 640.000000
