3 0.033140 0.493173 0.010631 0.429537 0.055648 0.556810 480.000000 640.000000
22 0.610824 0.628929 0.584334 0.556306 0.637314 0.701552 480.000000 640.000000
42 0.817821 0.519049 0.791475 0.464475 0.844168 0.573623 480.000000 640.000000
55 0.763628 0.610262 0.731773 0.534678 0.795483 0.685846 480.000000 640.000000
30 0.564122 0.530399 0.533398 0.455859 0.594846 0.604939 480.000000 640.000000
51 0.556867 0.533072 0.533927 0.468746 0.579808 0.597398 480.000000 640.000000
47 0.718060 0.580027 0.699616 0.520354 0.736503 0.639701 480.000000 640.000000
54 0.432166 0.488190 0.409233 0.427674 0.455099 0.548705 480.000000 640.000000
1 0.465601 0.507882 0.443579 0.445049 0.487623 0.570715 480.000000 640.000000
60 0.533203 0.501042 0.519010 0.443750 0.547396 0.558333 480.000000 640.000000
61 0.571875 0.444444 0.561979 0.403125 0.581771 0.485764 480.000000 640.000000
