1 0.627511 0.506805 0.604632 0.445613 0.650391 0.567998 480.000000 640.000000
2 0.587477 0.489457 0.573606 0.444440 0.601348 0.534474 480.000000 640.000000
3 0.157702 0.483869 0.144157 0.425806 0.171247 0.541931 480.000000 640.000000
4 0.605218 0.604304 0.578386 0.516815 0.632050 0.691793 480.000000 640.000000
5 0.713458 0.460017 0.689944 0.394323 0.736972 0.525712 480.000000 640.000000
7 0.902498 0.564100 0.877506 0.470284 0.927491 0.657915 480.000000 640.000000
10 0.903973 0.532815 0.881931 0.470804 0.926015 0.594827 480.000000 640.000000
11 0.801264 0.495023 0.777722 0.434025 0.824806 0.556021 480.000000 640.000000
14 0.973824 0.519636 0.959415 0.461022 0.988233 0.578250 480.000000 640.000000
16 0.917125 0.597220 0.905360 0.533517 0.928890 0.660923 480.000000 640.000000
21 0.706807 0.476720 0.675407 0.390619 0.738207 0.562821 480.000000 640.000000
22 0.441908 0.623159 0.414986 0.551743 0.468830 0.694575 480.000000 640.000000
23 0.419793 0.504891 0.399611 0.451140 0.439974 0.558641 480.000000 640.000000
27 0.157813 0.463194 0.144792 0.425694 0.170833 0.500694 480.000000 640.000000
28 0.579167 0.554861 0.560937 0.493750 0.597396 0.615972 480.000000 640.000000
