1 0.530853 0.505630 0.512609 0.442889 0.549097 0.568371 480.000000 640.000000
3 0.080371 0.506645 0.063036 0.455090 0.097706 0.558200 480.000000 640.000000
4 0.707832 0.613441 0.678623 0.533821 0.737041 0.693062 480.000000 640.000000
11 0.723243 0.487481 0.701044 0.412476 0.745442 0.562485 480.000000 640.000000
22 0.548582 0.625089 0.519838 0.553623 0.577326 0.696556 480.000000 640.000000
5 0.632433 0.457511 0.614847 0.399304 0.650018 0.515719 480.000000 640.000000
30 0.492285 0.554032 0.469113 0.491336 0.515457 0.616727 480.000000 640.000000
42 0.878445 0.518792 0.861816 0.465530 0.895073 0.572055 480.000000 640.000000
35 0.602323 0.501110 0.588922 0.442536 0.615724 0.559683 480.000000 640.000000
46 0.969415 0.562414 0.940175 0.467355 0.998655 0.657473 480.000000 640.000000
47 0.669794 0.578557 0.656813 0.518640 0.682775 0.638475 480.000000 640.000000
48 0.712956 0.469194 0.700831 0.411431 0.725082 0.526958 480.000000 640.000000
23 0.504620 0.523686 0.483631 0.454712 0.525610 0.592661 480.000000 640.000000
52 0.653646 0.553819 0.637500 0.490278 0.669792 0.617361 480.000000 640.000000
10 0.969480 0.535659 0.946482 0.471822 0.992478 0.599496 480.000000 640.000000
