1 0.639382 0.505860 0.622443 0.443418 0.656320 0.568303 480.000000 640.000000
2 0.606006 0.505064 0.589916 0.450150 0.622096 0.559979 480.000000 640.000000
3 0.173234 0.490063 0.150977 0.425917 0.195490 0.554210 480.000000 640.000000
4 0.580076 0.599156 0.550253 0.520159 0.609899 0.678154 480.000000 640.000000
5 0.725545 0.463663 0.710156 0.392011 0.740933 0.535314 480.000000 640.000000
7 0.886888 0.563166 0.855081 0.472761 0.918695 0.653572 480.000000 640.000000
8 0.410443 0.555988 0.384399 0.450604 0.436487 0.661371 480.000000 640.000000
10 0.890933 0.540152 0.868421 0.471491 0.913445 0.608814 480.000000 640.000000
11 0.814764 0.494659 0.789902 0.429876 0.839626 0.559442 480.000000 640.000000
13 0.564918 0.529341 0.549036 0.494450 0.580800 0.564233 480.000000 640.000000
14 0.981974 0.521145 0.963942 0.464784 1.000006 0.577505 480.000000 640.000000
16 0.900738 0.598011 0.872711 0.533585 0.928765 0.662436 480.000000 640.000000
21 0.711979 0.503819 0.697917 0.445139 0.726042 0.562500 480.000000 640.000000
