1 0.659906 0.508083 0.639497 0.446015 0.680315 0.570152 480.000000 640.000000
2 0.621789 0.497529 0.605380 0.433315 0.638199 0.561742 480.000000 640.000000
3 0.183129 0.490925 0.162724 0.423528 0.203534 0.558321 480.000000 640.000000
4 0.564153 0.607693 0.533146 0.522115 0.595160 0.693270 480.000000 640.000000
5 0.735732 0.480538 0.710411 0.396844 0.761053 0.564233 480.000000 640.000000
6 0.394134 0.518117 0.363595 0.449645 0.424672 0.586588 480.000000 640.000000
7 0.877227 0.562151 0.849414 0.468168 0.905039 0.656133 480.000000 640.000000
8 0.402815 0.515288 0.381374 0.451005 0.424256 0.579571 480.000000 640.000000
10 0.878336 0.542006 0.854899 0.468000 0.901773 0.616012 480.000000 640.000000
11 0.831193 0.493355 0.810190 0.427201 0.852196 0.559508 480.000000 640.000000
13 0.547789 0.553814 0.529526 0.494966 0.566052 0.612663 480.000000 640.000000
14 0.994271 0.538194 0.988542 0.501736 1.000000 0.574653 480.000000 640.000000
15 0.823438 0.479861 0.795312 0.400694 0.851562 0.559028 480.000000 640.000000
