3 0.031462 0.493380 0.009436 0.431022 0.053487 0.555739 480.000000 640.000000
22 0.614326 0.628096 0.591096 0.555693 0.637555 0.700499 480.000000 640.000000
42 0.814948 0.518234 0.789568 0.462308 0.840328 0.574161 480.000000 640.000000
55 0.771699 0.608727 0.745841 0.534780 0.797557 0.682674 480.000000 640.000000
30 0.571180 0.525575 0.544223 0.449740 0.598138 0.601409 480.000000 640.000000
47 0.715465 0.580128 0.688560 0.520049 0.742369 0.640208 480.000000 640.000000
54 0.430043 0.486826 0.407262 0.425364 0.452824 0.548289 480.000000 640.000000
1 0.461888 0.508226 0.437614 0.445430 0.486163 0.571022 480.000000 640.000000
60 0.531858 0.500537 0.519221 0.442125 0.544495 0.558949 480.000000 640.000000
62 0.988542 0.569097 0.977083 0.492361 1.000000 0.645833 480.000000 640.000000
