22 0.804531 0.626719 0.774848 0.557031 0.834213 0.696408 480.000000 640.000000
47 0.859737 0.576325 0.844255 0.517257 0.875220 0.635394 480.000000 640.000000
1 0.287595 0.509953 0.259442 0.448143 0.315748 0.571764 480.000000 640.000000
60 0.349854 0.494921 0.327574 0.439223 0.372133 0.550620 480.000000 640.000000
5 0.413236 0.464906 0.393350 0.399895 0.433123 0.529917 480.000000 640.000000
63 0.533309 0.494361 0.513854 0.422184 0.552765 0.566538 480.000000 640.000000
42 0.638219 0.515664 0.625649 0.459940 0.650789 0.571388 480.000000 640.000000
81 0.841406 0.552461 0.821776 0.494999 0.861037 0.609923 480.000000 640.000000
69 0.711301 0.524776 0.688045 0.464882 0.734557 0.584670 480.000000 640.000000
82 0.256181 0.498892 0.239444 0.453139 0.272917 0.544645 480.000000 640.000000
55 0.963361 0.610704 0.939086 0.532629 0.987636 0.688779 480.000000 640.000000
