47 0.946009 0.574640 0.930324 0.515573 0.961695 0.633707 480.000000 640.000000
1 0.182545 0.507217 0.166898 0.442401 0.198192 0.572033 480.000000 640.000000
60 0.243969 0.490860 0.226852 0.435481 0.261087 0.546240 480.000000 640.000000
5 0.324707 0.466985 0.303271 0.400667 0.346144 0.533304 480.000000 640.000000
63 0.449241 0.495819 0.424897 0.425123 0.473584 0.566515 480.000000 640.000000
42 0.537892 0.526399 0.513127 0.469814 0.562658 0.582985 480.000000 640.000000
69 0.800737 0.541637 0.775231 0.465496 0.826243 0.617777 480.000000 640.000000
54 0.149229 0.488572 0.128439 0.426876 0.170020 0.550268 480.000000 640.000000
91 0.039319 0.608711 0.018616 0.542475 0.060021 0.674947 480.000000 640.000000
92 0.929302 0.532040 0.911558 0.495614 0.947047 0.568467 480.000000 640.000000
