1 0.539937 0.506974 0.515281 0.446026 0.564593 0.567922 480.000000 640.000000
2 0.500720 0.511623 0.484629 0.446526 0.516811 0.576720 480.000000 640.000000
3 0.092064 0.492194 0.074409 0.427473 0.109719 0.556915 480.000000 640.000000
4 0.696460 0.612750 0.676225 0.533135 0.716694 0.692365 480.000000 640.000000
10 0.963245 0.530852 0.939416 0.470684 0.987075 0.591020 480.000000 640.000000
11 0.734882 0.494705 0.712753 0.425869 0.757011 0.563541 480.000000 640.000000
22 0.539929 0.624853 0.519101 0.554590 0.560756 0.695116 480.000000 640.000000
5 0.638420 0.452722 0.626170 0.400473 0.650670 0.504972 480.000000 640.000000
30 0.485840 0.556324 0.463739 0.495602 0.507940 0.617046 480.000000 640.000000
42 0.887846 0.516739 0.873944 0.459893 0.901748 0.573586 480.000000 640.000000
7 0.963216 0.508112 0.940346 0.470759 0.986085 0.545466 480.000000 640.000000
35 0.609455 0.501761 0.592249 0.443369 0.626660 0.560152 480.000000 640.000000
46 0.961919 0.574297 0.923899 0.490025 0.999939 0.658569 480.000000 640.000000
47 0.657486 0.578991 0.638674 0.518923 0.676299 0.639059 480.000000 640.000000
48 0.721654 0.474548 0.708753 0.413552 0.734556 0.535544 480.000000 640.000000
51 0.504948 0.515972 0.492708 0.448611 0.517188 0.583333 480.000000 640.000000
