1 0.541406 0.507317 0.515255 0.446100 0.567557 0.568535 480.000000 640.000000
2 0.507610 0.491597 0.488953 0.431425 0.526267 0.551768 480.000000 640.000000
3 0.097823 0.493407 0.077739 0.430425 0.117907 0.556389 480.000000 640.000000
4 0.686325 0.612353 0.667444 0.535171 0.705206 0.689535 480.000000 640.000000
10 0.959474 0.517394 0.935738 0.469408 0.983211 0.565380 480.000000 640.000000
11 0.739490 0.501105 0.716084 0.439247 0.762895 0.562962 480.000000 640.000000
22 0.533592 0.630799 0.517865 0.567788 0.549318 0.693811 480.000000 640.000000
23 0.488142 0.516825 0.470560 0.463898 0.505724 0.569752 480.000000 640.000000
5 0.643315 0.462182 0.630903 0.399452 0.655728 0.524913 480.000000 640.000000
30 0.480795 0.550863 0.462243 0.484590 0.499347 0.617135 480.000000 640.000000
42 0.891973 0.517518 0.873802 0.463847 0.910144 0.571188 480.000000 640.000000
7 0.959385 0.541616 0.935546 0.469675 0.983224 0.613557 480.000000 640.000000
35 0.611627 0.500885 0.594461 0.442603 0.628792 0.559166 480.000000 640.000000
46 0.970407 0.592904 0.942911 0.528021 0.997902 0.657788 480.000000 640.000000
47 0.650752 0.579865 0.629428 0.521571 0.672076 0.638159 480.000000 640.000000
48 0.724787 0.475116 0.711135 0.415222 0.738438 0.535010 480.000000 640.000000
16 0.936099 0.596245 0.919309 0.544319 0.952890 0.648171 480.000000 640.000000
