22 0.762918 0.624252 0.734968 0.552491 0.790868 0.696014 480.000000 640.000000
47 0.826428 0.577272 0.812873 0.517247 0.839983 0.637296 480.000000 640.000000
54 0.299442 0.483373 0.278358 0.419567 0.320526 0.547179 480.000000 640.000000
1 0.332500 0.509710 0.304408 0.448726 0.360592 0.570694 480.000000 640.000000
60 0.396446 0.497712 0.376360 0.441328 0.416531 0.554097 480.000000 640.000000
5 0.452338 0.463469 0.429115 0.400477 0.475561 0.526461 480.000000 640.000000
63 0.566097 0.494449 0.545460 0.421496 0.586735 0.567401 480.000000 640.000000
78 0.806020 0.555645 0.786044 0.494592 0.825996 0.616697 480.000000 640.000000
55 0.915895 0.612023 0.890784 0.532909 0.941005 0.691136 480.000000 640.000000
69 0.675437 0.538881 0.652314 0.465062 0.698559 0.612700 480.000000 640.000000
