47 0.956060 0.578698 0.933420 0.516777 0.978701 0.640620 480.000000 640.000000
1 0.172139 0.507433 0.150691 0.443552 0.193587 0.571314 480.000000 640.000000
60 0.234274 0.489151 0.210429 0.433345 0.258119 0.544957 480.000000 640.000000
5 0.317725 0.468382 0.290045 0.402867 0.345405 0.533897 480.000000 640.000000
63 0.445990 0.496043 0.422372 0.425514 0.469607 0.566573 480.000000 640.000000
42 0.530743 0.526072 0.513555 0.470780 0.547930 0.581363 480.000000 640.000000
69 0.807983 0.535620 0.781517 0.460943 0.834449 0.610298 480.000000 640.000000
54 0.138792 0.490398 0.115372 0.429087 0.162212 0.551710 480.000000 640.000000
91 0.049895 0.611598 0.027093 0.549945 0.072696 0.673251 480.000000 640.000000
92 0.935578 0.554794 0.917460 0.495181 0.953696 0.614406 480.000000 640.000000
