22 0.844980 0.623178 0.818770 0.552415 0.871189 0.693941 480.000000 640.000000
47 0.888007 0.580661 0.864433 0.520443 0.911582 0.640879 480.000000 640.000000
1 0.250069 0.509335 0.223226 0.446585 0.276913 0.572084 480.000000 640.000000
60 0.313353 0.493386 0.290383 0.437844 0.336322 0.548928 480.000000 640.000000
5 0.390187 0.465867 0.374039 0.400542 0.406335 0.531191 480.000000 640.000000
63 0.508680 0.499622 0.492946 0.433616 0.524415 0.565628 480.000000 640.000000
42 0.605581 0.517227 0.591880 0.463156 0.619282 0.571298 480.000000 640.000000
69 0.740996 0.520025 0.718532 0.462723 0.763460 0.577327 480.000000 640.000000
54 0.218720 0.482567 0.194707 0.417061 0.242733 0.548073 480.000000 640.000000
66 0.983533 0.612437 0.966468 0.537099 1.000598 0.687776 480.000000 640.000000
81 0.871837 0.557118 0.854842 0.495349 0.888833 0.618887 480.000000 640.000000
87 0.492969 0.482292 0.483073 0.422222 0.502865 0.542361 480.000000 640.000000
