1 0.538134 0.506834 0.515548 0.445326 0.560720 0.568342 480.000000 640.000000
2 0.498974 0.515971 0.480550 0.450565 0.517399 0.581376 480.000000 640.000000
3 0.087560 0.492414 0.071392 0.427719 0.103728 0.557109 480.000000 640.000000
4 0.700053 0.612771 0.677097 0.533296 0.723010 0.692247 480.000000 640.000000
10 0.965568 0.531108 0.942319 0.470938 0.988817 0.591278 480.000000 640.000000
11 0.731709 0.491596 0.710061 0.418859 0.753358 0.564332 480.000000 640.000000
22 0.543714 0.624506 0.519818 0.553124 0.567609 0.695888 480.000000 640.000000
5 0.635317 0.452148 0.621130 0.400322 0.649503 0.503973 480.000000 640.000000
30 0.486731 0.557659 0.463622 0.498403 0.509840 0.616914 480.000000 640.000000
42 0.884814 0.517138 0.871407 0.460939 0.898222 0.573336 480.000000 640.000000
7 0.965200 0.504918 0.942760 0.470900 0.987640 0.538937 480.000000 640.000000
35 0.607825 0.501223 0.593370 0.442688 0.622281 0.559759 480.000000 640.000000
46 0.965797 0.566112 0.932965 0.474728 0.998629 0.657497 480.000000 640.000000
47 0.661187 0.578150 0.643917 0.518006 0.678456 0.638295 480.000000 640.000000
48 0.720045 0.474091 0.708012 0.412942 0.732079 0.535240 480.000000 640.000000
51 0.505798 0.517167 0.491677 0.452569 0.519919 0.581765 480.000000 640.000000
