1 0.578137 0.506510 0.555477 0.444792 0.600797 0.568228 480.000000 640.000000
2 0.546607 0.496204 0.524276 0.434093 0.568938 0.558316 480.000000 640.000000
3 0.128879 0.483233 0.109866 0.426403 0.147893 0.540063 480.000000 640.000000
4 0.645880 0.612516 0.623043 0.534433 0.668717 0.690599 480.000000 640.000000
7 0.936253 0.564217 0.907193 0.466119 0.965313 0.662315 480.000000 640.000000
10 0.932354 0.537050 0.907758 0.466254 0.956951 0.607846 480.000000 640.000000
11 0.773716 0.487749 0.749376 0.414173 0.798057 0.561325 480.000000 640.000000
22 0.486060 0.622548 0.467651 0.549849 0.504469 0.695246 480.000000 640.000000
23 0.462526 0.513916 0.450562 0.451829 0.474489 0.576003 480.000000 640.000000
5 0.679464 0.458481 0.663864 0.400152 0.695064 0.516811 480.000000 640.000000
35 0.656520 0.494009 0.643114 0.446529 0.669925 0.541489 480.000000 640.000000
30 0.444502 0.555879 0.423406 0.494068 0.465598 0.617690 480.000000 640.000000
