1 0.643062 0.505471 0.628165 0.443215 0.657959 0.567726 480.000000 640.000000
2 0.607146 0.500704 0.590809 0.441543 0.623483 0.559864 480.000000 640.000000
3 0.174421 0.487644 0.152495 0.425446 0.196346 0.549843 480.000000 640.000000
4 0.579291 0.598543 0.549724 0.523493 0.608857 0.673592 480.000000 640.000000
5 0.723389 0.476800 0.705754 0.391679 0.741025 0.561922 480.000000 640.000000
7 0.893274 0.563784 0.864093 0.471904 0.922454 0.655664 480.000000 640.000000
8 0.406295 0.514803 0.381707 0.448946 0.430884 0.580661 480.000000 640.000000
10 0.888195 0.534260 0.866007 0.471159 0.910383 0.597360 480.000000 640.000000
11 0.817745 0.491176 0.793302 0.422950 0.842188 0.559403 480.000000 640.000000
13 0.562206 0.531875 0.546635 0.494470 0.577777 0.569279 480.000000 640.000000
14 0.983745 0.520501 0.967467 0.463890 1.000022 0.577111 480.000000 640.000000
16 0.897810 0.596505 0.868054 0.530748 0.927567 0.662263 480.000000 640.000000
19 0.413661 0.622042 0.393344 0.552053 0.433979 0.692031 480.000000 640.000000
