22 0.700861 0.628584 0.674017 0.558385 0.727706 0.698783 480.000000 640.000000
55 0.854712 0.612943 0.820740 0.534155 0.888684 0.691731 480.000000 640.000000
47 0.785031 0.576050 0.769773 0.516449 0.800289 0.635651 480.000000 640.000000
54 0.348702 0.480610 0.325684 0.418293 0.371719 0.542926 480.000000 640.000000
1 0.381213 0.507047 0.358797 0.444828 0.403630 0.569265 480.000000 640.000000
60 0.453903 0.498823 0.436535 0.441412 0.471272 0.556234 480.000000 640.000000
5 0.498330 0.463825 0.477260 0.399352 0.519401 0.528298 480.000000 640.000000
63 0.609913 0.496289 0.589515 0.426956 0.630311 0.565621 480.000000 640.000000
69 0.626614 0.541616 0.600630 0.476397 0.652598 0.606835 480.000000 640.000000
42 0.737300 0.514909 0.721541 0.461491 0.753059 0.568327 480.000000 640.000000
70 0.767333 0.549232 0.746963 0.487015 0.787704 0.611449 480.000000 640.000000
