22 0.893884 0.616396 0.870580 0.544513 0.917187 0.688279 480.000000 640.000000
47 0.928117 0.578257 0.905540 0.520542 0.950694 0.635973 480.000000 640.000000
1 0.205709 0.509300 0.177021 0.447854 0.234397 0.570746 480.000000 640.000000
60 0.271126 0.490159 0.247334 0.433075 0.294918 0.547244 480.000000 640.000000
5 0.353375 0.466156 0.330315 0.399843 0.376436 0.532469 480.000000 640.000000
63 0.468378 0.492123 0.448039 0.427160 0.488717 0.557086 480.000000 640.000000
42 0.560727 0.523136 0.546859 0.466034 0.574595 0.580238 480.000000 640.000000
69 0.775565 0.537966 0.752527 0.465970 0.798604 0.609962 480.000000 640.000000
54 0.174374 0.487148 0.155075 0.426775 0.193674 0.547522 480.000000 640.000000
91 0.021743 0.600764 0.000004 0.527293 0.043482 0.674236 480.000000 640.000000
