1 0.567285 0.504932 0.550639 0.442834 0.583931 0.567030 480.000000 640.000000
2 0.534475 0.504719 0.519672 0.451801 0.549277 0.557636 480.000000 640.000000
3 0.110686 0.491504 0.089765 0.425528 0.131607 0.557481 480.000000 640.000000
4 0.664394 0.612996 0.633770 0.533528 0.695019 0.692465 480.000000 640.000000
10 0.943551 0.528409 0.919967 0.466981 0.967134 0.589837 480.000000 640.000000
11 0.758903 0.495573 0.741745 0.431034 0.776060 0.560112 480.000000 640.000000
22 0.501307 0.625769 0.470179 0.554017 0.532434 0.697521 480.000000 640.000000
23 0.480400 0.518961 0.465207 0.453891 0.495594 0.584030 480.000000 640.000000
5 0.666636 0.457325 0.649088 0.406607 0.684184 0.508043 480.000000 640.000000
30 0.456298 0.548338 0.432117 0.479131 0.480479 0.617545 480.000000 640.000000
38 0.635250 0.567818 0.618441 0.498091 0.652060 0.637546 480.000000 640.000000
41 0.739063 0.473958 0.720833 0.411458 0.757292 0.536458 480.000000 640.000000
42 0.910938 0.515972 0.893229 0.463889 0.928646 0.568056 480.000000 640.000000
7 0.942346 0.561125 0.916260 0.466924 0.968433 0.655325 480.000000 640.000000
