3 0.070904 0.493975 0.046869 0.430425 0.094939 0.557525 480.000000 640.000000
22 0.560792 0.622912 0.531734 0.547493 0.589850 0.698331 480.000000 640.000000
5 0.617297 0.464342 0.592261 0.404015 0.642333 0.524669 480.000000 640.000000
42 0.867449 0.520492 0.844353 0.468214 0.890544 0.572770 480.000000 640.000000
35 0.585878 0.502128 0.564828 0.445667 0.606928 0.558589 480.000000 640.000000
52 0.667996 0.564271 0.642070 0.495565 0.693922 0.632977 480.000000 640.000000
10 0.979001 0.528444 0.957915 0.472024 1.000086 0.584864 480.000000 640.000000
54 0.478735 0.488714 0.456979 0.425239 0.500490 0.552188 480.000000 640.000000
23 0.517949 0.520185 0.499311 0.441912 0.536587 0.598458 480.000000 640.000000
55 0.713581 0.612549 0.685969 0.535873 0.741193 0.689225 480.000000 640.000000
