22 0.788371 0.622276 0.768403 0.552307 0.808339 0.692246 480.000000 640.000000
47 0.843050 0.579451 0.816385 0.520295 0.869715 0.638608 480.000000 640.000000
54 0.274714 0.498322 0.255524 0.452464 0.293904 0.544181 480.000000 640.000000
1 0.307679 0.506000 0.292151 0.443087 0.323207 0.568912 480.000000 640.000000
60 0.374823 0.499499 0.358096 0.444061 0.391550 0.554937 480.000000 640.000000
5 0.437004 0.464311 0.416138 0.398984 0.457870 0.529637 480.000000 640.000000
63 0.547566 0.492583 0.520832 0.418350 0.574300 0.566816 480.000000 640.000000
55 0.942494 0.613127 0.913466 0.534708 0.971522 0.691546 480.000000 640.000000
69 0.690157 0.538024 0.662566 0.456719 0.717748 0.619330 480.000000 640.000000
66 0.932846 0.605932 0.908529 0.534335 0.957163 0.677529 480.000000 640.000000
42 0.655290 0.515748 0.634130 0.462452 0.676450 0.569043 480.000000 640.000000
81 0.826042 0.553472 0.811458 0.497917 0.840625 0.609028 480.000000 640.000000
