22 0.887270 0.613232 0.869665 0.547268 0.904876 0.679196 480.000000 640.000000
47 0.920435 0.578802 0.897285 0.520510 0.943586 0.637094 480.000000 640.000000
1 0.216884 0.507374 0.197042 0.444981 0.236725 0.569768 480.000000 640.000000
60 0.282018 0.490436 0.267117 0.434314 0.296920 0.546557 480.000000 640.000000
5 0.359643 0.466842 0.331756 0.403699 0.387531 0.529986 480.000000 640.000000
63 0.479648 0.497859 0.454301 0.429755 0.504994 0.565962 480.000000 640.000000
42 0.573736 0.521975 0.548852 0.466002 0.598620 0.577948 480.000000 640.000000
69 0.769530 0.539112 0.742198 0.466469 0.796863 0.611755 480.000000 640.000000
54 0.184611 0.491985 0.162465 0.437898 0.206757 0.546072 480.000000 640.000000
91 0.015210 0.599879 -0.000170 0.525969 0.030590 0.673788 480.000000 640.000000
