1 0.577746 0.506859 0.552385 0.444704 0.603106 0.569014 480.000000 640.000000
2 0.543286 0.494424 0.523506 0.431807 0.563066 0.557041 480.000000 640.000000
3 0.123036 0.489241 0.106270 0.422114 0.139802 0.556368 480.000000 640.000000
4 0.654925 0.600404 0.630083 0.509271 0.679768 0.691536 480.000000 640.000000
7 0.938310 0.560457 0.912771 0.461820 0.963849 0.659094 480.000000 640.000000
10 0.936507 0.529211 0.912864 0.461999 0.960149 0.596423 480.000000 640.000000
11 0.767706 0.489014 0.744574 0.418047 0.790837 0.559981 480.000000 640.000000
22 0.490329 0.623369 0.467774 0.551338 0.512884 0.695400 480.000000 640.000000
23 0.461237 0.520082 0.440416 0.457195 0.482058 0.582969 480.000000 640.000000
5 0.675419 0.458121 0.657993 0.400144 0.692844 0.516098 480.000000 640.000000
30 0.449300 0.544948 0.424055 0.473181 0.474545 0.616715 480.000000 640.000000
38 0.627107 0.576601 0.611682 0.515974 0.642532 0.637228 480.000000 640.000000
39 0.613021 0.549653 0.596875 0.488542 0.629167 0.610764 480.000000 640.000000
