22 0.765074 0.624213 0.740437 0.551915 0.789711 0.696511 480.000000 640.000000
47 0.827685 0.576862 0.812484 0.517224 0.842886 0.636501 480.000000 640.000000
54 0.299813 0.483659 0.278469 0.418650 0.321158 0.548669 480.000000 640.000000
1 0.330318 0.510015 0.302574 0.448763 0.358061 0.571267 480.000000 640.000000
60 0.392085 0.497359 0.369746 0.441489 0.414423 0.553229 480.000000 640.000000
5 0.450092 0.463083 0.424970 0.400407 0.475214 0.525760 480.000000 640.000000
63 0.562874 0.497625 0.540380 0.427412 0.585368 0.567837 480.000000 640.000000
78 0.812898 0.567041 0.788981 0.503775 0.836815 0.630307 480.000000 640.000000
55 0.921084 0.610657 0.897308 0.529488 0.944861 0.691825 480.000000 640.000000
69 0.676175 0.532138 0.654666 0.461114 0.697684 0.603162 480.000000 640.000000
77 0.674429 0.498044 0.656073 0.460300 0.692784 0.535787 480.000000 640.000000
