22 0.796098 0.624474 0.769449 0.555823 0.822746 0.693126 480.000000 640.000000
47 0.853191 0.576712 0.836287 0.518548 0.870095 0.634876 480.000000 640.000000
54 0.261520 0.481154 0.239564 0.418679 0.283476 0.543628 480.000000 640.000000
1 0.292645 0.507873 0.266442 0.445495 0.318848 0.570250 480.000000 640.000000
60 0.361690 0.496817 0.346435 0.443393 0.376945 0.550240 480.000000 640.000000
5 0.424696 0.463811 0.412957 0.398967 0.436435 0.528656 480.000000 640.000000
63 0.538665 0.493645 0.520271 0.422035 0.557060 0.565255 480.000000 640.000000
42 0.646298 0.515246 0.627294 0.459145 0.665302 0.571346 480.000000 640.000000
81 0.835584 0.553420 0.818891 0.496195 0.852276 0.610644 480.000000 640.000000
69 0.704636 0.522758 0.680605 0.459885 0.728666 0.585630 480.000000 640.000000
66 0.949133 0.610740 0.916137 0.536435 0.982129 0.685045 480.000000 640.000000
