1 0.619883 0.502086 0.600355 0.444137 0.639411 0.560034 480.000000 640.000000
2 0.582112 0.492883 0.567143 0.439970 0.597081 0.545795 480.000000 640.000000
3 0.149707 0.491101 0.131500 0.425340 0.167915 0.556862 480.000000 640.000000
4 0.612248 0.604699 0.583237 0.516476 0.641259 0.692922 480.000000 640.000000
5 0.710778 0.454916 0.692283 0.393512 0.729273 0.516320 480.000000 640.000000
7 0.906948 0.563723 0.883632 0.469430 0.930264 0.658016 480.000000 640.000000
10 0.907361 0.528609 0.885718 0.469356 0.929004 0.587862 480.000000 640.000000
11 0.793077 0.495920 0.769280 0.432981 0.816875 0.558859 480.000000 640.000000
14 0.968408 0.519313 0.953922 0.460127 0.982894 0.578500 480.000000 640.000000
16 0.913483 0.596761 0.895467 0.532280 0.931500 0.661241 480.000000 640.000000
21 0.708168 0.476047 0.684979 0.389851 0.731357 0.562242 480.000000 640.000000
22 0.447558 0.624836 0.416063 0.554660 0.479053 0.695011 480.000000 640.000000
23 0.426761 0.506784 0.406586 0.451255 0.446935 0.562313 480.000000 640.000000
30 0.414076 0.552495 0.388034 0.488478 0.440118 0.616512 480.000000 640.000000
31 0.686979 0.502778 0.671875 0.448264 0.702083 0.557292 480.000000 640.000000
32 0.435938 0.505903 0.425260 0.452083 0.446615 0.559722 480.000000 640.000000
