22 0.836847 0.620595 0.820031 0.551437 0.853662 0.689753 480.000000 640.000000
47 0.880831 0.580357 0.852901 0.520270 0.908760 0.640443 480.000000 640.000000
1 0.263650 0.507765 0.246162 0.444095 0.281138 0.571435 480.000000 640.000000
60 0.331132 0.491786 0.315487 0.436319 0.346776 0.547254 480.000000 640.000000
5 0.400441 0.467473 0.374514 0.403939 0.426368 0.531007 480.000000 640.000000
63 0.517667 0.500915 0.494720 0.433755 0.540615 0.568076 480.000000 640.000000
42 0.619165 0.520309 0.594142 0.465425 0.644187 0.575193 480.000000 640.000000
69 0.729614 0.541658 0.705258 0.465445 0.753970 0.617870 480.000000 640.000000
54 0.231127 0.481344 0.209990 0.417868 0.252264 0.544819 480.000000 640.000000
85 0.729932 0.504793 0.708015 0.462832 0.751849 0.546753 480.000000 640.000000
66 0.978180 0.602312 0.955820 0.534633 1.000540 0.669991 480.000000 640.000000
