3 0.025364 0.493875 0.006005 0.433778 0.044724 0.553971 480.000000 640.000000
22 0.632937 0.626591 0.618245 0.553541 0.647628 0.699642 480.000000 640.000000
42 0.803517 0.510289 0.790740 0.457679 0.816295 0.562898 480.000000 640.000000
55 0.784752 0.610609 0.764613 0.531651 0.804892 0.689567 480.000000 640.000000
47 0.726012 0.581016 0.700929 0.521861 0.751094 0.640172 480.000000 640.000000
54 0.422234 0.482213 0.404439 0.415709 0.440029 0.548717 480.000000 640.000000
1 0.455549 0.508177 0.428659 0.445936 0.482440 0.570418 480.000000 640.000000
60 0.523909 0.499053 0.511214 0.440657 0.536605 0.557449 480.000000 640.000000
63 0.657125 0.477094 0.635983 0.414552 0.678268 0.539636 480.000000 640.000000
5 0.560427 0.444153 0.549734 0.399610 0.571119 0.488697 480.000000 640.000000
51 0.563729 0.550718 0.541070 0.483128 0.586387 0.618308 480.000000 640.000000
