3 0.053872 0.502911 0.036364 0.453267 0.071381 0.552555 480.000000 640.000000
22 0.587736 0.623719 0.568593 0.551095 0.606879 0.696344 480.000000 640.000000
5 0.592654 0.460751 0.577229 0.397221 0.608079 0.524282 480.000000 640.000000
42 0.839624 0.515004 0.824017 0.457647 0.855230 0.572361 480.000000 640.000000
35 0.559829 0.498114 0.547658 0.440910 0.572001 0.555317 480.000000 640.000000
10 0.986494 0.534021 0.972788 0.468396 1.000200 0.599646 480.000000 640.000000
23 0.491927 0.507018 0.468734 0.446130 0.515120 0.567907 480.000000 640.000000
55 0.748613 0.610069 0.725265 0.528890 0.771961 0.691248 480.000000 640.000000
46 0.985025 0.561156 0.969908 0.468374 1.000141 0.653937 480.000000 640.000000
30 0.525665 0.556341 0.501335 0.493935 0.549995 0.618746 480.000000 640.000000
51 0.537935 0.523163 0.518555 0.460818 0.557315 0.585509 480.000000 640.000000
47 0.695782 0.580170 0.674931 0.521252 0.716633 0.639089 480.000000 640.000000
54 0.460678 0.489218 0.444473 0.427081 0.476883 0.551354 480.000000 640.000000
