22 0.816352 0.622716 0.793604 0.554735 0.839100 0.690697 480.000000 640.000000
47 0.868716 0.577543 0.851122 0.517284 0.886309 0.637802 480.000000 640.000000
1 0.280289 0.509010 0.259434 0.445386 0.301145 0.572635 480.000000 640.000000
60 0.344287 0.494968 0.320548 0.438404 0.368025 0.551532 480.000000 640.000000
5 0.406370 0.465854 0.379484 0.401882 0.433256 0.529825 480.000000 640.000000
63 0.524734 0.500128 0.502922 0.432704 0.546546 0.567551 480.000000 640.000000
42 0.629415 0.516143 0.610711 0.459651 0.648118 0.572635 480.000000 640.000000
81 0.852297 0.560226 0.833208 0.493956 0.871385 0.626497 480.000000 640.000000
69 0.718972 0.536050 0.694090 0.468925 0.743853 0.603175 480.000000 640.000000
55 0.974710 0.609351 0.953516 0.531445 0.995904 0.687257 480.000000 640.000000
54 0.249350 0.482509 0.235944 0.421530 0.262756 0.543489 480.000000 640.000000
