47 0.942507 0.574232 0.926583 0.515716 0.958430 0.632747 480.000000 640.000000
1 0.185170 0.507318 0.169719 0.442985 0.200622 0.571651 480.000000 640.000000
60 0.247863 0.490759 0.233395 0.435577 0.262331 0.545941 480.000000 640.000000
5 0.327235 0.467337 0.307719 0.401810 0.346752 0.532865 480.000000 640.000000
63 0.451438 0.498896 0.428993 0.431849 0.473883 0.565943 480.000000 640.000000
42 0.540178 0.525460 0.515460 0.468828 0.564896 0.582092 480.000000 640.000000
69 0.797538 0.539386 0.772207 0.461405 0.822868 0.617368 480.000000 640.000000
54 0.153518 0.487873 0.136037 0.425756 0.171000 0.549990 480.000000 640.000000
91 0.037080 0.600712 0.016570 0.526455 0.057591 0.674968 480.000000 640.000000
92 0.927165 0.531622 0.909373 0.495873 0.944957 0.567370 480.000000 640.000000
