22 0.835215 0.618568 0.818589 0.551186 0.851842 0.685951 480.000000 640.000000
47 0.879327 0.579157 0.851704 0.519730 0.906950 0.638584 480.000000 640.000000
1 0.266694 0.507521 0.249478 0.443700 0.283910 0.571341 480.000000 640.000000
60 0.333928 0.492499 0.318007 0.437218 0.349848 0.547780 480.000000 640.000000
5 0.401626 0.468086 0.373378 0.404511 0.429874 0.531660 480.000000 640.000000
63 0.519197 0.503412 0.495894 0.438902 0.542501 0.567923 480.000000 640.000000
42 0.621013 0.520197 0.595196 0.465259 0.646829 0.575134 480.000000 640.000000
69 0.727989 0.540405 0.702896 0.464119 0.753082 0.616691 480.000000 640.000000
54 0.235187 0.482056 0.217099 0.418200 0.253274 0.545911 480.000000 640.000000
85 0.727287 0.500806 0.705267 0.457891 0.749308 0.543722 480.000000 640.000000
66 0.977431 0.604240 0.954576 0.535024 1.000286 0.673456 480.000000 640.000000
