22 0.684390 0.624269 0.669141 0.551051 0.699638 0.697487 480.000000 640.000000
55 0.836681 0.607048 0.816337 0.529631 0.857024 0.684466 480.000000 640.000000
47 0.763339 0.577882 0.736774 0.517348 0.789904 0.638416 480.000000 640.000000
54 0.374488 0.483502 0.354342 0.417686 0.394635 0.549318 480.000000 640.000000
1 0.406219 0.509773 0.379139 0.447540 0.433300 0.572007 480.000000 640.000000
60 0.473807 0.498697 0.455120 0.440566 0.492494 0.556827 480.000000 640.000000
5 0.523886 0.462431 0.503202 0.398785 0.544570 0.526077 480.000000 640.000000
63 0.624471 0.477210 0.605323 0.424020 0.643619 0.530401 480.000000 640.000000
69 0.603579 0.557239 0.580219 0.492282 0.626939 0.622195 480.000000 640.000000
42 0.754200 0.514682 0.736091 0.461332 0.772309 0.568031 480.000000 640.000000
