3 0.067004 0.494167 0.043839 0.430745 0.090169 0.557589 480.000000 640.000000
22 0.568401 0.622584 0.547367 0.549964 0.589436 0.695203 480.000000 640.000000
5 0.612242 0.461774 0.592709 0.399440 0.631776 0.524109 480.000000 640.000000
42 0.864255 0.523583 0.844557 0.473109 0.883953 0.574057 480.000000 640.000000
35 0.583116 0.500326 0.561190 0.443346 0.605041 0.557305 480.000000 640.000000
52 0.676711 0.565995 0.646020 0.492582 0.707402 0.639407 480.000000 640.000000
10 0.981470 0.528169 0.962221 0.470792 1.000720 0.585546 480.000000 640.000000
54 0.473203 0.490958 0.448661 0.425412 0.497745 0.556504 480.000000 640.000000
23 0.509227 0.522372 0.481142 0.444798 0.537313 0.599947 480.000000 640.000000
55 0.721409 0.606522 0.695557 0.533285 0.747262 0.679759 480.000000 640.000000
11 0.707679 0.485783 0.686158 0.428650 0.729199 0.542916 480.000000 640.000000
56 0.498438 0.505556 0.474479 0.443403 0.522396 0.567708 480.000000 640.000000
51 0.523969 0.524995 0.509931 0.451816 0.538006 0.598173 480.000000 640.000000
