47 0.953324 0.577683 0.933919 0.516457 0.972730 0.638909 480.000000 640.000000
1 0.174898 0.507147 0.155667 0.442806 0.194129 0.571488 480.000000 640.000000
60 0.236522 0.489163 0.214610 0.433489 0.258434 0.544837 480.000000 640.000000
5 0.319852 0.468638 0.294118 0.402770 0.345587 0.534505 480.000000 640.000000
63 0.446898 0.495781 0.421502 0.425421 0.472295 0.566142 480.000000 640.000000
42 0.534551 0.525882 0.515205 0.470262 0.553897 0.581503 480.000000 640.000000
69 0.806517 0.531987 0.779564 0.459898 0.833471 0.604076 480.000000 640.000000
54 0.141072 0.489631 0.117699 0.427920 0.164444 0.551343 480.000000 640.000000
91 0.045683 0.611571 0.023702 0.548463 0.067663 0.674680 480.000000 640.000000
92 0.933571 0.532105 0.915717 0.495337 0.951425 0.568873 480.000000 640.000000
22 0.931835 0.628159 0.914590 0.564890 0.949080 0.691428 480.000000 640.000000
