22 0.729117 0.626594 0.711117 0.555263 0.747118 0.697926 480.000000 640.000000
55 0.881051 0.609315 0.859445 0.530580 0.902657 0.688050 480.000000 640.000000
47 0.795553 0.579334 0.766705 0.519807 0.824402 0.638861 480.000000 640.000000
54 0.336368 0.480062 0.321422 0.416331 0.351314 0.543794 480.000000 640.000000
1 0.370699 0.509774 0.346047 0.447627 0.395352 0.571922 480.000000 640.000000
60 0.431431 0.498938 0.411949 0.443177 0.450913 0.554699 480.000000 640.000000
5 0.487263 0.463847 0.460364 0.401506 0.514162 0.526188 480.000000 640.000000
63 0.595146 0.497239 0.571900 0.425780 0.618391 0.568698 480.000000 640.000000
69 0.642231 0.546055 0.618422 0.476848 0.666040 0.615263 480.000000 640.000000
42 0.716836 0.515265 0.701280 0.457740 0.732393 0.572789 480.000000 640.000000
