47 0.962104 0.578444 0.938910 0.518385 0.985297 0.638503 480.000000 640.000000
1 0.167571 0.507897 0.142007 0.445128 0.193136 0.570666 480.000000 640.000000
60 0.231738 0.490238 0.206514 0.435537 0.256962 0.544940 480.000000 640.000000
5 0.313986 0.467990 0.284127 0.402202 0.343846 0.533779 480.000000 640.000000
63 0.440831 0.496314 0.420395 0.427086 0.461266 0.565543 480.000000 640.000000
42 0.521032 0.526512 0.507849 0.470360 0.534214 0.582665 480.000000 640.000000
69 0.811147 0.532306 0.786613 0.461977 0.835680 0.602634 480.000000 640.000000
54 0.134691 0.490062 0.113132 0.428721 0.156250 0.551403 480.000000 640.000000
91 0.056058 0.607245 0.031361 0.540009 0.080756 0.674480 480.000000 640.000000
92 0.940057 0.537346 0.921587 0.495051 0.958527 0.579642 480.000000 640.000000
22 0.940287 0.630148 0.919337 0.567549 0.961238 0.692747 480.000000 640.000000
