47 0.964006 0.578519 0.941111 0.519124 0.986902 0.637914 480.000000 640.000000
1 0.165683 0.508250 0.138589 0.445432 0.192776 0.571068 480.000000 640.000000
60 0.228935 0.490550 0.205706 0.435561 0.252164 0.545539 480.000000 640.000000
5 0.312507 0.469985 0.283730 0.406341 0.341285 0.533630 480.000000 640.000000
63 0.435737 0.494658 0.414524 0.426879 0.456949 0.562437 480.000000 640.000000
42 0.517327 0.526320 0.504429 0.470800 0.530224 0.581840 480.000000 640.000000
69 0.812886 0.535978 0.788393 0.460389 0.837378 0.611567 480.000000 640.000000
54 0.131831 0.489896 0.111749 0.428719 0.151913 0.551073 480.000000 640.000000
91 0.058042 0.602880 0.032356 0.530862 0.083727 0.674898 480.000000 640.000000
92 0.942295 0.535975 0.924290 0.494851 0.960301 0.577099 480.000000 640.000000
22 0.944053 0.622954 0.920925 0.552753 0.967182 0.693155 480.000000 640.000000
