47 0.968601 0.579177 0.947065 0.518862 0.990137 0.639492 480.000000 640.000000
1 0.162379 0.507787 0.136444 0.445667 0.188314 0.569906 480.000000 640.000000
60 0.223100 0.489635 0.205339 0.433886 0.240861 0.545384 480.000000 640.000000
5 0.309823 0.470818 0.286648 0.407660 0.332997 0.533975 480.000000 640.000000
63 0.430671 0.496956 0.411575 0.430668 0.449767 0.563245 480.000000 640.000000
42 0.512196 0.525887 0.497042 0.468244 0.527349 0.583529 480.000000 640.000000
54 0.126905 0.490242 0.110154 0.429345 0.143655 0.551139 480.000000 640.000000
91 0.061644 0.604553 0.036081 0.534576 0.087207 0.674529 480.000000 640.000000
92 0.946499 0.549167 0.928270 0.495481 0.964727 0.602853 480.000000 640.000000
22 0.948127 0.618437 0.921447 0.544067 0.974807 0.692807 480.000000 640.000000
