22 0.875336 0.611070 0.857894 0.551660 0.892777 0.670481 480.000000 640.000000
47 0.910594 0.578107 0.892417 0.518592 0.928771 0.637621 480.000000 640.000000
1 0.228202 0.507944 0.212673 0.446107 0.243730 0.569782 480.000000 640.000000
60 0.289662 0.490964 0.272087 0.433433 0.307237 0.548496 480.000000 640.000000
5 0.364323 0.465843 0.339779 0.402418 0.388867 0.529267 480.000000 640.000000
63 0.481767 0.491619 0.457560 0.421349 0.505974 0.561889 480.000000 640.000000
42 0.580620 0.522395 0.555078 0.466164 0.606161 0.578626 480.000000 640.000000
69 0.762757 0.540652 0.735446 0.463563 0.790068 0.617740 480.000000 640.000000
54 0.197293 0.482192 0.177873 0.417727 0.216712 0.546656 480.000000 640.000000
81 0.888127 0.527228 0.874039 0.499959 0.902214 0.554496 480.000000 640.000000
