1 0.652625 0.505447 0.636979 0.443106 0.668272 0.567789 480.000000 640.000000
2 0.616422 0.499829 0.602198 0.438916 0.630645 0.560742 480.000000 640.000000
3 0.179244 0.491196 0.156210 0.424479 0.202278 0.557914 480.000000 640.000000
4 0.571409 0.620693 0.542782 0.553317 0.600036 0.688070 480.000000 640.000000
5 0.728991 0.476502 0.709887 0.390489 0.748096 0.562515 480.000000 640.000000
7 0.883605 0.537138 0.860641 0.475095 0.906569 0.599181 480.000000 640.000000
8 0.400355 0.514875 0.374956 0.450722 0.425754 0.579027 480.000000 640.000000
10 0.879029 0.529210 0.860070 0.470474 0.897987 0.587947 480.000000 640.000000
11 0.824918 0.493745 0.800720 0.428210 0.849115 0.559279 480.000000 640.000000
13 0.553749 0.540174 0.536530 0.495168 0.570968 0.585180 480.000000 640.000000
14 0.989662 0.535263 0.979318 0.496503 1.000007 0.574022 480.000000 640.000000
16 0.894600 0.596563 0.868349 0.530532 0.920852 0.662594 480.000000 640.000000
17 0.860334 0.593930 0.843143 0.539149 0.877525 0.648711 480.000000 640.000000
