47 0.966670 0.579031 0.944251 0.518965 0.989089 0.639097 480.000000 640.000000
1 0.163961 0.507946 0.136840 0.445803 0.191083 0.570090 480.000000 640.000000
60 0.226712 0.490922 0.206072 0.436053 0.247352 0.545791 480.000000 640.000000
5 0.312226 0.470296 0.286793 0.407012 0.337659 0.533580 480.000000 640.000000
63 0.432620 0.494995 0.412173 0.429156 0.453068 0.560834 480.000000 640.000000
42 0.514398 0.526034 0.500469 0.469133 0.528327 0.582934 480.000000 640.000000
54 0.128439 0.489846 0.110577 0.428041 0.146302 0.551651 480.000000 640.000000
91 0.060267 0.602308 0.033892 0.530426 0.086642 0.674189 480.000000 640.000000
92 0.944422 0.536436 0.926255 0.495504 0.962590 0.577367 480.000000 640.000000
22 0.946120 0.619755 0.921146 0.546395 0.971094 0.693114 480.000000 640.000000
