1 0.604060 0.493289 0.587634 0.440909 0.620486 0.545670 480.000000 640.000000
2 0.567423 0.490961 0.551241 0.423419 0.583605 0.558502 480.000000 640.000000
3 0.142976 0.492374 0.120404 0.426456 0.165547 0.558292 480.000000 640.000000
4 0.621392 0.612654 0.593316 0.532859 0.649469 0.692450 480.000000 640.000000
7 0.912258 0.564372 0.880528 0.469021 0.943988 0.659722 480.000000 640.000000
10 0.916263 0.528375 0.892985 0.469054 0.939542 0.587696 480.000000 640.000000
11 0.788398 0.496031 0.769766 0.432332 0.807030 0.559730 480.000000 640.000000
14 0.957062 0.521824 0.934315 0.464061 0.979809 0.579586 480.000000 640.000000
22 0.457659 0.623859 0.428605 0.551769 0.486712 0.695948 480.000000 640.000000
23 0.436313 0.526678 0.416151 0.461165 0.456476 0.592192 480.000000 640.000000
30 0.432077 0.546219 0.413315 0.478961 0.450840 0.613476 480.000000 640.000000
33 0.612869 0.598405 0.590168 0.530149 0.635570 0.666662 480.000000 640.000000
34 0.767928 0.475403 0.749276 0.412353 0.786581 0.538453 480.000000 640.000000
5 0.695679 0.451180 0.681763 0.390751 0.709594 0.511609 480.000000 640.000000
