22 0.704878 0.629340 0.676305 0.558715 0.733451 0.699965 480.000000 640.000000
55 0.857762 0.612272 0.825194 0.534028 0.890331 0.690516 480.000000 640.000000
47 0.786800 0.574526 0.771770 0.516372 0.801831 0.632680 480.000000 640.000000
54 0.346099 0.480653 0.323637 0.418482 0.368561 0.542824 480.000000 640.000000
1 0.377776 0.506963 0.353076 0.445035 0.402476 0.568891 480.000000 640.000000
60 0.449876 0.498214 0.435203 0.440661 0.464549 0.555767 480.000000 640.000000
5 0.495091 0.464206 0.470904 0.400019 0.519278 0.528393 480.000000 640.000000
63 0.605584 0.508059 0.585097 0.447970 0.626071 0.568148 480.000000 640.000000
69 0.631823 0.527526 0.608816 0.463619 0.654830 0.591433 480.000000 640.000000
42 0.731001 0.515580 0.711524 0.460267 0.750478 0.570894 480.000000 640.000000
70 0.768678 0.550525 0.747653 0.490730 0.789703 0.610321 480.000000 640.000000
