3 0.021805 0.492261 0.003606 0.431719 0.040003 0.552803 480.000000 640.000000
22 0.636119 0.626466 0.619852 0.553449 0.652386 0.699483 480.000000 640.000000
42 0.800919 0.512227 0.788589 0.457484 0.813250 0.566970 480.000000 640.000000
55 0.789513 0.611851 0.768310 0.531749 0.810717 0.691953 480.000000 640.000000
47 0.727778 0.580716 0.703909 0.521822 0.751647 0.639611 480.000000 640.000000
54 0.421277 0.493763 0.405035 0.438939 0.437518 0.548588 480.000000 640.000000
1 0.453738 0.508533 0.428986 0.446398 0.478489 0.570668 480.000000 640.000000
60 0.521607 0.499413 0.507676 0.440807 0.535538 0.558020 480.000000 640.000000
5 0.558440 0.445315 0.547800 0.399532 0.569080 0.491097 480.000000 640.000000
51 0.564218 0.558152 0.540355 0.496807 0.588081 0.619496 480.000000 640.000000
