1 0.611068 0.489809 0.595234 0.442447 0.626902 0.537170 480.000000 640.000000
2 0.575057 0.492106 0.560355 0.433980 0.589760 0.550232 480.000000 640.000000
3 0.144827 0.491419 0.122950 0.424226 0.166703 0.558613 480.000000 640.000000
4 0.616083 0.607042 0.589128 0.523561 0.643037 0.690524 480.000000 640.000000
7 0.909010 0.563664 0.882865 0.468841 0.935156 0.658487 480.000000 640.000000
10 0.911504 0.528614 0.889246 0.469114 0.933763 0.588113 480.000000 640.000000
11 0.790359 0.494171 0.769872 0.428989 0.810846 0.559353 480.000000 640.000000
14 0.960763 0.522727 0.940246 0.460229 0.981280 0.585225 480.000000 640.000000
21 0.694057 0.481984 0.669147 0.404518 0.718968 0.559449 480.000000 640.000000
22 0.452798 0.625155 0.419151 0.553718 0.486446 0.696593 480.000000 640.000000
23 0.430660 0.524821 0.409613 0.466894 0.451707 0.582748 480.000000 640.000000
30 0.423270 0.546603 0.396091 0.476272 0.450448 0.616935 480.000000 640.000000
33 0.612609 0.591265 0.590520 0.526066 0.634697 0.656465 480.000000 640.000000
