1 0.545369 0.506771 0.521800 0.443902 0.568939 0.569640 480.000000 640.000000
2 0.518480 0.494098 0.503796 0.445623 0.533164 0.542573 480.000000 640.000000
3 0.100035 0.492615 0.077509 0.429328 0.122561 0.555902 480.000000 640.000000
4 0.681319 0.609390 0.661785 0.535134 0.700854 0.683646 480.000000 640.000000
10 0.955261 0.508525 0.932133 0.468075 0.978388 0.548975 480.000000 640.000000
11 0.741949 0.498366 0.718357 0.433583 0.765541 0.563148 480.000000 640.000000
22 0.524799 0.623303 0.508532 0.553131 0.541067 0.693476 480.000000 640.000000
23 0.491323 0.518216 0.472536 0.454105 0.510109 0.582328 480.000000 640.000000
5 0.645529 0.447092 0.635257 0.398565 0.655800 0.495619 480.000000 640.000000
30 0.473480 0.555351 0.457719 0.494835 0.489241 0.615867 480.000000 640.000000
42 0.897868 0.516889 0.875712 0.464212 0.920024 0.569565 480.000000 640.000000
7 0.954547 0.527470 0.930413 0.468482 0.978681 0.586459 480.000000 640.000000
35 0.616757 0.500583 0.595936 0.442572 0.637577 0.558594 480.000000 640.000000
46 0.966616 0.593287 0.942819 0.526771 0.990413 0.659803 480.000000 640.000000
47 0.644710 0.578849 0.619705 0.519331 0.669715 0.638367 480.000000 640.000000
48 0.725966 0.475359 0.708982 0.415355 0.742949 0.535363 480.000000 640.000000
16 0.936290 0.593385 0.917536 0.536783 0.955044 0.649988 480.000000 640.000000
