1 0.578635 0.507268 0.553291 0.445549 0.603978 0.568988 480.000000 640.000000
2 0.545024 0.504753 0.524154 0.451895 0.565894 0.557611 480.000000 640.000000
3 0.126859 0.488101 0.108549 0.425546 0.145170 0.550655 480.000000 640.000000
4 0.651058 0.604784 0.627753 0.517975 0.674364 0.691592 480.000000 640.000000
7 0.937628 0.562472 0.909838 0.463639 0.965417 0.661304 480.000000 640.000000
10 0.934222 0.531292 0.910314 0.463515 0.958131 0.599068 480.000000 640.000000
11 0.770834 0.486029 0.746615 0.411225 0.795052 0.560834 480.000000 640.000000
22 0.487713 0.622483 0.468417 0.550267 0.507009 0.694699 480.000000 640.000000
23 0.459412 0.518844 0.441653 0.462965 0.477172 0.574723 480.000000 640.000000
5 0.675518 0.457173 0.660838 0.400472 0.690198 0.513873 480.000000 640.000000
30 0.446854 0.551813 0.423727 0.486159 0.469981 0.617467 480.000000 640.000000
38 0.622917 0.575694 0.606250 0.517014 0.639583 0.634375 480.000000 640.000000
