22 0.736328 0.623052 0.719575 0.553113 0.753080 0.692991 480.000000 640.000000
55 0.887253 0.613641 0.866283 0.537972 0.908223 0.689311 480.000000 640.000000
47 0.801302 0.580257 0.775060 0.520999 0.827545 0.639515 480.000000 640.000000
54 0.330195 0.479606 0.316057 0.415438 0.344333 0.543774 480.000000 640.000000
1 0.364198 0.508430 0.344949 0.445118 0.383446 0.571742 480.000000 640.000000
60 0.426212 0.501743 0.402566 0.448669 0.449857 0.554818 480.000000 640.000000
5 0.483476 0.463882 0.459935 0.400783 0.507016 0.526981 480.000000 640.000000
63 0.590708 0.492931 0.567632 0.417668 0.613784 0.568194 480.000000 640.000000
69 0.645584 0.556308 0.621876 0.495159 0.669293 0.617456 480.000000 640.000000
42 0.709012 0.517382 0.688382 0.459234 0.729643 0.575531 480.000000 640.000000
66 0.879832 0.598920 0.859961 0.530814 0.899704 0.667025 480.000000 640.000000
