3 0.017374 0.493238 0.000508 0.431197 0.034241 0.555278 480.000000 640.000000
22 0.639966 0.626414 0.619720 0.553180 0.660211 0.699648 480.000000 640.000000
42 0.799075 0.511119 0.786094 0.456963 0.812056 0.565275 480.000000 640.000000
55 0.791391 0.604349 0.769862 0.528373 0.812920 0.680326 480.000000 640.000000
47 0.729735 0.579445 0.708075 0.520199 0.751396 0.638692 480.000000 640.000000
54 0.418716 0.492028 0.404474 0.435996 0.432959 0.548060 480.000000 640.000000
1 0.451295 0.508208 0.429676 0.444498 0.472915 0.571917 480.000000 640.000000
60 0.517442 0.499306 0.501432 0.440865 0.533452 0.557746 480.000000 640.000000
5 0.556427 0.457467 0.546140 0.398354 0.566714 0.516579 480.000000 640.000000
51 0.565005 0.563998 0.540660 0.507920 0.589349 0.620076 480.000000 640.000000
