22 0.741204 0.624187 0.720240 0.552267 0.762169 0.696108 480.000000 640.000000
55 0.892499 0.619231 0.867816 0.546604 0.917183 0.691857 480.000000 640.000000
47 0.803261 0.580246 0.776535 0.520889 0.829987 0.639604 480.000000 640.000000
54 0.326964 0.480598 0.313191 0.415889 0.340738 0.545307 480.000000 640.000000
1 0.359908 0.507221 0.342944 0.443266 0.376871 0.571177 480.000000 640.000000
60 0.425281 0.501375 0.399833 0.447699 0.450729 0.555050 480.000000 640.000000
5 0.481467 0.463684 0.461390 0.400277 0.501543 0.527091 480.000000 640.000000
63 0.589201 0.493671 0.567140 0.418693 0.611262 0.568649 480.000000 640.000000
69 0.647879 0.548477 0.622275 0.478184 0.673483 0.618769 480.000000 640.000000
42 0.707032 0.517655 0.685081 0.459951 0.728983 0.575359 480.000000 640.000000
66 0.879699 0.598753 0.860719 0.531452 0.898678 0.666055 480.000000 640.000000
