1 0.668896 0.510138 0.641879 0.448293 0.695913 0.571983 480.000000 640.000000
2 0.631015 0.500256 0.607436 0.439034 0.654593 0.561479 480.000000 640.000000
3 0.195075 0.490821 0.173893 0.423834 0.216256 0.557808 480.000000 640.000000
4 0.554476 0.604246 0.529409 0.517216 0.579543 0.691275 480.000000 640.000000
5 0.745767 0.500852 0.719372 0.438497 0.772163 0.563207 480.000000 640.000000
6 0.380186 0.573615 0.346441 0.453303 0.413932 0.693926 480.000000 640.000000
7 0.867782 0.565847 0.842183 0.473785 0.893382 0.657908 480.000000 640.000000
8 0.384698 0.514896 0.356536 0.451662 0.412860 0.578129 480.000000 640.000000
9 0.384635 0.619444 0.364063 0.549306 0.405208 0.689583 480.000000 640.000000
10 0.869792 0.530208 0.848958 0.470833 0.890625 0.589583 480.000000 640.000000
