22 0.891941 0.611022 0.870875 0.534907 0.913006 0.687137 480.000000 640.000000
47 0.925514 0.579239 0.901120 0.520549 0.949909 0.637930 480.000000 640.000000
1 0.207279 0.508219 0.179774 0.446104 0.234784 0.570334 480.000000 640.000000
60 0.272767 0.489912 0.250404 0.432632 0.295130 0.547192 480.000000 640.000000
5 0.355751 0.466237 0.330238 0.399491 0.381264 0.532984 480.000000 640.000000
63 0.469039 0.489249 0.448063 0.427237 0.490014 0.551262 480.000000 640.000000
42 0.564644 0.524329 0.548179 0.465857 0.581108 0.582802 480.000000 640.000000
69 0.773414 0.539020 0.749924 0.468433 0.796905 0.609606 480.000000 640.000000
54 0.176306 0.487456 0.155455 0.427165 0.197157 0.547747 480.000000 640.000000
91 0.020325 0.600423 -0.000128 0.527153 0.040778 0.673694 480.000000 640.000000
