22 0.807601 0.625687 0.779345 0.555960 0.835857 0.695414 480.000000 640.000000
47 0.862727 0.576781 0.847285 0.517272 0.878168 0.636291 480.000000 640.000000
1 0.286128 0.509893 0.259796 0.447187 0.312461 0.572599 480.000000 640.000000
60 0.347781 0.494524 0.324208 0.438196 0.371354 0.550852 480.000000 640.000000
5 0.410012 0.465241 0.386649 0.399770 0.433375 0.530713 480.000000 640.000000
63 0.530516 0.493129 0.510547 0.419296 0.550485 0.566962 480.000000 640.000000
42 0.636062 0.515690 0.623281 0.459779 0.648844 0.571601 480.000000 640.000000
81 0.844385 0.552787 0.823963 0.495044 0.864806 0.610531 480.000000 640.000000
69 0.712974 0.534112 0.688629 0.464352 0.737318 0.603873 480.000000 640.000000
55 0.967324 0.610936 0.944730 0.532128 0.989918 0.689743 480.000000 640.000000
54 0.252479 0.480223 0.237360 0.416694 0.267599 0.543751 480.000000 640.000000
