1 0.645578 0.505230 0.631341 0.442239 0.659816 0.568222 480.000000 640.000000
2 0.609563 0.495901 0.593426 0.432070 0.625700 0.559732 480.000000 640.000000
3 0.176357 0.491430 0.153758 0.424878 0.198956 0.557983 480.000000 640.000000
4 0.577821 0.603708 0.549838 0.525417 0.605805 0.681998 480.000000 640.000000
5 0.725339 0.475696 0.709511 0.390902 0.741168 0.560490 480.000000 640.000000
7 0.889071 0.557861 0.860716 0.472046 0.917426 0.643676 480.000000 640.000000
8 0.403841 0.531897 0.378844 0.449911 0.428837 0.613884 480.000000 640.000000
10 0.885260 0.533404 0.863938 0.471607 0.906582 0.595201 480.000000 640.000000
11 0.820401 0.484255 0.796293 0.409112 0.844510 0.559399 480.000000 640.000000
13 0.560315 0.533290 0.544546 0.494638 0.576085 0.571942 480.000000 640.000000
14 0.984999 0.524825 0.969991 0.471976 1.000008 0.577673 480.000000 640.000000
16 0.892032 0.598109 0.858154 0.533581 0.925911 0.662637 480.000000 640.000000
19 0.409635 0.625347 0.387240 0.555903 0.432031 0.694792 480.000000 640.000000
20 0.728125 0.459028 0.713542 0.392708 0.742708 0.525347 480.000000 640.000000
