22 0.696513 0.626445 0.671374 0.557493 0.721652 0.695398 480.000000 640.000000
55 0.852452 0.615217 0.820001 0.539542 0.884902 0.690892 480.000000 640.000000
47 0.780122 0.575122 0.764963 0.516529 0.795280 0.633715 480.000000 640.000000
54 0.354957 0.482911 0.333122 0.419140 0.376791 0.546681 480.000000 640.000000
1 0.389604 0.505954 0.371830 0.442769 0.407378 0.569140 480.000000 640.000000
60 0.459779 0.499547 0.436579 0.442877 0.482979 0.556217 480.000000 640.000000
5 0.504968 0.461132 0.490259 0.396624 0.519678 0.525641 480.000000 640.000000
63 0.612958 0.475067 0.596638 0.412078 0.629278 0.538055 480.000000 640.000000
69 0.621710 0.561114 0.593464 0.502878 0.649957 0.619351 480.000000 640.000000
42 0.738366 0.517477 0.720944 0.460958 0.755788 0.573996 480.000000 640.000000
73 0.756771 0.552083 0.740104 0.493750 0.773438 0.610417 480.000000 640.000000
