22 0.844397 0.623026 0.818610 0.552536 0.870184 0.693517 480.000000 640.000000
47 0.886435 0.580723 0.861016 0.520326 0.911854 0.641121 480.000000 640.000000
1 0.252107 0.507874 0.227537 0.444056 0.276677 0.571691 480.000000 640.000000
60 0.317602 0.493465 0.296364 0.437389 0.338840 0.549541 480.000000 640.000000
5 0.392530 0.466880 0.373063 0.401628 0.411998 0.532131 480.000000 640.000000
63 0.507797 0.495650 0.487561 0.427518 0.528032 0.563783 480.000000 640.000000
42 0.610713 0.519521 0.593839 0.464914 0.627587 0.574128 480.000000 640.000000
69 0.738046 0.521430 0.715279 0.468604 0.760814 0.574256 480.000000 640.000000
54 0.221450 0.482604 0.198211 0.416958 0.244689 0.548250 480.000000 640.000000
66 0.981792 0.608096 0.962880 0.534979 1.000703 0.681214 480.000000 640.000000
81 0.869273 0.557614 0.852524 0.497690 0.886021 0.617538 480.000000 640.000000
