22 0.883931 0.612914 0.866123 0.549297 0.901739 0.676531 480.000000 640.000000
47 0.917823 0.578863 0.895562 0.519836 0.940084 0.637891 480.000000 640.000000
1 0.221330 0.508316 0.203714 0.446757 0.238946 0.569875 480.000000 640.000000
60 0.285729 0.490401 0.272040 0.433857 0.299418 0.546945 480.000000 640.000000
5 0.360685 0.466420 0.333169 0.402604 0.388200 0.530236 480.000000 640.000000
63 0.477636 0.498222 0.453503 0.433122 0.501770 0.563321 480.000000 640.000000
42 0.576351 0.522534 0.549795 0.465851 0.602907 0.579216 480.000000 640.000000
69 0.768260 0.540090 0.740742 0.469873 0.795777 0.610308 480.000000 640.000000
54 0.189061 0.487156 0.167828 0.427555 0.210295 0.546757 480.000000 640.000000
91 0.014111 0.598958 0.000000 0.525347 0.028223 0.672569 480.000000 640.000000
