22 0.768624 0.622352 0.747010 0.551240 0.790238 0.693465 480.000000 640.000000
47 0.831275 0.577162 0.814168 0.518136 0.848381 0.636187 480.000000 640.000000
54 0.297324 0.482645 0.277773 0.417651 0.316876 0.547640 480.000000 640.000000
1 0.327657 0.510381 0.300931 0.448800 0.354383 0.571962 480.000000 640.000000
60 0.388533 0.496793 0.364462 0.440435 0.412604 0.553151 480.000000 640.000000
5 0.448687 0.463418 0.422311 0.400867 0.475063 0.525969 480.000000 640.000000
63 0.560085 0.497898 0.536209 0.427394 0.583961 0.568402 480.000000 640.000000
78 0.819043 0.575003 0.792377 0.514730 0.845708 0.635277 480.000000 640.000000
55 0.925315 0.609893 0.903058 0.528208 0.947571 0.691578 480.000000 640.000000
69 0.678411 0.547976 0.654115 0.482889 0.702707 0.613063 480.000000 640.000000
77 0.675903 0.498864 0.657573 0.460141 0.694233 0.537586 480.000000 640.000000
