1 0.573349 0.505797 0.552255 0.443862 0.594443 0.567732 480.000000 640.000000
2 0.539034 0.503649 0.523867 0.450224 0.554200 0.557074 480.000000 640.000000
3 0.115771 0.491368 0.099204 0.425253 0.132338 0.557483 480.000000 640.000000
4 0.660796 0.608577 0.632507 0.526659 0.689086 0.690495 480.000000 640.000000
7 0.937882 0.558282 0.910001 0.463729 0.965762 0.652835 480.000000 640.000000
10 0.939186 0.528486 0.915763 0.463391 0.962610 0.593581 480.000000 640.000000
11 0.761435 0.491742 0.740203 0.424072 0.782666 0.559411 480.000000 640.000000
22 0.495978 0.623914 0.468161 0.552859 0.523795 0.694968 480.000000 640.000000
23 0.467106 0.519607 0.443646 0.453322 0.490567 0.585892 480.000000 640.000000
5 0.672751 0.457805 0.653392 0.399970 0.692111 0.515640 480.000000 640.000000
30 0.451663 0.544119 0.425665 0.471149 0.477662 0.617089 480.000000 640.000000
38 0.630994 0.577027 0.616210 0.516241 0.645778 0.637814 480.000000 640.000000
40 0.617708 0.551389 0.600521 0.492708 0.634896 0.610069 480.000000 640.000000
