3 0.071969 0.493798 0.048188 0.429720 0.095750 0.557877 480.000000 640.000000
22 0.558274 0.625003 0.527414 0.552370 0.589134 0.697635 480.000000 640.000000
5 0.621616 0.467325 0.597287 0.412121 0.645946 0.522530 480.000000 640.000000
30 0.505271 0.561328 0.485589 0.507089 0.524953 0.615567 480.000000 640.000000
42 0.868726 0.522114 0.844172 0.470627 0.893280 0.573601 480.000000 640.000000
35 0.587291 0.503251 0.567263 0.449055 0.607320 0.557447 480.000000 640.000000
46 0.975765 0.561974 0.951531 0.468545 0.999998 0.655404 480.000000 640.000000
47 0.678531 0.578843 0.662693 0.519813 0.694369 0.637873 480.000000 640.000000
52 0.659308 0.556674 0.640204 0.495193 0.678412 0.618156 480.000000 640.000000
10 0.977721 0.527202 0.956005 0.472002 0.999438 0.582401 480.000000 640.000000
54 0.482047 0.489059 0.462198 0.425856 0.501896 0.552262 480.000000 640.000000
23 0.518865 0.518595 0.500987 0.442769 0.536743 0.594421 480.000000 640.000000
55 0.711458 0.606944 0.683854 0.525000 0.739062 0.688889 480.000000 640.000000
