22 0.820724 0.621853 0.799303 0.553211 0.842144 0.690495 480.000000 640.000000
47 0.872683 0.577921 0.852668 0.517278 0.892699 0.638565 480.000000 640.000000
1 0.276780 0.508603 0.258355 0.445223 0.295205 0.571983 480.000000 640.000000
60 0.341795 0.495032 0.320051 0.439310 0.363539 0.550755 480.000000 640.000000
5 0.404739 0.466730 0.376694 0.402588 0.432785 0.530872 480.000000 640.000000
63 0.522626 0.500785 0.499965 0.434988 0.545287 0.566583 480.000000 640.000000
42 0.626480 0.516997 0.604321 0.460589 0.648638 0.573406 480.000000 640.000000
81 0.854786 0.565808 0.836067 0.501721 0.873504 0.629895 480.000000 640.000000
69 0.721116 0.541654 0.697173 0.474191 0.745059 0.609118 480.000000 640.000000
55 0.977041 0.612472 0.955508 0.531968 0.998574 0.692977 480.000000 640.000000
54 0.246639 0.486426 0.233205 0.429198 0.260073 0.543653 480.000000 640.000000
85 0.720313 0.492361 0.698438 0.459028 0.742188 0.525694 480.000000 640.000000
