22 0.674433 0.625059 0.653450 0.553207 0.695415 0.696911 480.000000 640.000000
55 0.824173 0.610246 0.802824 0.530487 0.845522 0.690004 480.000000 640.000000
47 0.754629 0.562555 0.725441 0.486756 0.783817 0.638353 480.000000 640.000000
54 0.382324 0.484673 0.361562 0.419073 0.403086 0.550272 480.000000 640.000000
1 0.415743 0.508433 0.388029 0.445447 0.443457 0.571420 480.000000 640.000000
60 0.484135 0.496810 0.472419 0.439309 0.495852 0.554311 480.000000 640.000000
5 0.531124 0.462875 0.503453 0.399758 0.558795 0.525992 480.000000 640.000000
63 0.637576 0.488334 0.619552 0.419574 0.655601 0.557094 480.000000 640.000000
69 0.598247 0.537360 0.576800 0.458182 0.619694 0.616538 480.000000 640.000000
70 0.753458 0.582666 0.723168 0.526220 0.783748 0.639113 480.000000 640.000000
