22 0.760321 0.625564 0.728642 0.552792 0.792000 0.698337 480.000000 640.000000
47 0.823330 0.577734 0.809085 0.517308 0.837575 0.638160 480.000000 640.000000
54 0.301621 0.483147 0.278998 0.419478 0.324245 0.546816 480.000000 640.000000
1 0.334049 0.509429 0.307580 0.448537 0.360518 0.570322 480.000000 640.000000
60 0.400643 0.497398 0.383634 0.440893 0.417651 0.553903 480.000000 640.000000
5 0.455190 0.463227 0.434631 0.400027 0.475750 0.526428 480.000000 640.000000
63 0.569345 0.494414 0.550060 0.422117 0.588630 0.566711 480.000000 640.000000
42 0.686078 0.515457 0.673860 0.461531 0.698297 0.569383 480.000000 640.000000
66 0.908654 0.604514 0.885869 0.533733 0.931440 0.675295 480.000000 640.000000
78 0.804992 0.555746 0.785438 0.493416 0.824546 0.618076 480.000000 640.000000
55 0.910667 0.614372 0.883591 0.538859 0.937744 0.689885 480.000000 640.000000
