47 0.959669 0.578168 0.936618 0.517583 0.982720 0.638752 480.000000 640.000000
1 0.169616 0.507544 0.145637 0.444303 0.193595 0.570786 480.000000 640.000000
60 0.232765 0.489380 0.207983 0.434212 0.257546 0.544549 480.000000 640.000000
5 0.315613 0.468727 0.286029 0.403348 0.345196 0.534107 480.000000 640.000000
63 0.444864 0.496367 0.422669 0.425781 0.467059 0.566953 480.000000 640.000000
42 0.525964 0.526359 0.510724 0.470951 0.541204 0.581767 480.000000 640.000000
69 0.809090 0.533572 0.783518 0.463142 0.834662 0.604002 480.000000 640.000000
54 0.136713 0.490442 0.113960 0.429281 0.159466 0.551604 480.000000 640.000000
91 0.053191 0.612502 0.029688 0.551096 0.076693 0.673909 480.000000 640.000000
92 0.937619 0.543379 0.919751 0.494917 0.955488 0.591840 480.000000 640.000000
94 0.441667 0.484722 0.423958 0.421875 0.459375 0.547569 480.000000 640.000000
