1 0.614598 0.492945 0.597803 0.443814 0.631393 0.542075 480.000000 640.000000
2 0.578169 0.493130 0.563149 0.435858 0.593190 0.550403 480.000000 640.000000
3 0.146639 0.491537 0.126290 0.424883 0.166989 0.558191 480.000000 640.000000
4 0.613643 0.599067 0.584392 0.506603 0.642893 0.691531 480.000000 640.000000
5 0.707113 0.452651 0.690212 0.391821 0.724014 0.513481 480.000000 640.000000
7 0.909286 0.562887 0.885957 0.469357 0.932615 0.656418 480.000000 640.000000
10 0.909424 0.528618 0.887579 0.469361 0.931269 0.587874 480.000000 640.000000
11 0.787761 0.491733 0.761373 0.423582 0.814148 0.559884 480.000000 640.000000
14 0.965984 0.518998 0.950272 0.459332 0.981696 0.578663 480.000000 640.000000
16 0.913464 0.596576 0.895292 0.531117 0.931636 0.662034 480.000000 640.000000
21 0.699677 0.475321 0.674447 0.388769 0.724908 0.561874 480.000000 640.000000
22 0.449958 0.625303 0.416758 0.554928 0.483159 0.695678 480.000000 640.000000
23 0.428786 0.513920 0.407700 0.462808 0.449872 0.565032 480.000000 640.000000
30 0.417645 0.557011 0.391204 0.496540 0.444087 0.617483 480.000000 640.000000
33 0.608854 0.574306 0.583854 0.502431 0.633854 0.646181 480.000000 640.000000
