22 0.840545 0.622502 0.819022 0.551543 0.862068 0.693462 480.000000 640.000000
47 0.885682 0.580740 0.859103 0.520478 0.912260 0.641002 480.000000 640.000000
1 0.255538 0.507596 0.234109 0.443995 0.276968 0.571197 480.000000 640.000000
60 0.323046 0.493010 0.304509 0.437346 0.341583 0.548675 480.000000 640.000000
5 0.394860 0.466439 0.373699 0.401987 0.416020 0.530891 480.000000 640.000000
63 0.508786 0.492300 0.486239 0.424630 0.531334 0.559971 480.000000 640.000000
42 0.614105 0.519961 0.593724 0.465150 0.634485 0.574773 480.000000 640.000000
69 0.735474 0.541589 0.712805 0.468089 0.758144 0.615090 480.000000 640.000000
54 0.223745 0.483246 0.200217 0.417848 0.247272 0.548645 480.000000 640.000000
85 0.735290 0.509380 0.713046 0.467057 0.757535 0.551703 480.000000 640.000000
66 0.980744 0.601518 0.960649 0.534574 1.000839 0.668462 480.000000 640.000000
81 0.867794 0.556939 0.850734 0.495608 0.884855 0.618270 480.000000 640.000000
86 0.388542 0.464931 0.374740 0.400694 0.402344 0.529167 480.000000 640.000000
