22 0.898966 0.623154 0.870872 0.556528 0.927060 0.689779 480.000000 640.000000
47 0.932270 0.576771 0.914062 0.518673 0.950479 0.634870 480.000000 640.000000
1 0.204215 0.510188 0.176954 0.449573 0.231476 0.570803 480.000000 640.000000
60 0.267880 0.491156 0.244276 0.433721 0.291484 0.548592 480.000000 640.000000
5 0.348669 0.465180 0.331462 0.399428 0.365876 0.530932 480.000000 640.000000
63 0.465035 0.495816 0.447699 0.428074 0.482370 0.563558 480.000000 640.000000
42 0.555019 0.523860 0.541685 0.465826 0.568352 0.581893 480.000000 640.000000
69 0.780001 0.522434 0.758376 0.468017 0.801625 0.576851 480.000000 640.000000
54 0.170287 0.486356 0.154977 0.424763 0.185598 0.547949 480.000000 640.000000
91 0.024413 0.600824 -0.000039 0.526672 0.048865 0.674975 480.000000 640.000000
92 0.911030 0.532433 0.893523 0.495341 0.928538 0.569525 480.000000 640.000000
85 0.779579 0.516029 0.758444 0.469706 0.800715 0.562352 480.000000 640.000000
