1 0.596936 0.501719 0.579362 0.441779 0.614509 0.561658 480.000000 640.000000
2 0.558911 0.492805 0.537989 0.427038 0.579833 0.558573 480.000000 640.000000
3 0.140314 0.488975 0.120309 0.426731 0.160319 0.551218 480.000000 640.000000
4 0.625664 0.603760 0.596245 0.533314 0.655082 0.674206 480.000000 640.000000
7 0.922514 0.564453 0.891253 0.467534 0.953775 0.661372 480.000000 640.000000
10 0.919689 0.534539 0.897351 0.469140 0.942028 0.599938 480.000000 640.000000
11 0.782703 0.491981 0.759691 0.424394 0.805716 0.559568 480.000000 640.000000
14 0.957154 0.522279 0.935842 0.464749 0.978466 0.579809 480.000000 640.000000
22 0.465323 0.621961 0.444246 0.550624 0.486400 0.693297 480.000000 640.000000
23 0.441685 0.523290 0.423320 0.451753 0.460050 0.594827 480.000000 640.000000
5 0.686677 0.452867 0.675687 0.391226 0.697667 0.514507 480.000000 640.000000
35 0.671679 0.496283 0.655425 0.449202 0.687932 0.543364 480.000000 640.000000
36 0.605208 0.580556 0.582292 0.522222 0.628125 0.638889 480.000000 640.000000
