3 0.010860 0.496209 -0.000366 0.436401 0.022085 0.556018 480.000000 640.000000
22 0.660329 0.627501 0.631964 0.555431 0.688694 0.699570 480.000000 640.000000
42 0.778800 0.515782 0.762734 0.464252 0.794866 0.567312 480.000000 640.000000
55 0.810478 0.614951 0.778995 0.537660 0.841961 0.692242 480.000000 640.000000
47 0.753347 0.579564 0.735830 0.520453 0.770865 0.638676 480.000000 640.000000
54 0.389488 0.487090 0.365297 0.422987 0.413680 0.551194 480.000000 640.000000
1 0.422425 0.507680 0.400479 0.444074 0.444371 0.571286 480.000000 640.000000
60 0.495884 0.497047 0.476157 0.438684 0.515611 0.555410 480.000000 640.000000
5 0.535764 0.463283 0.508046 0.400764 0.563481 0.525801 480.000000 640.000000
63 0.640321 0.498349 0.619707 0.429295 0.660936 0.567403 480.000000 640.000000
65 0.731876 0.557368 0.712316 0.498062 0.751435 0.616674 480.000000 640.000000
69 0.594418 0.521835 0.572313 0.458194 0.616524 0.585476 480.000000 640.000000
