22 0.756968 0.626767 0.724495 0.553763 0.789441 0.699770 480.000000 640.000000
47 0.821678 0.577914 0.807538 0.517644 0.835818 0.638185 480.000000 640.000000
54 0.303212 0.482723 0.279740 0.418795 0.326683 0.546651 480.000000 640.000000
1 0.335762 0.509476 0.310911 0.448183 0.360612 0.570770 480.000000 640.000000
60 0.405746 0.496772 0.389080 0.441142 0.422411 0.552403 480.000000 640.000000
5 0.458120 0.462760 0.440458 0.399610 0.475782 0.525910 480.000000 640.000000
63 0.572819 0.489303 0.554391 0.414208 0.591248 0.564398 480.000000 640.000000
42 0.689747 0.522396 0.674255 0.460684 0.705239 0.584108 480.000000 640.000000
66 0.901536 0.613238 0.874895 0.538043 0.928178 0.688432 480.000000 640.000000
77 0.663073 0.503190 0.648791 0.460501 0.677355 0.545878 480.000000 640.000000
78 0.804074 0.555471 0.785712 0.493031 0.822436 0.617910 480.000000 640.000000
79 0.908333 0.582639 0.895312 0.531944 0.921354 0.633333 480.000000 640.000000
