22 0.698047 0.627658 0.671453 0.557970 0.724642 0.697346 480.000000 640.000000
55 0.853417 0.613368 0.819390 0.535575 0.887443 0.691161 480.000000 640.000000
47 0.782771 0.575771 0.767834 0.516610 0.797707 0.634931 480.000000 640.000000
54 0.351371 0.481054 0.328686 0.418341 0.374056 0.543768 480.000000 640.000000
1 0.384709 0.506563 0.364290 0.443578 0.405129 0.569547 480.000000 640.000000
60 0.457468 0.498508 0.437662 0.441471 0.477274 0.555545 480.000000 640.000000
5 0.501699 0.462079 0.483948 0.398088 0.519449 0.526069 480.000000 640.000000
63 0.610164 0.485527 0.593661 0.412966 0.626668 0.558088 480.000000 640.000000
69 0.626358 0.561299 0.600708 0.503630 0.652008 0.618967 480.000000 640.000000
42 0.737171 0.516109 0.722101 0.461503 0.752241 0.570715 480.000000 640.000000
