22 0.789600 0.622888 0.767739 0.553092 0.811461 0.692684 480.000000 640.000000
47 0.844352 0.579557 0.818137 0.520946 0.870568 0.638167 480.000000 640.000000
54 0.269838 0.499457 0.248356 0.454126 0.291319 0.544788 480.000000 640.000000
1 0.302990 0.506533 0.284826 0.443386 0.321155 0.569680 480.000000 640.000000
60 0.371803 0.497810 0.357855 0.443455 0.385751 0.552165 480.000000 640.000000
5 0.435623 0.462675 0.418426 0.398468 0.452820 0.526882 480.000000 640.000000
63 0.544554 0.491313 0.521224 0.417809 0.567885 0.564817 480.000000 640.000000
55 0.944214 0.614091 0.912008 0.535590 0.976420 0.692591 480.000000 640.000000
42 0.656132 0.516171 0.634847 0.462270 0.677416 0.570073 480.000000 640.000000
81 0.826566 0.555470 0.812807 0.501557 0.840324 0.609383 480.000000 640.000000
77 0.692741 0.518485 0.671309 0.457571 0.714174 0.579399 480.000000 640.000000
