1 0.575929 0.506466 0.552596 0.444619 0.599261 0.568313 480.000000 640.000000
2 0.541748 0.503346 0.524134 0.449566 0.559362 0.557126 480.000000 640.000000
3 0.119224 0.490143 0.103435 0.423860 0.135013 0.556425 480.000000 640.000000
4 0.658701 0.605726 0.631611 0.520404 0.685792 0.691048 480.000000 640.000000
7 0.938806 0.556717 0.913374 0.464576 0.964239 0.648859 480.000000 640.000000
10 0.937999 0.528215 0.913767 0.464203 0.962231 0.592226 480.000000 640.000000
11 0.766998 0.493250 0.747086 0.425701 0.786910 0.560799 480.000000 640.000000
22 0.493786 0.623475 0.468063 0.551978 0.519510 0.694972 480.000000 640.000000
23 0.463386 0.525879 0.439603 0.454897 0.487170 0.596862 480.000000 640.000000
5 0.674372 0.458251 0.655346 0.400039 0.693397 0.516464 480.000000 640.000000
30 0.451565 0.541031 0.424506 0.464728 0.478624 0.617335 480.000000 640.000000
38 0.630428 0.578391 0.616481 0.518453 0.644374 0.638329 480.000000 640.000000
