47 0.950389 0.576195 0.934788 0.516225 0.965990 0.636165 480.000000 640.000000
1 0.178947 0.507185 0.162399 0.442870 0.195496 0.571501 480.000000 640.000000
60 0.239800 0.489981 0.219841 0.434054 0.259759 0.545908 480.000000 640.000000
5 0.322212 0.468208 0.298512 0.402042 0.345913 0.534374 480.000000 640.000000
63 0.447848 0.495809 0.422271 0.425337 0.473425 0.566281 480.000000 640.000000
42 0.537584 0.526054 0.515396 0.470170 0.559772 0.581938 480.000000 640.000000
69 0.805234 0.535208 0.779664 0.462124 0.830804 0.608292 480.000000 640.000000
54 0.144464 0.488365 0.121291 0.426822 0.167637 0.549908 480.000000 640.000000
91 0.041580 0.611609 0.021267 0.548983 0.061894 0.674236 480.000000 640.000000
92 0.931720 0.532438 0.913639 0.495763 0.949802 0.569114 480.000000 640.000000
