1 0.585318 0.504697 0.563080 0.443774 0.607555 0.565620 480.000000 640.000000
2 0.550012 0.498502 0.525601 0.437538 0.574424 0.559467 480.000000 640.000000
3 0.129573 0.482451 0.110506 0.427844 0.148641 0.537057 480.000000 640.000000
4 0.635932 0.610916 0.614753 0.535344 0.657111 0.686487 480.000000 640.000000
7 0.933090 0.565074 0.900831 0.467089 0.965349 0.663059 480.000000 640.000000
10 0.931162 0.535280 0.903518 0.467728 0.958806 0.602831 480.000000 640.000000
11 0.776108 0.488878 0.750834 0.417415 0.801383 0.560340 480.000000 640.000000
22 0.480663 0.616354 0.464723 0.548521 0.496602 0.684186 480.000000 640.000000
23 0.455697 0.514600 0.443716 0.451228 0.467678 0.577973 480.000000 640.000000
5 0.683454 0.457063 0.669558 0.396449 0.697350 0.517677 480.000000 640.000000
35 0.664145 0.497995 0.647207 0.446181 0.681082 0.549809 480.000000 640.000000
30 0.440172 0.550541 0.423974 0.484796 0.456371 0.616286 480.000000 640.000000
