1 0.595483 0.503198 0.578192 0.442304 0.612773 0.564092 480.000000 640.000000
2 0.555395 0.494315 0.532111 0.430810 0.578679 0.557820 480.000000 640.000000
3 0.137461 0.484758 0.115855 0.426982 0.159068 0.542533 480.000000 640.000000
4 0.633441 0.608479 0.611249 0.533691 0.655633 0.683268 480.000000 640.000000
7 0.927445 0.565172 0.887358 0.467801 0.967533 0.662544 480.000000 640.000000
10 0.925331 0.532428 0.899519 0.468454 0.951143 0.596402 480.000000 640.000000
11 0.780323 0.493704 0.755889 0.427443 0.804757 0.559964 480.000000 640.000000
22 0.473204 0.620335 0.452688 0.549874 0.493720 0.690795 480.000000 640.000000
23 0.444340 0.518661 0.426731 0.451765 0.461950 0.585557 480.000000 640.000000
5 0.686081 0.464652 0.673801 0.413135 0.698361 0.516168 480.000000 640.000000
35 0.669548 0.501354 0.652209 0.449049 0.686888 0.553658 480.000000 640.000000
30 0.436250 0.548674 0.420755 0.482749 0.451745 0.614600 480.000000 640.000000
33 0.623449 0.608893 0.593479 0.530067 0.653418 0.687719 480.000000 640.000000
