3 0.036584 0.491973 0.013787 0.428319 0.059382 0.555627 480.000000 640.000000
22 0.604170 0.629131 0.574895 0.557643 0.633446 0.700619 480.000000 640.000000
5 0.583972 0.462268 0.561725 0.402840 0.606219 0.521695 480.000000 640.000000
42 0.824666 0.518266 0.798089 0.463043 0.851243 0.573489 480.000000 640.000000
55 0.759455 0.612831 0.727641 0.534606 0.791270 0.691056 480.000000 640.000000
30 0.547681 0.550468 0.518518 0.485897 0.576843 0.615038 480.000000 640.000000
51 0.551366 0.533081 0.522849 0.480824 0.579883 0.585338 480.000000 640.000000
47 0.712653 0.578673 0.698099 0.518598 0.727207 0.638748 480.000000 640.000000
54 0.438455 0.481893 0.417678 0.413925 0.459232 0.549860 480.000000 640.000000
1 0.475187 0.507000 0.457660 0.444354 0.492714 0.569645 480.000000 640.000000
