22 0.896864 0.618703 0.872012 0.551477 0.921717 0.685930 480.000000 640.000000
47 0.930723 0.577134 0.910281 0.519315 0.951165 0.634953 480.000000 640.000000
1 0.205278 0.510106 0.176460 0.449607 0.234095 0.570606 480.000000 640.000000
60 0.270126 0.490198 0.245485 0.433193 0.294768 0.547204 480.000000 640.000000
5 0.351027 0.465600 0.331038 0.399693 0.371015 0.531507 480.000000 640.000000
63 0.466629 0.493774 0.447571 0.427305 0.485688 0.560244 480.000000 640.000000
42 0.557736 0.523978 0.544287 0.466030 0.571184 0.581925 480.000000 640.000000
69 0.778373 0.520388 0.756903 0.469781 0.799842 0.570995 480.000000 640.000000
54 0.172330 0.486728 0.154697 0.425636 0.189962 0.547819 480.000000 640.000000
91 0.023277 0.600808 -0.000006 0.527016 0.046559 0.674600 480.000000 640.000000
92 0.908854 0.530208 0.892188 0.494792 0.925521 0.565625 480.000000 640.000000
85 0.778122 0.525929 0.756237 0.468740 0.800007 0.583119 480.000000 640.000000
