1 0.607113 0.489549 0.590844 0.441281 0.623381 0.537818 480.000000 640.000000
2 0.570923 0.492371 0.555639 0.429650 0.586207 0.555092 480.000000 640.000000
3 0.144071 0.491603 0.121497 0.425139 0.166645 0.558067 480.000000 640.000000
4 0.618261 0.612225 0.590480 0.532692 0.646042 0.691758 480.000000 640.000000
7 0.909956 0.563687 0.881467 0.468629 0.938444 0.658745 480.000000 640.000000
10 0.913279 0.528594 0.890525 0.469230 0.936032 0.587959 480.000000 640.000000
11 0.790215 0.495180 0.772849 0.431251 0.807581 0.559109 480.000000 640.000000
14 0.958769 0.522379 0.937332 0.462846 0.980205 0.581913 480.000000 640.000000
22 0.456363 0.625067 0.423630 0.552991 0.489097 0.697142 480.000000 640.000000
23 0.434606 0.533462 0.412325 0.465425 0.456886 0.601499 480.000000 640.000000
30 0.428465 0.545928 0.407171 0.476535 0.449759 0.615322 480.000000 640.000000
33 0.609632 0.595449 0.587710 0.531299 0.631555 0.659600 480.000000 640.000000
34 0.768750 0.474306 0.750521 0.410417 0.786979 0.538194 480.000000 640.000000
5 0.698994 0.451641 0.683964 0.389874 0.714024 0.513409 480.000000 640.000000
