47 0.969900 0.579263 0.949758 0.518624 0.990043 0.639901 480.000000 640.000000
1 0.158713 0.507710 0.135074 0.444903 0.182352 0.570517 480.000000 640.000000
60 0.219756 0.490057 0.204893 0.433517 0.234620 0.546597 480.000000 640.000000
5 0.306369 0.470990 0.284915 0.407868 0.327823 0.534111 480.000000 640.000000
63 0.429180 0.498139 0.410580 0.429594 0.447779 0.566684 480.000000 640.000000
42 0.509222 0.526287 0.491219 0.468131 0.527226 0.584444 480.000000 640.000000
54 0.124271 0.489900 0.109234 0.428886 0.139309 0.550914 480.000000 640.000000
91 0.062532 0.604261 0.038395 0.533189 0.086669 0.675333 480.000000 640.000000
92 0.948902 0.550054 0.930998 0.495925 0.966805 0.604184 480.000000 640.000000
22 0.951104 0.618206 0.921803 0.542581 0.980404 0.693832 480.000000 640.000000
