1 0.628365 0.507192 0.604920 0.446379 0.651810 0.568005 480.000000 640.000000
2 0.590481 0.490731 0.575698 0.443032 0.605263 0.538431 480.000000 640.000000
3 0.160573 0.472176 0.146982 0.425875 0.174165 0.518477 480.000000 640.000000
4 0.599793 0.603353 0.576671 0.513886 0.622916 0.692820 480.000000 640.000000
5 0.719610 0.458334 0.700795 0.396961 0.738426 0.519707 480.000000 640.000000
7 0.900368 0.563635 0.874435 0.470639 0.926301 0.656631 480.000000 640.000000
10 0.902439 0.530398 0.880344 0.470662 0.924535 0.590135 480.000000 640.000000
11 0.804374 0.497334 0.780140 0.433776 0.828608 0.560892 480.000000 640.000000
14 0.974207 0.518958 0.956726 0.462354 0.991688 0.575563 480.000000 640.000000
16 0.910897 0.597817 0.892511 0.532967 0.929282 0.662667 480.000000 640.000000
21 0.707467 0.478981 0.676997 0.395074 0.737937 0.562889 480.000000 640.000000
22 0.439145 0.622145 0.414463 0.550658 0.463827 0.693632 480.000000 640.000000
23 0.417150 0.515929 0.396615 0.457023 0.437684 0.574835 480.000000 640.000000
25 0.405990 0.558333 0.385677 0.502083 0.426302 0.614583 480.000000 640.000000
26 0.698438 0.505556 0.676562 0.447569 0.720313 0.563542 480.000000 640.000000
