22 0.752776 0.626999 0.721257 0.554087 0.784295 0.699911 480.000000 640.000000
55 0.902969 0.628224 0.870869 0.563920 0.935069 0.692529 480.000000 640.000000
47 0.814255 0.577013 0.797389 0.519020 0.831121 0.635006 480.000000 640.000000
54 0.307922 0.481731 0.283385 0.417541 0.332459 0.545921 480.000000 640.000000
1 0.341168 0.507930 0.320152 0.445555 0.362183 0.570306 480.000000 640.000000
60 0.412450 0.498083 0.396970 0.443251 0.427931 0.552916 480.000000 640.000000
5 0.465907 0.462908 0.455006 0.399674 0.476808 0.526141 480.000000 640.000000
63 0.575844 0.478988 0.557037 0.414770 0.594650 0.543206 480.000000 640.000000
42 0.699970 0.518846 0.680437 0.463791 0.719503 0.573901 480.000000 640.000000
66 0.893735 0.607625 0.866835 0.534268 0.920634 0.680982 480.000000 640.000000
77 0.659832 0.509934 0.643388 0.458312 0.676275 0.561557 480.000000 640.000000
78 0.800060 0.554129 0.783903 0.492464 0.816217 0.615794 480.000000 640.000000
