22 0.830922 0.622350 0.813683 0.551733 0.848161 0.692967 480.000000 640.000000
47 0.874591 0.578978 0.846283 0.519461 0.902899 0.638494 480.000000 640.000000
1 0.269473 0.507372 0.253568 0.443171 0.285377 0.571573 480.000000 640.000000
60 0.336459 0.494304 0.320808 0.439516 0.352110 0.549093 480.000000 640.000000
5 0.402305 0.467732 0.373016 0.404042 0.431595 0.531421 480.000000 640.000000
63 0.520218 0.503074 0.496477 0.438745 0.543958 0.567403 480.000000 640.000000
42 0.623269 0.518556 0.598768 0.463474 0.647770 0.573638 480.000000 640.000000
69 0.726947 0.539942 0.701737 0.466312 0.752156 0.613572 480.000000 640.000000
55 0.979123 0.610452 0.957132 0.532872 1.001115 0.688031 480.000000 640.000000
54 0.239500 0.482632 0.223737 0.418412 0.255262 0.546852 480.000000 640.000000
85 0.724760 0.499366 0.702468 0.457390 0.747051 0.541343 480.000000 640.000000
