22 0.855014 0.624708 0.825818 0.553535 0.884209 0.695881 480.000000 640.000000
47 0.899322 0.579686 0.882096 0.519019 0.916548 0.640354 480.000000 640.000000
1 0.241976 0.509022 0.219175 0.447813 0.264776 0.570231 480.000000 640.000000
60 0.305771 0.493203 0.280732 0.437429 0.330811 0.548977 480.000000 640.000000
5 0.377836 0.464746 0.364343 0.399617 0.391329 0.529875 480.000000 640.000000
63 0.496822 0.499150 0.478056 0.430787 0.515588 0.567513 480.000000 640.000000
42 0.592558 0.519316 0.576529 0.463045 0.608587 0.575588 480.000000 640.000000
69 0.751704 0.524624 0.727529 0.459981 0.775880 0.589267 480.000000 640.000000
54 0.209940 0.487161 0.193224 0.426461 0.226656 0.547861 480.000000 640.000000
81 0.881103 0.539723 0.864495 0.494416 0.897711 0.585031 480.000000 640.000000
