22 0.754917 0.627307 0.722231 0.554326 0.787602 0.700288 480.000000 640.000000
55 0.905236 0.628385 0.873732 0.564694 0.936740 0.692076 480.000000 640.000000
47 0.817426 0.576973 0.801242 0.518327 0.833610 0.635620 480.000000 640.000000
54 0.305457 0.482089 0.281185 0.418092 0.329729 0.546087 480.000000 640.000000
1 0.338213 0.508856 0.315390 0.447105 0.361036 0.570608 480.000000 640.000000
60 0.409023 0.497431 0.392789 0.441689 0.425256 0.553173 480.000000 640.000000
5 0.462264 0.462609 0.448171 0.399607 0.476357 0.525612 480.000000 640.000000
63 0.574881 0.486472 0.556887 0.414514 0.592876 0.558431 480.000000 640.000000
42 0.696691 0.515891 0.680103 0.461202 0.713278 0.570581 480.000000 640.000000
66 0.894810 0.607918 0.869487 0.533716 0.920134 0.682120 480.000000 640.000000
77 0.661802 0.511321 0.646117 0.459013 0.677487 0.563629 480.000000 640.000000
78 0.802291 0.554505 0.785327 0.491846 0.819255 0.617164 480.000000 640.000000
