22 0.694912 0.625037 0.671737 0.555573 0.718086 0.694500 480.000000 640.000000
55 0.850587 0.612053 0.818855 0.532840 0.882318 0.691267 480.000000 640.000000
47 0.778735 0.576510 0.764207 0.517002 0.793263 0.636017 480.000000 640.000000
54 0.359227 0.482376 0.339926 0.418265 0.378528 0.546487 480.000000 640.000000
1 0.394389 0.505577 0.378338 0.443069 0.410440 0.568085 480.000000 640.000000
60 0.462130 0.499223 0.437015 0.441692 0.487246 0.556755 480.000000 640.000000
5 0.508554 0.460445 0.496659 0.395817 0.520448 0.525074 480.000000 640.000000
63 0.614148 0.475162 0.596441 0.417630 0.631854 0.532694 480.000000 640.000000
69 0.616606 0.560931 0.588677 0.501753 0.644535 0.620110 480.000000 640.000000
42 0.741218 0.518657 0.720554 0.460730 0.761882 0.576583 480.000000 640.000000
65 0.746305 0.535568 0.722756 0.460049 0.769855 0.611087 480.000000 640.000000
