3 0.061248 0.505967 0.041218 0.457085 0.081277 0.554849 480.000000 640.000000
22 0.583542 0.622406 0.567569 0.546969 0.599516 0.697843 480.000000 640.000000
5 0.598685 0.460592 0.587413 0.396144 0.609957 0.525040 480.000000 640.000000
42 0.845790 0.517480 0.832424 0.462664 0.859155 0.572297 480.000000 640.000000
35 0.568818 0.497915 0.554254 0.440004 0.583382 0.555825 480.000000 640.000000
52 0.692850 0.552923 0.664692 0.463915 0.721007 0.641932 480.000000 640.000000
10 0.984761 0.528878 0.969068 0.464152 1.000454 0.593604 480.000000 640.000000
23 0.490916 0.506549 0.466084 0.446263 0.515748 0.566835 480.000000 640.000000
55 0.740489 0.609448 0.720358 0.530539 0.760619 0.688358 480.000000 640.000000
46 0.984583 0.557576 0.968924 0.464919 1.000241 0.650234 480.000000 640.000000
30 0.524056 0.544186 0.500492 0.469392 0.547620 0.618981 480.000000 640.000000
