22 0.801802 0.626489 0.771981 0.556894 0.831624 0.696083 480.000000 640.000000
47 0.857313 0.575853 0.841652 0.517340 0.872975 0.634366 480.000000 640.000000
54 0.257288 0.479267 0.237949 0.414612 0.276627 0.543922 480.000000 640.000000
1 0.289308 0.509038 0.260118 0.446540 0.318497 0.571536 480.000000 640.000000
60 0.352962 0.497384 0.332684 0.443993 0.373240 0.550776 480.000000 640.000000
5 0.417877 0.463559 0.402214 0.399776 0.433541 0.527342 480.000000 640.000000
63 0.535843 0.494067 0.517039 0.421396 0.554647 0.566738 480.000000 640.000000
42 0.640768 0.513873 0.627661 0.459276 0.653874 0.568469 480.000000 640.000000
81 0.839796 0.552393 0.820583 0.494487 0.859010 0.610299 480.000000 640.000000
69 0.709533 0.520915 0.686360 0.459963 0.732706 0.581868 480.000000 640.000000
82 0.258298 0.504213 0.239914 0.464289 0.276681 0.544137 480.000000 640.000000
55 0.960105 0.610801 0.934096 0.533522 0.986115 0.688081 480.000000 640.000000
