1 0.539747 0.611695 0.513412 0.541550 0.566083 0.681840 480.000000 640.000000
2 0.355946 0.489812 0.334986 0.429262 0.376905 0.550362 480.000000 640.000000
3 0.027059 0.508042 0.000282 0.455467 0.053835 0.560618 480.000000 640.000000
4 0.047728 0.614638 0.018000 0.539571 0.077457 0.689704 480.000000 640.000000
5 0.172236 0.573246 0.144183 0.498206 0.200289 0.648286 480.000000 640.000000
6 0.595333 0.490850 0.577083 0.433375 0.613583 0.548326 480.000000 640.000000
7 0.183344 0.482314 0.165993 0.416599 0.200695 0.548028 480.000000 640.000000
9 0.091166 0.490679 0.074921 0.431273 0.107411 0.550084 480.000000 640.000000
10 0.507443 0.594397 0.486369 0.531341 0.528517 0.657454 480.000000 640.000000
11 0.156606 0.443033 0.140771 0.388615 0.172441 0.497451 480.000000 640.000000
14 0.536829 0.522188 0.517357 0.459928 0.556301 0.584447 480.000000 640.000000
