4 0.491417 0.548254 0.475162 0.495177 0.507673 0.601332 480.000000 640.000000
30 0.507505 0.579817 0.492416 0.520969 0.522594 0.638665 480.000000 640.000000
62 0.894721 0.494106 0.871817 0.428358 0.917626 0.559854 480.000000 640.000000
14 0.819545 0.563486 0.787108 0.465823 0.851983 0.661148 480.000000 640.000000
40 0.706449 0.497302 0.692665 0.434573 0.720234 0.560031 480.000000 640.000000
6 0.248791 0.491994 0.225795 0.425534 0.271786 0.558453 480.000000 640.000000
86 0.880336 0.479458 0.861998 0.422490 0.898674 0.536426 480.000000 640.000000
5 0.483451 0.617065 0.453994 0.540149 0.512907 0.693981 480.000000 640.000000
41 0.735402 0.509768 0.716111 0.448144 0.754694 0.571392 480.000000 640.000000
87 0.328012 0.511935 0.311964 0.447913 0.344060 0.575958 480.000000 640.000000
31 0.830426 0.599371 0.805651 0.533737 0.855201 0.665004 480.000000 640.000000
42 0.318425 0.540240 0.301279 0.487029 0.335571 0.593451 480.000000 640.000000
36 0.308746 0.594278 0.283003 0.497884 0.334489 0.690673 480.000000 640.000000
