2 0.290728 0.491528 0.272697 0.429675 0.308759 0.553381 480.000000 640.000000
3 0.025507 0.523173 0.000453 0.435636 0.050561 0.610709 480.000000 640.000000
4 0.120428 0.617659 0.093364 0.543912 0.147491 0.691407 480.000000 640.000000
5 0.226039 0.584929 0.204894 0.526160 0.247184 0.643699 480.000000 640.000000
7 0.126607 0.484557 0.100563 0.417390 0.152651 0.551725 480.000000 640.000000
11 0.097587 0.446862 0.082505 0.388163 0.112670 0.505562 480.000000 640.000000
14 0.582802 0.528658 0.561860 0.459288 0.603743 0.598028 480.000000 640.000000
1 0.584303 0.562989 0.560914 0.462212 0.607693 0.663766 480.000000 640.000000
21 0.533999 0.496720 0.514478 0.432885 0.553520 0.560555 480.000000 640.000000
22 0.213383 0.542426 0.196474 0.502396 0.230292 0.582457 480.000000 640.000000
10 0.561976 0.598071 0.548773 0.534124 0.575179 0.662017 480.000000 640.000000
24 0.039168 0.519097 0.022087 0.450000 0.056250 0.588194 480.000000 640.000000
