1 0.540983 0.610585 0.515445 0.540406 0.566522 0.680764 480.000000 640.000000
2 0.352531 0.491045 0.328236 0.430643 0.376827 0.551446 480.000000 640.000000
3 0.025534 0.509031 0.000854 0.458152 0.050214 0.559910 480.000000 640.000000
4 0.048634 0.615282 0.019942 0.538080 0.077327 0.692485 480.000000 640.000000
5 0.175158 0.580778 0.148031 0.512872 0.202285 0.648685 480.000000 640.000000
6 0.590741 0.494296 0.574284 0.433399 0.607198 0.555193 480.000000 640.000000
7 0.179799 0.479240 0.162544 0.416557 0.197053 0.541924 480.000000 640.000000
9 0.087515 0.490269 0.073464 0.430633 0.101566 0.549905 480.000000 640.000000
10 0.510027 0.594551 0.489216 0.529808 0.530838 0.659293 480.000000 640.000000
11 0.151989 0.444132 0.135550 0.389274 0.168428 0.498990 480.000000 640.000000
14 0.538358 0.519988 0.518960 0.459895 0.557756 0.580081 480.000000 640.000000
