4 0.289736 0.610537 0.265641 0.531131 0.313832 0.689944 480.000000 640.000000
5 0.352437 0.570735 0.333124 0.500171 0.371750 0.641299 480.000000 640.000000
9 0.170775 0.523552 0.152842 0.458561 0.188708 0.588544 480.000000 640.000000
32 0.127174 0.489549 0.108114 0.433435 0.146234 0.545663 480.000000 640.000000
36 0.108939 0.610465 0.090944 0.537921 0.126934 0.683008 480.000000 640.000000
41 0.921158 0.529057 0.892850 0.465658 0.949465 0.592456 480.000000 640.000000
42 0.162436 0.559465 0.142813 0.502074 0.182059 0.616855 480.000000 640.000000
6 0.394414 0.495347 0.372680 0.429092 0.416149 0.561602 480.000000 640.000000
14 0.698860 0.525087 0.675953 0.464765 0.721767 0.585410 480.000000 640.000000
20 0.699451 0.568118 0.674185 0.464289 0.724716 0.671948 480.000000 640.000000
49 0.972317 0.460783 0.947891 0.397971 0.996744 0.523595 480.000000 640.000000
31 0.705144 0.604601 0.685575 0.536791 0.724713 0.672411 480.000000 640.000000
40 0.894220 0.502450 0.872310 0.435480 0.916130 0.569420 480.000000 640.000000
30 0.363492 0.579827 0.344335 0.517714 0.382648 0.641939 480.000000 640.000000
