4 0.460107 0.601433 0.442568 0.533284 0.477646 0.669583 480.000000 640.000000
36 0.275140 0.614930 0.259381 0.544519 0.290899 0.685342 480.000000 640.000000
30 0.479146 0.576427 0.464491 0.515668 0.493801 0.637185 480.000000 640.000000
54 0.844219 0.499933 0.818648 0.434554 0.869790 0.565311 480.000000 640.000000
20 0.798950 0.592638 0.773989 0.524220 0.823911 0.661057 480.000000 640.000000
5 0.461090 0.582405 0.441954 0.496611 0.480225 0.668198 480.000000 640.000000
62 0.924368 0.493770 0.898495 0.425407 0.950241 0.562132 480.000000 640.000000
14 0.795661 0.539716 0.774184 0.467007 0.817138 0.612424 480.000000 640.000000
40 0.735371 0.495584 0.713254 0.433228 0.757488 0.557939 480.000000 640.000000
80 0.769701 0.515289 0.755354 0.449431 0.784049 0.581146 480.000000 640.000000
6 0.272960 0.485830 0.254022 0.429729 0.291899 0.541930 480.000000 640.000000
82 0.439063 0.621181 0.416927 0.549653 0.461198 0.692708 480.000000 640.000000
9 0.304382 0.513571 0.287271 0.451021 0.321493 0.576120 480.000000 640.000000
