4 0.436898 0.611613 0.410492 0.535732 0.463303 0.687494 480.000000 640.000000
32 0.012350 0.497535 -0.000196 0.443541 0.024895 0.551529 480.000000 640.000000
36 0.255945 0.616861 0.229481 0.545153 0.282408 0.688570 480.000000 640.000000
30 0.469208 0.577509 0.455003 0.517670 0.483413 0.637349 480.000000 640.000000
54 0.851210 0.506839 0.821445 0.448574 0.880975 0.565104 480.000000 640.000000
20 0.789784 0.561841 0.761774 0.464218 0.817793 0.659464 480.000000 640.000000
5 0.455212 0.557610 0.439786 0.495866 0.470637 0.619354 480.000000 640.000000
62 0.931773 0.495166 0.907278 0.428214 0.956267 0.562118 480.000000 640.000000
14 0.790614 0.527816 0.767733 0.457741 0.813495 0.597890 480.000000 640.000000
42 0.278937 0.551070 0.264148 0.494364 0.293725 0.607776 480.000000 640.000000
78 0.841875 0.455701 0.822428 0.398580 0.861322 0.512823 480.000000 640.000000
40 0.754393 0.494082 0.740145 0.433282 0.768641 0.554882 480.000000 640.000000
