4 0.454306 0.605486 0.433466 0.533553 0.475147 0.677419 480.000000 640.000000
36 0.271025 0.614369 0.254158 0.544679 0.287892 0.684059 480.000000 640.000000
30 0.474438 0.572347 0.458992 0.511336 0.489884 0.633359 480.000000 640.000000
54 0.846552 0.502158 0.817796 0.438296 0.875307 0.566021 480.000000 640.000000
20 0.794334 0.582868 0.770216 0.508914 0.818452 0.656822 480.000000 640.000000
5 0.459268 0.578489 0.439813 0.495611 0.478722 0.661368 480.000000 640.000000
62 0.925721 0.495642 0.899700 0.429976 0.951743 0.561308 480.000000 640.000000
14 0.793636 0.528673 0.775043 0.468672 0.812230 0.588674 480.000000 640.000000
40 0.739557 0.495808 0.720053 0.434413 0.759062 0.557203 480.000000 640.000000
80 0.772042 0.501255 0.758652 0.448689 0.785433 0.553821 480.000000 640.000000
6 0.276336 0.484446 0.256045 0.428613 0.296627 0.540279 480.000000 640.000000
81 0.303906 0.512847 0.292969 0.448958 0.314844 0.576736 480.000000 640.000000
