4 0.353061 0.607823 0.323987 0.540483 0.382136 0.675164 480.000000 640.000000
9 0.224555 0.533363 0.202974 0.476465 0.246136 0.590261 480.000000 640.000000
32 0.073790 0.494237 0.045656 0.433021 0.101924 0.555453 480.000000 640.000000
36 0.173208 0.606634 0.157992 0.540722 0.188425 0.672545 480.000000 640.000000
41 0.865571 0.520089 0.848716 0.455377 0.882426 0.584801 480.000000 640.000000
49 0.920432 0.461616 0.902625 0.399447 0.938239 0.523785 480.000000 640.000000
40 0.836383 0.499693 0.824052 0.436685 0.848715 0.562700 480.000000 640.000000
30 0.410383 0.581629 0.388337 0.521821 0.432428 0.641436 480.000000 640.000000
54 0.940041 0.511136 0.918361 0.453059 0.961721 0.569213 480.000000 640.000000
20 0.736556 0.563012 0.710470 0.467348 0.762643 0.658675 480.000000 640.000000
6 0.346171 0.488824 0.326359 0.431617 0.365983 0.546030 480.000000 640.000000
5 0.392384 0.557832 0.375937 0.497399 0.408830 0.618265 480.000000 640.000000
14 0.738007 0.542045 0.714748 0.468083 0.761267 0.616007 480.000000 640.000000
62 0.988091 0.490080 0.976232 0.420455 0.999950 0.559704 480.000000 640.000000
42 0.205105 0.557024 0.189774 0.497566 0.220436 0.616482 480.000000 640.000000
31 0.748200 0.602763 0.722717 0.538198 0.773683 0.667328 480.000000 640.000000
