4 0.315014 0.614323 0.291275 0.536889 0.338753 0.691756 480.000000 640.000000
5 0.362075 0.567749 0.345155 0.504387 0.378996 0.631111 480.000000 640.000000
9 0.194289 0.518264 0.171481 0.452787 0.217098 0.583742 480.000000 640.000000
32 0.108200 0.493409 0.077790 0.433556 0.138610 0.553261 480.000000 640.000000
36 0.132174 0.615844 0.111626 0.544819 0.152721 0.686870 480.000000 640.000000
41 0.905219 0.522851 0.888610 0.459756 0.921829 0.585945 480.000000 640.000000
42 0.174246 0.558608 0.152284 0.500479 0.196209 0.616738 480.000000 640.000000
14 0.713391 0.523564 0.689403 0.465703 0.737378 0.581424 480.000000 640.000000
20 0.711547 0.561448 0.682132 0.464109 0.740962 0.658787 480.000000 640.000000
49 0.955388 0.459516 0.943088 0.393990 0.967688 0.525041 480.000000 640.000000
40 0.875059 0.508581 0.857325 0.449992 0.892792 0.567171 480.000000 640.000000
30 0.374959 0.567399 0.346296 0.491868 0.403623 0.642930 480.000000 640.000000
31 0.718974 0.606379 0.694458 0.541847 0.743490 0.670911 480.000000 640.000000
54 0.980480 0.515828 0.961151 0.459684 0.999809 0.571971 480.000000 640.000000
