1 0.507552 0.569097 0.484375 0.457639 0.530729 0.680556 480.000000 640.000000
2 0.396094 0.489583 0.372656 0.425694 0.419531 0.553472 480.000000 640.000000
3 0.066536 0.497917 0.041732 0.436111 0.091341 0.559722 480.000000 640.000000
4 0.017432 0.612153 0.000000 0.535417 0.034863 0.688889 480.000000 640.000000
5 0.138314 0.575694 0.110872 0.499653 0.165755 0.651736 480.000000 640.000000
6 0.628646 0.500694 0.611979 0.432986 0.645312 0.568403 480.000000 640.000000
7 0.216667 0.480208 0.199089 0.421181 0.234245 0.539236 480.000000 640.000000
8 0.477865 0.591667 0.457813 0.527778 0.497917 0.655556 480.000000 640.000000
9 0.143490 0.490278 0.124089 0.431597 0.162891 0.548958 480.000000 640.000000
10 0.485677 0.591319 0.473438 0.527778 0.497917 0.654861 480.000000 640.000000
