4 0.361015 0.611204 0.339874 0.534333 0.382156 0.688075 480.000000 640.000000
9 0.234162 0.527006 0.210828 0.462975 0.257495 0.591036 480.000000 640.000000
32 0.060191 0.495521 0.033592 0.435371 0.086789 0.555671 480.000000 640.000000
36 0.180555 0.610417 0.162850 0.541776 0.198259 0.679058 480.000000 640.000000
41 0.855568 0.518697 0.839162 0.453386 0.871974 0.584008 480.000000 640.000000
49 0.911939 0.460610 0.900610 0.399145 0.923267 0.522075 480.000000 640.000000
40 0.823270 0.498247 0.801904 0.435580 0.844636 0.560913 480.000000 640.000000
30 0.416126 0.583248 0.390595 0.523682 0.441658 0.642813 480.000000 640.000000
54 0.934105 0.510877 0.906715 0.453161 0.961494 0.568592 480.000000 640.000000
20 0.741800 0.602761 0.704055 0.540110 0.779544 0.665411 480.000000 640.000000
6 0.340264 0.489851 0.323124 0.428337 0.357405 0.551366 480.000000 640.000000
5 0.399092 0.558018 0.382166 0.499474 0.416018 0.616562 480.000000 640.000000
14 0.744170 0.532182 0.722340 0.467924 0.765999 0.596441 480.000000 640.000000
62 0.987076 0.487579 0.974222 0.416512 0.999931 0.558646 480.000000 640.000000
42 0.213977 0.558606 0.191563 0.500271 0.236391 0.616940 480.000000 640.000000
31 0.753413 0.604750 0.726545 0.542253 0.780280 0.667247 480.000000 640.000000
