4 0.393467 0.609922 0.366594 0.533748 0.420341 0.686097 480.000000 640.000000
9 0.250502 0.523837 0.231559 0.458367 0.269445 0.589308 480.000000 640.000000
32 0.038435 0.492699 0.012395 0.432687 0.064475 0.552711 480.000000 640.000000
36 0.211325 0.609935 0.192151 0.542769 0.230500 0.677100 480.000000 640.000000
41 0.825524 0.517119 0.805689 0.452702 0.845359 0.581537 480.000000 640.000000
49 0.879127 0.462531 0.858146 0.399713 0.900108 0.525348 480.000000 640.000000
40 0.798297 0.498019 0.784894 0.438463 0.811701 0.557575 480.000000 640.000000
30 0.436097 0.578517 0.421798 0.517578 0.450396 0.639456 480.000000 640.000000
54 0.895226 0.505699 0.870031 0.444246 0.920421 0.567151 480.000000 640.000000
20 0.759738 0.560216 0.737221 0.465948 0.782256 0.654484 480.000000 640.000000
6 0.319282 0.501186 0.296269 0.446259 0.342295 0.556113 480.000000 640.000000
5 0.426893 0.567940 0.406761 0.502842 0.447024 0.633037 480.000000 640.000000
14 0.760868 0.530305 0.740818 0.467236 0.780918 0.593374 480.000000 640.000000
62 0.968246 0.493324 0.943152 0.426230 0.993341 0.560419 480.000000 640.000000
31 0.772012 0.601012 0.757429 0.535134 0.786595 0.666891 480.000000 640.000000
68 0.258756 0.523554 0.248035 0.459276 0.269478 0.587833 480.000000 640.000000
71 0.319531 0.520486 0.296615 0.483681 0.342448 0.557292 480.000000 640.000000
