4 0.384494 0.607249 0.360274 0.533596 0.408715 0.680902 480.000000 640.000000
9 0.251604 0.520260 0.235945 0.460468 0.267263 0.580051 480.000000 640.000000
32 0.042251 0.490406 0.017587 0.432983 0.066915 0.547829 480.000000 640.000000
36 0.201694 0.612583 0.178766 0.544756 0.224622 0.680410 480.000000 640.000000
41 0.832610 0.520002 0.807243 0.456133 0.857977 0.583871 480.000000 640.000000
49 0.888484 0.475666 0.861494 0.401158 0.915474 0.550173 480.000000 640.000000
40 0.802298 0.504312 0.786960 0.449817 0.817637 0.558806 480.000000 640.000000
30 0.430783 0.580367 0.415862 0.520092 0.445703 0.640643 480.000000 640.000000
54 0.906955 0.504161 0.891111 0.441149 0.922798 0.567173 480.000000 640.000000
20 0.757700 0.557217 0.735802 0.466074 0.779598 0.648361 480.000000 640.000000
6 0.322841 0.500088 0.300970 0.446041 0.344711 0.554134 480.000000 640.000000
5 0.421122 0.571346 0.400708 0.509822 0.441536 0.632870 480.000000 640.000000
14 0.758366 0.531126 0.737732 0.468343 0.779000 0.593908 480.000000 640.000000
62 0.971379 0.492248 0.946751 0.422949 0.996008 0.561547 480.000000 640.000000
42 0.230497 0.557642 0.215887 0.499534 0.245107 0.615750 480.000000 640.000000
31 0.764466 0.601773 0.744700 0.536016 0.784233 0.667531 480.000000 640.000000
66 0.390478 0.570263 0.376436 0.532135 0.404521 0.608391 480.000000 640.000000
68 0.255924 0.519144 0.246123 0.460800 0.265725 0.577488 480.000000 640.000000
