4 0.412029 0.614547 0.392243 0.540366 0.431815 0.688728 480.000000 640.000000
9 0.276354 0.527855 0.250201 0.467039 0.302508 0.588671 480.000000 640.000000
32 0.015374 0.490571 -0.000720 0.433175 0.031468 0.547967 480.000000 640.000000
36 0.237646 0.615959 0.213702 0.544842 0.261590 0.687076 480.000000 640.000000
41 0.806631 0.517195 0.789898 0.457162 0.823364 0.577227 480.000000 640.000000
49 0.865842 0.445159 0.855786 0.391253 0.875898 0.499066 480.000000 640.000000
30 0.455868 0.581497 0.430646 0.520833 0.481090 0.642162 480.000000 640.000000
54 0.876440 0.506612 0.860185 0.447364 0.892694 0.565859 480.000000 640.000000
20 0.783254 0.568884 0.751883 0.471824 0.814625 0.665944 480.000000 640.000000
6 0.298011 0.483805 0.280757 0.427762 0.315264 0.539848 480.000000 640.000000
5 0.441148 0.554130 0.425001 0.499754 0.457295 0.608507 480.000000 640.000000
62 0.947830 0.486936 0.925406 0.414852 0.970254 0.559021 480.000000 640.000000
14 0.779452 0.541238 0.750931 0.471703 0.807973 0.610773 480.000000 640.000000
