2 0.262442 0.491790 0.238310 0.430849 0.286574 0.552730 480.000000 640.000000
3 0.047405 0.529044 0.024427 0.457293 0.070384 0.600796 480.000000 640.000000
4 0.146789 0.614848 0.118484 0.535737 0.175094 0.693959 480.000000 640.000000
5 0.252578 0.572421 0.223547 0.499527 0.281610 0.645315 480.000000 640.000000
7 0.099336 0.485565 0.081071 0.420612 0.117600 0.550519 480.000000 640.000000
11 0.063973 0.449067 0.047867 0.389961 0.080079 0.508173 480.000000 640.000000
14 0.603884 0.519397 0.583608 0.462725 0.624160 0.576068 480.000000 640.000000
21 0.505628 0.496939 0.484441 0.432963 0.526814 0.560916 480.000000 640.000000
10 0.576134 0.601557 0.555879 0.539397 0.596390 0.663717 480.000000 640.000000
9 0.037913 0.545537 0.017649 0.479309 0.058177 0.611765 480.000000 640.000000
20 0.609104 0.610757 0.579765 0.542576 0.638442 0.678939 480.000000 640.000000
27 0.006223 0.522182 0.000141 0.503535 0.012304 0.540829 480.000000 640.000000
