4 0.280932 0.612156 0.251820 0.530247 0.310043 0.694066 480.000000 640.000000
5 0.345186 0.570757 0.321891 0.501324 0.368481 0.640191 480.000000 640.000000
9 0.171986 0.513952 0.160287 0.449043 0.183685 0.578862 480.000000 640.000000
32 0.131152 0.494615 0.112842 0.432886 0.149463 0.556344 480.000000 640.000000
36 0.098818 0.602504 0.080853 0.548773 0.116784 0.656235 480.000000 640.000000
37 0.007846 0.491669 -0.000038 0.435317 0.015730 0.548021 480.000000 640.000000
40 0.898231 0.505739 0.874773 0.441568 0.921690 0.569910 480.000000 640.000000
41 0.927830 0.528717 0.903203 0.463596 0.952456 0.593839 480.000000 640.000000
42 0.146727 0.563882 0.126487 0.509799 0.166967 0.617965 480.000000 640.000000
6 0.399315 0.493128 0.380428 0.427454 0.418201 0.558801 480.000000 640.000000
14 0.691989 0.524306 0.669427 0.464764 0.714551 0.583848 480.000000 640.000000
20 0.687490 0.569314 0.657974 0.466170 0.717005 0.672459 480.000000 640.000000
48 0.164943 0.516628 0.149238 0.451922 0.180648 0.581333 480.000000 640.000000
49 0.976335 0.458823 0.952776 0.396868 0.999894 0.520777 480.000000 640.000000
