4 0.510915 0.563435 0.493597 0.495112 0.528233 0.631757 480.000000 640.000000
30 0.535195 0.576078 0.520786 0.519177 0.549604 0.632978 480.000000 640.000000
62 0.871177 0.480116 0.848127 0.408140 0.894226 0.552093 480.000000 640.000000
14 0.837955 0.571715 0.809807 0.481133 0.866103 0.662296 480.000000 640.000000
40 0.670747 0.497341 0.647979 0.435043 0.693515 0.559640 480.000000 640.000000
6 0.229001 0.494930 0.212505 0.432768 0.245498 0.557092 480.000000 640.000000
5 0.513556 0.628476 0.484849 0.561285 0.542264 0.695666 480.000000 640.000000
41 0.707348 0.510609 0.680360 0.448762 0.734335 0.572455 480.000000 640.000000
31 0.845885 0.594772 0.825756 0.526115 0.866014 0.663428 480.000000 640.000000
36 0.338140 0.616073 0.311343 0.538844 0.364938 0.693302 480.000000 640.000000
54 0.781230 0.481938 0.762399 0.401657 0.800062 0.562218 480.000000 640.000000
87 0.350130 0.516966 0.323831 0.451443 0.376429 0.582488 480.000000 640.000000
