4 0.368115 0.621884 0.342682 0.553165 0.393547 0.690603 480.000000 640.000000
9 0.240392 0.536347 0.215375 0.483181 0.265410 0.589513 480.000000 640.000000
32 0.051186 0.493933 0.027713 0.433620 0.074659 0.554246 480.000000 640.000000
36 0.184876 0.612888 0.163184 0.543268 0.206567 0.682509 480.000000 640.000000
41 0.847086 0.519060 0.826646 0.454342 0.867525 0.583778 480.000000 640.000000
49 0.907402 0.461045 0.896588 0.399657 0.918216 0.522433 480.000000 640.000000
40 0.815605 0.502329 0.792010 0.443007 0.839201 0.561651 480.000000 640.000000
30 0.418902 0.582286 0.393426 0.522032 0.444377 0.642539 480.000000 640.000000
54 0.929565 0.509401 0.906148 0.451434 0.952982 0.567368 480.000000 640.000000
20 0.750371 0.577632 0.723125 0.490284 0.777617 0.664981 480.000000 640.000000
6 0.337933 0.488119 0.322823 0.428045 0.353042 0.548194 480.000000 640.000000
5 0.402708 0.558364 0.385236 0.499215 0.420181 0.617513 480.000000 640.000000
14 0.747482 0.539749 0.725840 0.467666 0.769125 0.611832 480.000000 640.000000
62 0.983832 0.494123 0.968289 0.429944 0.999375 0.558301 480.000000 640.000000
42 0.218516 0.558719 0.195965 0.501112 0.241066 0.616327 480.000000 640.000000
31 0.754159 0.591342 0.727292 0.515836 0.781026 0.666848 480.000000 640.000000
65 0.372656 0.563194 0.359896 0.533333 0.385417 0.593056 480.000000 640.000000
