4 0.325408 0.612695 0.295609 0.533619 0.355206 0.691771 480.000000 640.000000
9 0.204262 0.519813 0.187608 0.451174 0.220916 0.588451 480.000000 640.000000
32 0.090519 0.493831 0.070574 0.433142 0.110464 0.554520 480.000000 640.000000
36 0.143616 0.616908 0.112848 0.545154 0.174384 0.688662 480.000000 640.000000
41 0.882763 0.521593 0.856379 0.458488 0.909146 0.584699 480.000000 640.000000
42 0.182277 0.558907 0.158753 0.500756 0.205802 0.617058 480.000000 640.000000
49 0.937277 0.461822 0.914317 0.399899 0.960237 0.523745 480.000000 640.000000
40 0.853934 0.501169 0.831736 0.439186 0.876131 0.563152 480.000000 640.000000
30 0.380916 0.577934 0.354711 0.516472 0.407120 0.639397 480.000000 640.000000
54 0.970691 0.516784 0.946583 0.459363 0.994800 0.574205 480.000000 640.000000
20 0.720853 0.563491 0.693456 0.462943 0.748250 0.664038 480.000000 640.000000
6 0.371960 0.489415 0.353999 0.426781 0.389921 0.552049 480.000000 640.000000
