4 0.411380 0.611859 0.391343 0.536659 0.431416 0.687060 480.000000 640.000000
9 0.274768 0.527699 0.247318 0.466264 0.302218 0.589133 480.000000 640.000000
32 0.017807 0.493673 -0.000865 0.433437 0.036480 0.553909 480.000000 640.000000
36 0.235975 0.615536 0.213675 0.544181 0.258275 0.686892 480.000000 640.000000
41 0.808588 0.515053 0.791542 0.452343 0.825633 0.577762 480.000000 640.000000
49 0.868184 0.455497 0.857184 0.392906 0.879184 0.518088 480.000000 640.000000
30 0.454661 0.581852 0.429637 0.521397 0.479686 0.642308 480.000000 640.000000
54 0.881698 0.506742 0.864928 0.447675 0.898469 0.565808 480.000000 640.000000
20 0.781603 0.569915 0.751526 0.473090 0.811679 0.666740 480.000000 640.000000
6 0.302154 0.477810 0.285125 0.429941 0.319182 0.525678 480.000000 640.000000
5 0.438693 0.555300 0.422457 0.500034 0.454929 0.610565 480.000000 640.000000
62 0.951432 0.487983 0.930140 0.417934 0.972725 0.558031 480.000000 640.000000
77 0.753646 0.594444 0.734375 0.533333 0.772917 0.655556 480.000000 640.000000
