4 0.501755 0.556628 0.485745 0.494742 0.517766 0.618513 480.000000 640.000000
30 0.520237 0.576896 0.510362 0.518651 0.530112 0.635141 480.000000 640.000000
62 0.886084 0.487977 0.862019 0.416354 0.910149 0.559600 480.000000 640.000000
14 0.825360 0.565978 0.804855 0.474990 0.845865 0.656965 480.000000 640.000000
40 0.681813 0.495354 0.656850 0.435543 0.706775 0.555165 480.000000 640.000000
6 0.239755 0.493465 0.217356 0.431283 0.262155 0.555647 480.000000 640.000000
5 0.493230 0.615710 0.467325 0.544446 0.519134 0.686973 480.000000 640.000000
41 0.717437 0.509986 0.697563 0.447401 0.737311 0.572571 480.000000 640.000000
31 0.843328 0.598141 0.828356 0.532668 0.858300 0.663614 480.000000 640.000000
36 0.328859 0.607866 0.310262 0.532526 0.347455 0.683206 480.000000 640.000000
54 0.788721 0.457862 0.769506 0.398636 0.807937 0.517087 480.000000 640.000000
87 0.338007 0.508395 0.318498 0.447098 0.357516 0.569693 480.000000 640.000000
