4 0.180773 0.614674 0.156142 0.536262 0.205404 0.693087 480.000000 640.000000
5 0.260230 0.565694 0.240291 0.505415 0.280169 0.625972 480.000000 640.000000
7 0.070693 0.512789 0.045313 0.422404 0.096072 0.603173 480.000000 640.000000
14 0.621762 0.526444 0.601248 0.463790 0.642277 0.589099 480.000000 640.000000
21 0.490324 0.496060 0.469922 0.433260 0.510726 0.558860 480.000000 640.000000
9 0.063807 0.563292 0.039620 0.509000 0.087995 0.617584 480.000000 640.000000
11 0.039455 0.447173 0.019763 0.384516 0.059147 0.509829 480.000000 640.000000
30 0.273549 0.579763 0.256916 0.519246 0.290181 0.640280 480.000000 640.000000
31 0.634896 0.609722 0.617708 0.543750 0.652083 0.675694 480.000000 640.000000
32 0.229818 0.493056 0.206380 0.432986 0.253255 0.553125 480.000000 640.000000
33 0.006401 0.647569 0.000000 0.620833 0.012801 0.674306 480.000000 640.000000
10 0.599248 0.599407 0.581933 0.533908 0.616563 0.664906 480.000000 640.000000
