2 0.281116 0.491526 0.263161 0.429896 0.299071 0.553155 480.000000 640.000000
3 0.041603 0.518654 0.021511 0.451289 0.061696 0.586019 480.000000 640.000000
4 0.135313 0.608132 0.105706 0.536497 0.164919 0.679767 480.000000 640.000000
5 0.226856 0.571827 0.204953 0.503554 0.248758 0.640101 480.000000 640.000000
7 0.120852 0.486780 0.092393 0.423166 0.149311 0.550394 480.000000 640.000000
11 0.086250 0.446233 0.072549 0.388143 0.099951 0.504322 480.000000 640.000000
14 0.591299 0.525467 0.568302 0.463578 0.614296 0.587356 480.000000 640.000000
1 0.592244 0.571539 0.568794 0.463380 0.615693 0.679698 480.000000 640.000000
21 0.530332 0.496844 0.509012 0.433717 0.551653 0.559970 480.000000 640.000000
10 0.567785 0.600903 0.551253 0.536821 0.584317 0.664984 480.000000 640.000000
9 0.022770 0.548424 -0.000610 0.482156 0.046151 0.614692 480.000000 640.000000
20 0.594026 0.611305 0.572684 0.540867 0.615368 0.681743 480.000000 640.000000
