4 0.275313 0.612740 0.249421 0.533419 0.301206 0.692061 480.000000 640.000000
5 0.333745 0.561301 0.314308 0.503139 0.353181 0.619462 480.000000 640.000000
9 0.161401 0.517216 0.142291 0.444426 0.180512 0.590006 480.000000 640.000000
32 0.138187 0.495485 0.119133 0.433880 0.157241 0.557089 480.000000 640.000000
36 0.087623 0.615837 0.063600 0.547978 0.111647 0.683696 480.000000 640.000000
37 0.013833 0.486116 -0.000284 0.423592 0.027951 0.548640 480.000000 640.000000
40 0.908019 0.517175 0.885444 0.464931 0.930593 0.569418 480.000000 640.000000
41 0.942225 0.529026 0.925366 0.464395 0.959083 0.593656 480.000000 640.000000
42 0.140643 0.560738 0.116476 0.503466 0.164809 0.618010 480.000000 640.000000
6 0.411375 0.485488 0.395490 0.430214 0.427260 0.540761 480.000000 640.000000
14 0.685596 0.527000 0.662449 0.463308 0.708743 0.590693 480.000000 640.000000
20 0.680867 0.570600 0.649501 0.470217 0.712233 0.670983 480.000000 640.000000
30 0.345170 0.581300 0.326054 0.520265 0.364285 0.642336 480.000000 640.000000
48 0.169601 0.516830 0.154145 0.448204 0.185056 0.585457 480.000000 640.000000
49 0.980458 0.471883 0.961039 0.424934 0.999878 0.518831 480.000000 640.000000
