2 0.266254 0.493140 0.241650 0.431814 0.290858 0.554466 480.000000 640.000000
3 0.046397 0.527465 0.025948 0.464643 0.066845 0.590287 480.000000 640.000000
4 0.144681 0.613859 0.116439 0.534623 0.172922 0.693094 480.000000 640.000000
5 0.248550 0.573038 0.219985 0.500791 0.277114 0.645285 480.000000 640.000000
7 0.102956 0.485739 0.080970 0.420745 0.124942 0.550734 480.000000 640.000000
11 0.067145 0.452107 0.049445 0.392141 0.084845 0.512073 480.000000 640.000000
14 0.602285 0.520824 0.582008 0.463190 0.622562 0.578459 480.000000 640.000000
21 0.508562 0.496189 0.488740 0.432314 0.528384 0.560064 480.000000 640.000000
10 0.575562 0.602432 0.554922 0.539442 0.596202 0.665421 480.000000 640.000000
9 0.033834 0.559328 0.013401 0.504801 0.054267 0.613854 480.000000 640.000000
20 0.604744 0.611672 0.572342 0.544482 0.637147 0.678862 480.000000 640.000000
27 0.006496 0.521319 0.000120 0.501416 0.012873 0.541223 480.000000 640.000000
