4 0.184448 0.614213 0.157900 0.535254 0.210996 0.693173 480.000000 640.000000
5 0.264360 0.569963 0.241363 0.504395 0.287358 0.635531 480.000000 640.000000
14 0.623866 0.521447 0.603140 0.463870 0.644592 0.579024 480.000000 640.000000
21 0.488490 0.495912 0.467641 0.432394 0.509338 0.559430 480.000000 640.000000
9 0.065623 0.565399 0.041682 0.514541 0.089564 0.616257 480.000000 640.000000
11 0.039530 0.450085 0.022161 0.393071 0.056900 0.507099 480.000000 640.000000
31 0.634573 0.609710 0.617798 0.544300 0.651348 0.675121 480.000000 640.000000
32 0.226490 0.493103 0.202113 0.433317 0.250868 0.552888 480.000000 640.000000
10 0.603438 0.599059 0.586275 0.534334 0.620601 0.663785 480.000000 640.000000
34 0.189583 0.608333 0.169010 0.534375 0.210156 0.682292 480.000000 640.000000
