2 0.272829 0.491912 0.251516 0.431109 0.294142 0.552714 480.000000 640.000000
3 0.043357 0.515083 0.022651 0.454022 0.064063 0.576145 480.000000 640.000000
4 0.140999 0.611718 0.114162 0.534307 0.167835 0.689129 480.000000 640.000000
5 0.237676 0.573126 0.209637 0.502778 0.265716 0.643475 480.000000 640.000000
7 0.109030 0.486771 0.083134 0.423018 0.134927 0.550525 480.000000 640.000000
11 0.077543 0.457191 0.062286 0.404206 0.092801 0.510176 480.000000 640.000000
14 0.598295 0.517678 0.577991 0.464635 0.618600 0.570722 480.000000 640.000000
21 0.517981 0.491639 0.501486 0.433078 0.534475 0.550200 480.000000 640.000000
10 0.575045 0.602821 0.554460 0.536238 0.595630 0.669404 480.000000 640.000000
9 0.027555 0.558336 0.005006 0.501092 0.050105 0.615580 480.000000 640.000000
20 0.597243 0.615707 0.563290 0.551718 0.631196 0.679695 480.000000 640.000000
27 0.006979 0.508954 0.000141 0.478911 0.013816 0.538997 480.000000 640.000000
6 0.519025 0.473001 0.505761 0.432852 0.532288 0.513150 480.000000 640.000000
