1 0.544723 0.609159 0.521617 0.537736 0.567829 0.680583 480.000000 640.000000
2 0.347648 0.492108 0.319806 0.431692 0.375490 0.552524 480.000000 640.000000
3 0.022491 0.511754 0.001387 0.463275 0.043594 0.560233 480.000000 640.000000
4 0.052734 0.614185 0.025347 0.535612 0.080122 0.692757 480.000000 640.000000
5 0.178901 0.582454 0.152855 0.516092 0.204946 0.648817 480.000000 640.000000
6 0.581140 0.499233 0.562893 0.432870 0.599387 0.565597 480.000000 640.000000
7 0.175467 0.478490 0.156810 0.416110 0.194124 0.540870 480.000000 640.000000
9 0.082880 0.487815 0.068312 0.427859 0.097447 0.547772 480.000000 640.000000
10 0.516422 0.592392 0.497874 0.529581 0.534970 0.655202 480.000000 640.000000
11 0.147384 0.445479 0.130479 0.390025 0.164290 0.500933 480.000000 640.000000
14 0.541577 0.517885 0.521946 0.460700 0.561209 0.575071 480.000000 640.000000
