4 0.420005 0.614775 0.392033 0.536603 0.447978 0.692948 480.000000 640.000000
9 0.278773 0.530960 0.257347 0.466871 0.300199 0.595048 480.000000 640.000000
32 0.014237 0.489840 -0.000473 0.432899 0.028946 0.546781 480.000000 640.000000
36 0.241878 0.616635 0.214482 0.545438 0.269275 0.687832 480.000000 640.000000
41 0.802423 0.516100 0.782837 0.455854 0.822009 0.576347 480.000000 640.000000
49 0.860443 0.432896 0.850254 0.389691 0.870632 0.476101 480.000000 640.000000
30 0.458479 0.580864 0.435272 0.520954 0.481685 0.640773 480.000000 640.000000
54 0.867822 0.507237 0.851761 0.448309 0.883883 0.566165 480.000000 640.000000
20 0.787643 0.566306 0.757849 0.466123 0.817437 0.666488 480.000000 640.000000
6 0.296190 0.475712 0.281987 0.427336 0.310393 0.524087 480.000000 640.000000
5 0.445559 0.549883 0.429727 0.499680 0.461391 0.600087 480.000000 640.000000
62 0.946709 0.494123 0.927945 0.427473 0.965472 0.560773 480.000000 640.000000
14 0.790192 0.519790 0.757947 0.457739 0.822436 0.581841 480.000000 640.000000
42 0.266543 0.557561 0.254506 0.500515 0.278579 0.614607 480.000000 640.000000
