4 0.319510 0.615210 0.293201 0.536703 0.345819 0.693718 480.000000 640.000000
9 0.200984 0.521925 0.177254 0.450420 0.224713 0.593429 480.000000 640.000000
32 0.100050 0.493858 0.071897 0.433109 0.128202 0.554607 480.000000 640.000000
36 0.136856 0.616727 0.111693 0.545278 0.162020 0.688177 480.000000 640.000000
41 0.898312 0.521618 0.880392 0.457719 0.916232 0.585517 480.000000 640.000000
42 0.177291 0.559910 0.153213 0.500198 0.201369 0.619622 480.000000 640.000000
14 0.717439 0.530511 0.693428 0.464499 0.741451 0.596523 480.000000 640.000000
49 0.947456 0.459439 0.931742 0.396130 0.963169 0.522747 480.000000 640.000000
40 0.864672 0.505070 0.842452 0.443374 0.886893 0.566765 480.000000 640.000000
30 0.377766 0.572428 0.350524 0.501723 0.405008 0.643134 480.000000 640.000000
31 0.720514 0.604896 0.696481 0.539529 0.744547 0.670263 480.000000 640.000000
54 0.975644 0.515686 0.951605 0.459986 0.999683 0.571386 480.000000 640.000000
20 0.716871 0.564016 0.690484 0.462960 0.743258 0.665073 480.000000 640.000000
