4 0.188430 0.620417 0.161059 0.548409 0.215801 0.692425 480.000000 640.000000
5 0.272772 0.566330 0.251350 0.504424 0.294194 0.628236 480.000000 640.000000
14 0.630589 0.516011 0.609619 0.464025 0.651559 0.567997 480.000000 640.000000
21 0.473993 0.495558 0.455033 0.432217 0.492952 0.558899 480.000000 640.000000
9 0.076333 0.551913 0.054058 0.489413 0.098607 0.614413 480.000000 640.000000
11 0.026882 0.448141 0.005738 0.390041 0.048026 0.506240 480.000000 640.000000
31 0.640316 0.607625 0.619791 0.541088 0.660842 0.674162 480.000000 640.000000
32 0.224661 0.492954 0.202110 0.434218 0.247211 0.551690 480.000000 640.000000
10 0.609922 0.602965 0.590376 0.538844 0.629468 0.667087 480.000000 640.000000
35 0.059817 0.476779 0.041732 0.417053 0.077902 0.536505 480.000000 640.000000
36 0.011742 0.616794 0.000170 0.548467 0.023313 0.685122 480.000000 640.000000
37 0.066244 0.480343 0.051030 0.420214 0.081458 0.540472 480.000000 640.000000
38 0.983333 0.514236 0.967187 0.448264 0.999479 0.580208 480.000000 640.000000
30 0.286377 0.579997 0.267208 0.515205 0.305545 0.644788 480.000000 640.000000
