4 0.407766 0.613659 0.388831 0.537194 0.426700 0.690124 480.000000 640.000000
9 0.270047 0.523277 0.243723 0.461045 0.296370 0.585509 480.000000 640.000000
32 0.020164 0.493509 -0.000911 0.433641 0.041240 0.553377 480.000000 640.000000
36 0.231763 0.614072 0.212521 0.542752 0.251005 0.685393 480.000000 640.000000
41 0.812047 0.514069 0.794049 0.451390 0.830045 0.576748 480.000000 640.000000
49 0.871456 0.455437 0.858806 0.393567 0.884106 0.517307 480.000000 640.000000
30 0.452330 0.581404 0.429623 0.521381 0.475037 0.641428 480.000000 640.000000
54 0.888888 0.507846 0.864997 0.448625 0.912779 0.567067 480.000000 640.000000
20 0.778138 0.568510 0.750506 0.469058 0.805770 0.667963 480.000000 640.000000
6 0.307651 0.492527 0.288306 0.431922 0.326996 0.553133 480.000000 640.000000
5 0.433828 0.559522 0.417451 0.499660 0.450204 0.619385 480.000000 640.000000
62 0.961639 0.497133 0.941284 0.432886 0.981994 0.561379 480.000000 640.000000
75 0.751563 0.595833 0.733333 0.536458 0.769792 0.655208 480.000000 640.000000
