4 0.264568 0.615880 0.241960 0.539297 0.287176 0.692464 480.000000 640.000000
5 0.328376 0.559570 0.311840 0.501389 0.344912 0.617750 480.000000 640.000000
9 0.152403 0.503359 0.132387 0.433137 0.172419 0.573582 480.000000 640.000000
32 0.152132 0.490995 0.132353 0.431230 0.171911 0.550760 480.000000 640.000000
36 0.081880 0.614736 0.062080 0.546137 0.101680 0.683336 480.000000 640.000000
37 0.015671 0.482194 -0.000459 0.416766 0.031801 0.547621 480.000000 640.000000
40 0.921692 0.516352 0.905884 0.461120 0.937500 0.571584 480.000000 640.000000
41 0.951440 0.528342 0.932491 0.463061 0.970389 0.593624 480.000000 640.000000
42 0.136754 0.558943 0.114349 0.499392 0.159160 0.618493 480.000000 640.000000
6 0.418990 0.488582 0.397414 0.432133 0.440565 0.545030 480.000000 640.000000
14 0.679543 0.536853 0.656435 0.463933 0.702652 0.609774 480.000000 640.000000
20 0.678433 0.562621 0.648054 0.464220 0.708811 0.661022 480.000000 640.000000
30 0.339820 0.584693 0.315468 0.523920 0.364173 0.645467 480.000000 640.000000
47 0.274569 0.602128 0.256585 0.534585 0.292553 0.669672 480.000000 640.000000
48 0.167708 0.537847 0.153125 0.495486 0.182292 0.580208 480.000000 640.000000
