4 0.269453 0.613504 0.245404 0.534626 0.293502 0.692382 480.000000 640.000000
5 0.325325 0.565549 0.307522 0.500035 0.343128 0.631063 480.000000 640.000000
9 0.150012 0.519276 0.128012 0.456589 0.172012 0.581963 480.000000 640.000000
32 0.161796 0.484984 0.138832 0.428864 0.184760 0.541105 480.000000 640.000000
36 0.077060 0.613215 0.060753 0.544430 0.093366 0.681999 480.000000 640.000000
37 0.015994 0.481197 -0.000558 0.413870 0.032546 0.548524 480.000000 640.000000
40 0.927923 0.517498 0.912303 0.463474 0.943542 0.571521 480.000000 640.000000
41 0.957846 0.530572 0.932305 0.466793 0.983388 0.594352 480.000000 640.000000
42 0.132376 0.558576 0.114235 0.498526 0.150517 0.618626 480.000000 640.000000
6 0.421437 0.490143 0.398659 0.432328 0.444216 0.547959 480.000000 640.000000
14 0.676693 0.520769 0.655505 0.464210 0.697882 0.577327 480.000000 640.000000
20 0.675514 0.542857 0.652432 0.464258 0.698596 0.621455 480.000000 640.000000
31 0.684699 0.607074 0.657635 0.542200 0.711762 0.671947 480.000000 640.000000
30 0.337764 0.585295 0.311978 0.525490 0.363551 0.645101 480.000000 640.000000
