4 0.336132 0.609313 0.314053 0.539199 0.358212 0.679426 480.000000 640.000000
9 0.211571 0.516902 0.190697 0.452023 0.232446 0.581781 480.000000 640.000000
32 0.084424 0.489862 0.062764 0.432768 0.106085 0.546957 480.000000 640.000000
36 0.154105 0.614630 0.129783 0.542182 0.178427 0.687078 480.000000 640.000000
41 0.876936 0.521484 0.849847 0.458105 0.904026 0.584862 480.000000 640.000000
42 0.196875 0.549568 0.182749 0.495449 0.211001 0.603688 480.000000 640.000000
49 0.926595 0.461789 0.902983 0.400007 0.950207 0.523571 480.000000 640.000000
40 0.848166 0.497175 0.830145 0.434785 0.866186 0.559566 480.000000 640.000000
30 0.388962 0.579860 0.365573 0.520697 0.412351 0.639023 480.000000 640.000000
54 0.956337 0.511879 0.943960 0.453217 0.968713 0.570542 480.000000 640.000000
20 0.728988 0.564597 0.703518 0.464631 0.754458 0.664563 480.000000 640.000000
6 0.359226 0.484331 0.343371 0.427125 0.375080 0.541536 480.000000 640.000000
5 0.382735 0.549748 0.364823 0.497127 0.400647 0.602368 480.000000 640.000000
60 0.384375 0.523611 0.368750 0.497222 0.400000 0.550000 480.000000 640.000000
61 0.989062 0.511458 0.978125 0.465625 1.000000 0.557292 480.000000 640.000000
14 0.730437 0.536691 0.706818 0.465855 0.754056 0.607526 480.000000 640.000000
