2 0.304144 0.493301 0.276111 0.432514 0.332177 0.554088 480.000000 640.000000
3 0.015024 0.526785 0.000308 0.453220 0.029739 0.600351 480.000000 640.000000
4 0.100728 0.614646 0.075117 0.533505 0.126339 0.695787 480.000000 640.000000
5 0.217336 0.575041 0.189914 0.503855 0.244758 0.646226 480.000000 640.000000
7 0.133295 0.484246 0.112474 0.417567 0.154115 0.550925 480.000000 640.000000
9 0.030445 0.497474 0.008493 0.440807 0.052398 0.554140 480.000000 640.000000
11 0.103716 0.451795 0.084112 0.397431 0.123321 0.506158 480.000000 640.000000
14 0.576626 0.531127 0.555540 0.458345 0.597712 0.603908 480.000000 640.000000
6 0.547454 0.468114 0.534954 0.432942 0.559953 0.503286 480.000000 640.000000
1 0.576133 0.567674 0.552439 0.457747 0.599827 0.677601 480.000000 640.000000
20 0.577604 0.623611 0.553125 0.565278 0.602083 0.681944 480.000000 640.000000
21 0.541536 0.496181 0.521615 0.433333 0.561458 0.559028 480.000000 640.000000
