2 0.294230 0.491562 0.273741 0.429787 0.314720 0.553338 480.000000 640.000000
3 0.023602 0.528672 0.001089 0.451301 0.046114 0.606043 480.000000 640.000000
4 0.107737 0.615007 0.083012 0.534485 0.132461 0.695528 480.000000 640.000000
5 0.220728 0.582644 0.194776 0.519037 0.246680 0.646250 480.000000 640.000000
7 0.130333 0.484291 0.107480 0.417884 0.153186 0.550699 480.000000 640.000000
11 0.101223 0.446940 0.085257 0.389250 0.117189 0.504629 480.000000 640.000000
14 0.576224 0.525551 0.558430 0.458610 0.594018 0.592492 480.000000 640.000000
1 0.580276 0.571651 0.557995 0.465530 0.602556 0.677771 480.000000 640.000000
20 0.580417 0.617479 0.557839 0.552254 0.602995 0.682704 480.000000 640.000000
21 0.537358 0.496191 0.516639 0.432762 0.558077 0.559619 480.000000 640.000000
22 0.210547 0.561111 0.193490 0.502083 0.227604 0.620139 480.000000 640.000000
