2 0.322328 0.489849 0.304440 0.426682 0.340216 0.553016 480.000000 640.000000
3 0.012910 0.515175 -0.000162 0.450118 0.025981 0.580233 480.000000 640.000000
4 0.091789 0.616638 0.062469 0.536257 0.121108 0.697020 480.000000 640.000000
5 0.191070 0.569294 0.168291 0.503508 0.213850 0.635080 480.000000 640.000000
7 0.153262 0.483076 0.133071 0.417182 0.173454 0.548969 480.000000 640.000000
9 0.057249 0.490083 0.037660 0.432518 0.076839 0.547649 480.000000 640.000000
10 0.536438 0.594364 0.517766 0.530873 0.555110 0.657855 480.000000 640.000000
11 0.128521 0.455604 0.114595 0.407760 0.142447 0.503449 480.000000 640.000000
14 0.564666 0.515664 0.540533 0.451429 0.588798 0.579898 480.000000 640.000000
6 0.563962 0.468412 0.549918 0.432823 0.578006 0.504000 480.000000 640.000000
