2 0.309714 0.492956 0.282464 0.432651 0.336964 0.553261 480.000000 640.000000
3 0.012874 0.526144 0.000362 0.450217 0.025386 0.602070 480.000000 640.000000
4 0.097776 0.614077 0.071313 0.533730 0.124240 0.694424 480.000000 640.000000
5 0.212514 0.586733 0.184220 0.525319 0.240808 0.648147 480.000000 640.000000
7 0.137852 0.482094 0.114032 0.416449 0.161672 0.547738 480.000000 640.000000
9 0.035845 0.484684 0.018858 0.423186 0.052832 0.546183 480.000000 640.000000
11 0.108593 0.454121 0.087615 0.400504 0.129571 0.507737 480.000000 640.000000
14 0.567308 0.523055 0.542236 0.456932 0.592380 0.589177 480.000000 640.000000
6 0.551935 0.465510 0.540626 0.432854 0.563245 0.498165 480.000000 640.000000
18 0.575000 0.624653 0.549479 0.567708 0.600521 0.681597 480.000000 640.000000
19 0.203776 0.542014 0.184766 0.501736 0.222786 0.582292 480.000000 640.000000
10 0.544085 0.595525 0.522360 0.535959 0.565810 0.655091 480.000000 640.000000
