4 0.442707 0.612159 0.416695 0.537250 0.468720 0.687068 480.000000 640.000000
32 0.011000 0.501706 -0.000100 0.450315 0.022100 0.553098 480.000000 640.000000
36 0.262209 0.617465 0.235966 0.545363 0.288453 0.689567 480.000000 640.000000
30 0.470746 0.576849 0.456442 0.517326 0.485050 0.636372 480.000000 640.000000
54 0.850024 0.504111 0.818923 0.442386 0.881125 0.565836 480.000000 640.000000
20 0.790235 0.560154 0.765343 0.465430 0.815126 0.654877 480.000000 640.000000
5 0.457792 0.559062 0.440887 0.495211 0.474696 0.622912 480.000000 640.000000
62 0.929582 0.494706 0.904587 0.427686 0.954576 0.561725 480.000000 640.000000
14 0.791363 0.530434 0.768440 0.464182 0.814286 0.596687 480.000000 640.000000
78 0.839333 0.458061 0.820278 0.400068 0.858388 0.516054 480.000000 640.000000
40 0.747864 0.494163 0.731014 0.431573 0.764715 0.556753 480.000000 640.000000
80 0.775521 0.500000 0.763021 0.449653 0.788021 0.550347 480.000000 640.000000
