4 0.214325 0.611733 0.186951 0.535177 0.241699 0.688289 480.000000 640.000000
5 0.296583 0.574269 0.269982 0.503606 0.323183 0.644932 480.000000 640.000000
14 0.643053 0.530500 0.620858 0.460152 0.665248 0.600847 480.000000 640.000000
21 0.462273 0.497915 0.440437 0.432481 0.484110 0.563349 480.000000 640.000000
9 0.103458 0.518169 0.077827 0.450235 0.129088 0.586104 480.000000 640.000000
11 0.015120 0.447296 -0.000613 0.386933 0.030852 0.507659 480.000000 640.000000
32 0.203242 0.484771 0.183514 0.429440 0.222970 0.540102 480.000000 640.000000
36 0.025891 0.617152 0.007134 0.547332 0.044649 0.686971 480.000000 640.000000
37 0.053156 0.481651 0.032091 0.415547 0.074222 0.547754 480.000000 640.000000
20 0.647715 0.614201 0.621929 0.554160 0.673500 0.674243 480.000000 640.000000
