4 0.265836 0.612668 0.240908 0.535045 0.290765 0.690291 480.000000 640.000000
5 0.323555 0.565213 0.304983 0.499669 0.342127 0.630756 480.000000 640.000000
9 0.142310 0.522413 0.122778 0.452565 0.161842 0.592261 480.000000 640.000000
32 0.162691 0.486562 0.140391 0.428496 0.184991 0.544628 480.000000 640.000000
36 0.075898 0.611552 0.059229 0.544002 0.092567 0.679102 480.000000 640.000000
37 0.016030 0.482301 -0.000607 0.416475 0.032667 0.548127 480.000000 640.000000
40 0.930207 0.523577 0.914470 0.476250 0.945943 0.570905 480.000000 640.000000
41 0.960748 0.531002 0.932594 0.468022 0.988902 0.593982 480.000000 640.000000
42 0.129530 0.558142 0.113923 0.498134 0.145137 0.618149 480.000000 640.000000
6 0.422591 0.494320 0.400014 0.431616 0.445169 0.557025 480.000000 640.000000
14 0.674935 0.517899 0.653832 0.463686 0.696038 0.572111 480.000000 640.000000
20 0.674646 0.544146 0.652048 0.463401 0.697244 0.624890 480.000000 640.000000
31 0.683403 0.608001 0.656578 0.543805 0.710227 0.672198 480.000000 640.000000
30 0.336694 0.584900 0.311482 0.524841 0.361907 0.644960 480.000000 640.000000
45 0.161719 0.534722 0.147135 0.492708 0.176302 0.576736 480.000000 640.000000
