4 0.486825 0.536527 0.470860 0.496130 0.502791 0.576923 480.000000 640.000000
30 0.502835 0.580832 0.482700 0.521451 0.522971 0.640213 480.000000 640.000000
62 0.903171 0.495298 0.882947 0.430657 0.923395 0.559939 480.000000 640.000000
14 0.824879 0.567169 0.794839 0.468471 0.854919 0.665866 480.000000 640.000000
40 0.711914 0.496991 0.695871 0.433976 0.727956 0.560006 480.000000 640.000000
6 0.252664 0.491088 0.231187 0.424250 0.274141 0.557926 480.000000 640.000000
9 0.317021 0.539087 0.297977 0.481457 0.336065 0.596717 480.000000 640.000000
86 0.888101 0.491181 0.866617 0.429702 0.909586 0.552660 480.000000 640.000000
5 0.473151 0.614360 0.443396 0.532531 0.502905 0.696189 480.000000 640.000000
41 0.743758 0.512562 0.720287 0.449604 0.767229 0.575519 480.000000 640.000000
87 0.323705 0.518870 0.304648 0.449162 0.342762 0.588579 480.000000 640.000000
88 0.298438 0.598611 0.282813 0.548264 0.314063 0.648958 480.000000 640.000000
31 0.827266 0.595474 0.800034 0.525995 0.854497 0.664952 480.000000 640.000000
83 0.793131 0.598586 0.775466 0.545038 0.810796 0.652134 480.000000 640.000000
