1 0.542497 0.608399 0.517708 0.535953 0.567285 0.680844 480.000000 640.000000
2 0.349793 0.492173 0.323093 0.431594 0.376494 0.552753 480.000000 640.000000
3 0.024012 0.510736 0.000804 0.461640 0.047220 0.559832 480.000000 640.000000
4 0.050660 0.611393 0.023074 0.536334 0.078246 0.686452 480.000000 640.000000
5 0.177744 0.587040 0.151083 0.525076 0.204404 0.649005 480.000000 640.000000
6 0.584840 0.497550 0.567559 0.432699 0.602121 0.562402 480.000000 640.000000
7 0.177004 0.477837 0.157689 0.416059 0.196319 0.539615 480.000000 640.000000
9 0.085276 0.489373 0.071729 0.430815 0.098823 0.547931 480.000000 640.000000
10 0.513018 0.595486 0.493014 0.529662 0.533023 0.661309 480.000000 640.000000
11 0.151274 0.443612 0.136108 0.389514 0.166440 0.497710 480.000000 640.000000
14 0.539922 0.519472 0.520549 0.460137 0.559295 0.578806 480.000000 640.000000
