1 0.513773 0.571812 0.490151 0.461412 0.537396 0.682213 480.000000 640.000000
2 0.391393 0.492792 0.364113 0.431325 0.418673 0.554260 480.000000 640.000000
3 0.062251 0.498961 0.040558 0.435928 0.083945 0.561994 480.000000 640.000000
4 0.018987 0.602304 0.000095 0.533804 0.037880 0.670803 480.000000 640.000000
5 0.139667 0.578111 0.113195 0.505281 0.166139 0.650941 480.000000 640.000000
6 0.622365 0.499823 0.607042 0.431651 0.637689 0.567995 480.000000 640.000000
7 0.211716 0.484254 0.191624 0.418611 0.231808 0.549896 480.000000 640.000000
9 0.135227 0.474127 0.119203 0.430290 0.151250 0.517964 480.000000 640.000000
10 0.487598 0.591142 0.474886 0.527971 0.500309 0.654312 480.000000 640.000000
11 0.188281 0.449306 0.170964 0.393403 0.205599 0.505208 480.000000 640.000000
