4 0.534060 0.588424 0.513871 0.490953 0.554249 0.685896 480.000000 640.000000
14 0.860383 0.533625 0.838823 0.474300 0.881943 0.592949 480.000000 640.000000
40 0.636478 0.498560 0.611966 0.434792 0.660990 0.562327 480.000000 640.000000
6 0.206334 0.492194 0.184830 0.428930 0.227838 0.555458 480.000000 640.000000
5 0.544171 0.605057 0.522464 0.517536 0.565879 0.692577 480.000000 640.000000
41 0.674921 0.508232 0.655178 0.445510 0.694664 0.570954 480.000000 640.000000
87 0.373033 0.588529 0.348466 0.479958 0.397600 0.697100 480.000000 640.000000
31 0.872615 0.594298 0.850761 0.525345 0.894469 0.663251 480.000000 640.000000
95 0.754703 0.510338 0.730322 0.458091 0.779084 0.562585 480.000000 640.000000
62 0.843991 0.459423 0.822084 0.410665 0.865898 0.508182 480.000000 640.000000
54 0.765122 0.458569 0.747122 0.399161 0.783122 0.517977 480.000000 640.000000
42 0.372836 0.511924 0.351518 0.450189 0.394154 0.573658 480.000000 640.000000
36 0.374488 0.618255 0.353866 0.540274 0.395110 0.696237 480.000000 640.000000
