4 0.408867 0.613874 0.388594 0.536656 0.429140 0.691091 480.000000 640.000000
9 0.273059 0.523679 0.245375 0.461837 0.300742 0.585521 480.000000 640.000000
32 0.019036 0.493984 -0.001073 0.433509 0.039146 0.554458 480.000000 640.000000
36 0.234683 0.615013 0.212818 0.543645 0.256548 0.686380 480.000000 640.000000
41 0.811410 0.514297 0.791924 0.451754 0.830896 0.576841 480.000000 640.000000
49 0.870034 0.454494 0.858360 0.391924 0.881709 0.517064 480.000000 640.000000
30 0.453181 0.581596 0.429509 0.521087 0.476853 0.642105 480.000000 640.000000
54 0.885608 0.507738 0.865260 0.449130 0.905956 0.566345 480.000000 640.000000
20 0.776001 0.570862 0.742909 0.474078 0.809093 0.667646 480.000000 640.000000
6 0.305774 0.489447 0.286115 0.431160 0.325434 0.547733 480.000000 640.000000
5 0.436116 0.559666 0.420098 0.500788 0.452135 0.618544 480.000000 640.000000
62 0.957229 0.494976 0.938297 0.429158 0.976160 0.560794 480.000000 640.000000
76 0.436719 0.527778 0.420312 0.498958 0.453125 0.556597 480.000000 640.000000
