2 0.312654 0.492462 0.286650 0.432201 0.338657 0.552723 480.000000 640.000000
3 0.011970 0.515824 0.001030 0.449330 0.022910 0.582318 480.000000 640.000000
4 0.097103 0.615492 0.068282 0.534690 0.125924 0.696294 480.000000 640.000000
5 0.209367 0.574790 0.180259 0.502781 0.238476 0.646799 480.000000 640.000000
7 0.139427 0.482269 0.116867 0.416076 0.161986 0.548462 480.000000 640.000000
9 0.036949 0.485449 0.019994 0.425466 0.053905 0.545433 480.000000 640.000000
11 0.111558 0.457422 0.091831 0.410137 0.131285 0.504707 480.000000 640.000000
14 0.564444 0.524894 0.538768 0.453215 0.590119 0.596573 480.000000 640.000000
6 0.554083 0.463089 0.542735 0.432740 0.565432 0.493439 480.000000 640.000000
1 0.565147 0.569773 0.531820 0.458787 0.598473 0.680759 480.000000 640.000000
