4 0.220528 0.613420 0.191685 0.535406 0.249370 0.691433 480.000000 640.000000
5 0.295652 0.567326 0.273089 0.503612 0.318216 0.631040 480.000000 640.000000
14 0.647146 0.534694 0.623091 0.458437 0.671201 0.610950 480.000000 640.000000
21 0.458821 0.494142 0.436868 0.432820 0.480774 0.555464 480.000000 640.000000
9 0.109532 0.523182 0.083093 0.464298 0.135972 0.582065 480.000000 640.000000
11 0.010684 0.447393 -0.000776 0.387653 0.022144 0.507134 480.000000 640.000000
32 0.201170 0.477566 0.180016 0.413583 0.222324 0.541549 480.000000 640.000000
36 0.031311 0.619470 0.007575 0.550153 0.055048 0.688786 480.000000 640.000000
37 0.048528 0.482090 0.022478 0.416961 0.074578 0.547220 480.000000 640.000000
40 0.974479 0.515625 0.959375 0.451389 0.989583 0.579861 480.000000 640.000000
41 0.990625 0.538542 0.981250 0.484722 1.000000 0.592361 480.000000 640.000000
30 0.300575 0.582464 0.276380 0.520692 0.324770 0.644237 480.000000 640.000000
