2 0.271673 0.492453 0.248499 0.431939 0.294848 0.552967 480.000000 640.000000
3 0.044063 0.518599 0.023842 0.462459 0.064285 0.574738 480.000000 640.000000
4 0.141982 0.612419 0.115793 0.533518 0.168171 0.691319 480.000000 640.000000
5 0.242951 0.572869 0.214879 0.501785 0.271024 0.643952 480.000000 640.000000
7 0.105569 0.486161 0.080819 0.421672 0.130318 0.550650 480.000000 640.000000
11 0.069881 0.452407 0.051104 0.395423 0.088658 0.509391 480.000000 640.000000
14 0.599725 0.517882 0.579444 0.465124 0.620006 0.570640 480.000000 640.000000
21 0.512951 0.495429 0.494455 0.433002 0.531447 0.557857 480.000000 640.000000
10 0.577020 0.604034 0.554109 0.537717 0.599932 0.670352 480.000000 640.000000
9 0.029961 0.559133 0.008590 0.502874 0.051332 0.615392 480.000000 640.000000
20 0.595886 0.612928 0.557461 0.546604 0.634311 0.679253 480.000000 640.000000
27 0.007013 0.514787 0.000123 0.489498 0.013902 0.540077 480.000000 640.000000
