4 0.462613 0.590221 0.443227 0.505185 0.481999 0.675258 480.000000 640.000000
36 0.277839 0.614175 0.262064 0.545320 0.293614 0.683031 480.000000 640.000000
30 0.483474 0.579042 0.466803 0.518407 0.500146 0.639676 480.000000 640.000000
54 0.842474 0.504021 0.820645 0.443486 0.864303 0.564556 480.000000 640.000000
20 0.798626 0.594413 0.773321 0.530153 0.823931 0.658673 480.000000 640.000000
5 0.456663 0.590152 0.430776 0.495950 0.482550 0.684353 480.000000 640.000000
62 0.923265 0.493483 0.898148 0.424791 0.948383 0.562175 480.000000 640.000000
14 0.798044 0.555325 0.772289 0.467894 0.823799 0.642756 480.000000 640.000000
40 0.731829 0.495465 0.707399 0.433663 0.756258 0.557266 480.000000 640.000000
80 0.766364 0.516651 0.748359 0.449627 0.784368 0.583674 480.000000 640.000000
6 0.270722 0.485838 0.253395 0.430323 0.288049 0.541353 480.000000 640.000000
9 0.308470 0.511971 0.289030 0.450241 0.327911 0.573700 480.000000 640.000000
78 0.833608 0.449961 0.821097 0.399831 0.846119 0.500091 480.000000 640.000000
31 0.808655 0.595599 0.791927 0.528954 0.825382 0.662244 480.000000 640.000000
