4 0.401203 0.611286 0.375967 0.535683 0.426439 0.686888 480.000000 640.000000
9 0.255127 0.523564 0.235324 0.458717 0.274930 0.588411 480.000000 640.000000
32 0.029919 0.493611 0.002889 0.432735 0.056950 0.554487 480.000000 640.000000
36 0.220582 0.609438 0.204857 0.542578 0.236308 0.676298 480.000000 640.000000
41 0.819810 0.514997 0.803905 0.452762 0.835715 0.577232 480.000000 640.000000
49 0.874949 0.459575 0.857526 0.398749 0.892372 0.520400 480.000000 640.000000
40 0.791852 0.499406 0.776604 0.440102 0.807100 0.558709 480.000000 640.000000
30 0.445082 0.580731 0.427970 0.520406 0.462194 0.641057 480.000000 640.000000
54 0.893913 0.505566 0.867925 0.443999 0.919901 0.567133 480.000000 640.000000
20 0.765837 0.566534 0.740812 0.467763 0.790861 0.665305 480.000000 640.000000
6 0.314060 0.495596 0.292151 0.434895 0.335970 0.556297 480.000000 640.000000
5 0.427453 0.560129 0.410500 0.499713 0.444406 0.620546 480.000000 640.000000
14 0.765035 0.530057 0.745202 0.468307 0.784868 0.591806 480.000000 640.000000
62 0.965785 0.494152 0.942505 0.427319 0.989065 0.560985 480.000000 640.000000
42 0.245004 0.552371 0.231419 0.493144 0.258589 0.611599 480.000000 640.000000
73 0.314063 0.517014 0.293229 0.477083 0.334896 0.556944 480.000000 640.000000
