4 0.315956 0.614131 0.292648 0.537432 0.339264 0.690831 480.000000 640.000000
5 0.363145 0.564665 0.347552 0.506017 0.378737 0.623314 480.000000 640.000000
9 0.197090 0.521095 0.172564 0.450882 0.221617 0.591307 480.000000 640.000000
32 0.104487 0.492922 0.075076 0.433071 0.133898 0.552772 480.000000 640.000000
36 0.134660 0.616331 0.111521 0.545137 0.157800 0.687525 480.000000 640.000000
41 0.902155 0.522420 0.885651 0.458581 0.918659 0.586259 480.000000 640.000000
42 0.176011 0.558887 0.152764 0.500600 0.199258 0.617174 480.000000 640.000000
14 0.714907 0.533331 0.690898 0.465437 0.738915 0.601224 480.000000 640.000000
49 0.952363 0.459272 0.939386 0.394339 0.965339 0.524206 480.000000 640.000000
40 0.869457 0.506484 0.849466 0.445956 0.889448 0.567013 480.000000 640.000000
30 0.376933 0.577407 0.348989 0.511419 0.404878 0.643395 480.000000 640.000000
31 0.719911 0.606454 0.695240 0.541990 0.744582 0.670919 480.000000 640.000000
54 0.977491 0.515311 0.955477 0.459126 0.999505 0.571496 480.000000 640.000000
