1 0.527668 0.547330 0.504671 0.464130 0.550664 0.630530 480.000000 640.000000
2 0.380904 0.492757 0.358627 0.430687 0.403181 0.554828 480.000000 640.000000
3 0.044574 0.495694 0.029023 0.434182 0.060124 0.557206 480.000000 640.000000
4 0.030156 0.617874 0.005310 0.543364 0.055002 0.692384 480.000000 640.000000
5 0.152236 0.573007 0.130178 0.504478 0.174293 0.641536 480.000000 640.000000
6 0.607064 0.493142 0.586037 0.433401 0.628092 0.552882 480.000000 640.000000
7 0.201801 0.488323 0.173356 0.422168 0.230247 0.554478 480.000000 640.000000
9 0.111673 0.490461 0.089185 0.433021 0.134161 0.547901 480.000000 640.000000
10 0.497277 0.592784 0.482257 0.528645 0.512296 0.656922 480.000000 640.000000
11 0.180880 0.447253 0.164178 0.388228 0.197582 0.506278 480.000000 640.000000
13 0.610938 0.487847 0.597917 0.433681 0.623958 0.542014 480.000000 640.000000
