4 0.432490 0.606929 0.407660 0.535272 0.457321 0.678585 480.000000 640.000000
32 0.013233 0.494414 -0.000332 0.438433 0.026799 0.550395 480.000000 640.000000
36 0.252099 0.617026 0.224013 0.545758 0.280185 0.688293 480.000000 640.000000
30 0.468974 0.578082 0.456171 0.518618 0.481777 0.637546 480.000000 640.000000
54 0.854444 0.506801 0.827126 0.447939 0.881761 0.565662 480.000000 640.000000
20 0.787493 0.568198 0.756158 0.472388 0.818829 0.664007 480.000000 640.000000
5 0.452778 0.550316 0.437625 0.496903 0.467931 0.603729 480.000000 640.000000
62 0.934294 0.494045 0.909485 0.426687 0.959104 0.561403 480.000000 640.000000
14 0.788483 0.529209 0.765731 0.458210 0.811235 0.600208 480.000000 640.000000
42 0.276576 0.550934 0.261635 0.495900 0.291517 0.605967 480.000000 640.000000
78 0.845141 0.456938 0.825815 0.397980 0.864468 0.515896 480.000000 640.000000
40 0.756577 0.493884 0.742925 0.434166 0.770230 0.553602 480.000000 640.000000
