4 0.286150 0.610420 0.260175 0.529970 0.312125 0.690870 480.000000 640.000000
5 0.353100 0.571383 0.330615 0.500053 0.375585 0.642714 480.000000 640.000000
9 0.170460 0.516834 0.154825 0.457146 0.186095 0.576522 480.000000 640.000000
32 0.127562 0.494008 0.109052 0.433458 0.146073 0.554559 480.000000 640.000000
36 0.106619 0.611358 0.089215 0.547246 0.124024 0.675471 480.000000 640.000000
41 0.922318 0.529448 0.894540 0.466190 0.950095 0.592706 480.000000 640.000000
42 0.157013 0.559250 0.136747 0.501153 0.177278 0.617346 480.000000 640.000000
6 0.395745 0.494422 0.374636 0.427860 0.416854 0.560984 480.000000 640.000000
14 0.696592 0.523369 0.673719 0.464886 0.719465 0.581853 480.000000 640.000000
20 0.694940 0.567979 0.669015 0.464592 0.720865 0.671367 480.000000 640.000000
48 0.162464 0.530435 0.144637 0.481978 0.180291 0.578893 480.000000 640.000000
49 0.974233 0.461171 0.948918 0.398782 0.999549 0.523560 480.000000 640.000000
51 0.677083 0.597222 0.659375 0.534375 0.694792 0.660069 480.000000 640.000000
31 0.702770 0.605787 0.685774 0.539384 0.719767 0.672191 480.000000 640.000000
40 0.895964 0.502954 0.872798 0.436691 0.919130 0.569218 480.000000 640.000000
