2 0.326063 0.489702 0.310218 0.425526 0.341907 0.553878 480.000000 640.000000
3 0.010930 0.511684 -0.000241 0.443095 0.022102 0.580272 480.000000 640.000000
4 0.090715 0.615993 0.061971 0.535970 0.119460 0.696015 480.000000 640.000000
5 0.188038 0.567045 0.168332 0.504223 0.207744 0.629868 480.000000 640.000000
7 0.154015 0.482942 0.134114 0.416802 0.173917 0.549081 480.000000 640.000000
9 0.060156 0.489421 0.037135 0.430857 0.083176 0.547984 480.000000 640.000000
10 0.535193 0.595359 0.517847 0.531978 0.552540 0.658741 480.000000 640.000000
11 0.131813 0.454709 0.118542 0.406211 0.145084 0.503206 480.000000 640.000000
14 0.564347 0.520622 0.538283 0.463351 0.590412 0.577893 480.000000 640.000000
6 0.568455 0.469703 0.556624 0.433047 0.580287 0.506360 480.000000 640.000000
