4 0.322227 0.614196 0.294695 0.536379 0.349759 0.692014 480.000000 640.000000
9 0.201390 0.523079 0.181230 0.451989 0.221551 0.594169 480.000000 640.000000
32 0.095795 0.494138 0.070542 0.433053 0.121047 0.555223 480.000000 640.000000
36 0.138555 0.616351 0.112251 0.544604 0.164859 0.688099 480.000000 640.000000
41 0.891821 0.520652 0.871004 0.456043 0.912637 0.585262 480.000000 640.000000
42 0.178725 0.560013 0.154006 0.500218 0.203444 0.619808 480.000000 640.000000
14 0.719654 0.534159 0.694963 0.464073 0.744345 0.604245 480.000000 640.000000
49 0.943360 0.461379 0.924724 0.398717 0.961996 0.524040 480.000000 640.000000
40 0.859888 0.508885 0.836775 0.452665 0.883001 0.565105 480.000000 640.000000
30 0.375416 0.560183 0.350172 0.489684 0.400661 0.630682 480.000000 640.000000
54 0.973972 0.516826 0.948525 0.460301 0.999420 0.573350 480.000000 640.000000
20 0.718794 0.562915 0.692387 0.462512 0.745201 0.663318 480.000000 640.000000
56 0.386198 0.573611 0.369271 0.517361 0.403125 0.629861 480.000000 640.000000
