2 0.331543 0.487948 0.313965 0.425638 0.349122 0.550257 480.000000 640.000000
3 0.011356 0.510175 -0.000351 0.441033 0.023064 0.579317 480.000000 640.000000
4 0.084987 0.611497 0.060630 0.534164 0.109345 0.688829 480.000000 640.000000
5 0.189222 0.574832 0.168732 0.505375 0.209712 0.644288 480.000000 640.000000
7 0.155971 0.483479 0.135323 0.416731 0.176619 0.550228 480.000000 640.000000
9 0.064299 0.489351 0.036961 0.432385 0.091637 0.546316 480.000000 640.000000
10 0.534094 0.594213 0.519961 0.530689 0.548227 0.657736 480.000000 640.000000
11 0.136366 0.447799 0.123452 0.392704 0.149281 0.502895 480.000000 640.000000
14 0.562142 0.522861 0.533810 0.455368 0.590474 0.590354 480.000000 640.000000
16 0.563542 0.607292 0.544271 0.532986 0.582812 0.681597 480.000000 640.000000
6 0.571827 0.492139 0.555719 0.434472 0.587934 0.549805 480.000000 640.000000
