4 0.241734 0.611978 0.216170 0.532546 0.267298 0.691411 480.000000 640.000000
5 0.321350 0.570787 0.296263 0.499351 0.346436 0.642223 480.000000 640.000000
9 0.128525 0.529781 0.110390 0.465923 0.146659 0.593640 480.000000 640.000000
32 0.170863 0.491790 0.153501 0.431126 0.188225 0.552455 480.000000 640.000000
36 0.061336 0.613773 0.042790 0.544212 0.079883 0.683335 480.000000 640.000000
37 0.020466 0.480184 0.000418 0.413167 0.040515 0.547202 480.000000 640.000000
40 0.937070 0.508570 0.915120 0.447633 0.959020 0.569508 480.000000 640.000000
41 0.967379 0.530421 0.938116 0.467948 0.996642 0.592894 480.000000 640.000000
42 0.119433 0.556841 0.107085 0.499190 0.131781 0.614491 480.000000 640.000000
6 0.429804 0.496972 0.406708 0.431136 0.452900 0.562808 480.000000 640.000000
14 0.666291 0.523800 0.643710 0.464185 0.688871 0.583414 480.000000 640.000000
