4 0.506339 0.563904 0.489836 0.495124 0.522843 0.632684 480.000000 640.000000
30 0.527704 0.577010 0.515581 0.519705 0.539827 0.634316 480.000000 640.000000
62 0.880675 0.486509 0.858881 0.414982 0.902469 0.558035 480.000000 640.000000
14 0.834563 0.566002 0.814027 0.472942 0.855100 0.659063 480.000000 640.000000
40 0.675881 0.497649 0.650839 0.436800 0.700923 0.558497 480.000000 640.000000
6 0.236355 0.496282 0.216298 0.433243 0.256413 0.559321 480.000000 640.000000
5 0.502505 0.619803 0.480523 0.546573 0.524487 0.693034 480.000000 640.000000
41 0.710344 0.510333 0.685360 0.448112 0.735329 0.572554 480.000000 640.000000
31 0.843296 0.598225 0.825146 0.532879 0.861447 0.663571 480.000000 640.000000
36 0.333210 0.613704 0.309376 0.535787 0.357045 0.691620 480.000000 640.000000
54 0.786455 0.471719 0.770278 0.396875 0.802632 0.546563 480.000000 640.000000
87 0.345689 0.517798 0.320166 0.454686 0.371211 0.580910 480.000000 640.000000
92 0.788021 0.504514 0.773438 0.446528 0.802604 0.562500 480.000000 640.000000
93 0.814583 0.592708 0.797917 0.536111 0.831250 0.649306 480.000000 640.000000
