2 0.286559 0.491626 0.270906 0.429171 0.302213 0.554081 480.000000 640.000000
3 0.032204 0.520758 0.007609 0.449880 0.056799 0.591636 480.000000 640.000000
4 0.130429 0.608687 0.101009 0.535979 0.159849 0.681395 480.000000 640.000000
5 0.224365 0.570701 0.202114 0.505710 0.246616 0.635691 480.000000 640.000000
7 0.123343 0.484394 0.094636 0.418541 0.152050 0.550248 480.000000 640.000000
11 0.093844 0.453484 0.080162 0.400678 0.107525 0.506291 480.000000 640.000000
14 0.587934 0.537768 0.565030 0.463860 0.610838 0.611675 480.000000 640.000000
1 0.587401 0.569525 0.563276 0.463246 0.611525 0.675804 480.000000 640.000000
21 0.532361 0.496033 0.511604 0.433309 0.553119 0.558757 480.000000 640.000000
10 0.564984 0.599286 0.553762 0.533795 0.576206 0.664777 480.000000 640.000000
25 0.019035 0.559722 0.000179 0.504861 0.037891 0.614583 480.000000 640.000000
