4 0.400179 0.610525 0.376094 0.535413 0.424264 0.685637 480.000000 640.000000
9 0.251892 0.522592 0.233080 0.459128 0.270705 0.586057 480.000000 640.000000
32 0.034379 0.493120 0.007217 0.432805 0.061542 0.553434 480.000000 640.000000
36 0.216541 0.609677 0.200461 0.542403 0.232621 0.676951 480.000000 640.000000
41 0.822816 0.515554 0.805663 0.452379 0.839968 0.578729 480.000000 640.000000
49 0.876760 0.460525 0.858116 0.399667 0.895403 0.521383 480.000000 640.000000
40 0.797269 0.505662 0.785011 0.453845 0.809527 0.557478 480.000000 640.000000
30 0.441306 0.579739 0.426643 0.519577 0.455969 0.639901 480.000000 640.000000
54 0.895161 0.507760 0.870230 0.448733 0.920091 0.566787 480.000000 640.000000
20 0.762094 0.564089 0.734184 0.466359 0.790004 0.661819 480.000000 640.000000
6 0.316791 0.497222 0.293485 0.438075 0.340097 0.556368 480.000000 640.000000
5 0.426860 0.562091 0.408819 0.500586 0.444902 0.623595 480.000000 640.000000
14 0.762172 0.529769 0.743065 0.467323 0.781279 0.592216 480.000000 640.000000
62 0.966466 0.490303 0.941459 0.419941 0.991472 0.560665 480.000000 640.000000
31 0.772473 0.599067 0.753819 0.531212 0.791128 0.666922 480.000000 640.000000
72 0.379688 0.621875 0.366927 0.576042 0.392448 0.667708 480.000000 640.000000
42 0.238550 0.561107 0.225376 0.508393 0.251724 0.613821 480.000000 640.000000
