4 0.209429 0.611981 0.183516 0.533845 0.235343 0.690116 480.000000 640.000000
5 0.293001 0.574300 0.266784 0.505051 0.319218 0.643550 480.000000 640.000000
14 0.641705 0.520486 0.620918 0.461272 0.662491 0.579701 480.000000 640.000000
21 0.463894 0.497148 0.440913 0.432237 0.486875 0.562058 480.000000 640.000000
9 0.099191 0.518024 0.076384 0.452421 0.121998 0.583626 480.000000 640.000000
11 0.016954 0.447355 -0.000146 0.387626 0.034055 0.507083 480.000000 640.000000
32 0.206143 0.485815 0.188310 0.429967 0.223975 0.541662 480.000000 640.000000
36 0.022758 0.616118 0.005873 0.546396 0.039643 0.685840 480.000000 640.000000
37 0.054922 0.481434 0.035473 0.415410 0.074371 0.547459 480.000000 640.000000
20 0.642492 0.613016 0.612428 0.551526 0.672556 0.674505 480.000000 640.000000
