4 0.481485 0.536322 0.465734 0.496355 0.497236 0.576289 480.000000 640.000000
36 0.294532 0.615821 0.268831 0.547134 0.320234 0.684507 480.000000 640.000000
30 0.498094 0.581272 0.474423 0.522406 0.521766 0.640139 480.000000 640.000000
54 0.823344 0.477810 0.808276 0.398288 0.838413 0.557332 480.000000 640.000000
62 0.910379 0.493480 0.892508 0.427275 0.928251 0.559684 480.000000 640.000000
14 0.813880 0.564107 0.775792 0.463239 0.851967 0.664974 480.000000 640.000000
40 0.715115 0.497068 0.693760 0.433888 0.736470 0.560248 480.000000 640.000000
6 0.257216 0.490938 0.238957 0.423970 0.275475 0.557906 480.000000 640.000000
9 0.313994 0.532148 0.292398 0.467548 0.335591 0.596749 480.000000 640.000000
86 0.892348 0.479740 0.875413 0.420795 0.909283 0.538684 480.000000 640.000000
5 0.467369 0.626092 0.438198 0.557543 0.496540 0.694641 480.000000 640.000000
41 0.749660 0.513644 0.721351 0.450884 0.777970 0.576404 480.000000 640.000000
87 0.328371 0.517630 0.312797 0.450769 0.343945 0.584490 480.000000 640.000000
