1 0.538081 0.606060 0.511492 0.530246 0.564670 0.681875 480.000000 640.000000
2 0.357333 0.489616 0.337622 0.427413 0.377045 0.551818 480.000000 640.000000
3 0.027266 0.507745 0.002897 0.455579 0.051634 0.559912 480.000000 640.000000
4 0.046930 0.610889 0.017084 0.538612 0.076776 0.683167 480.000000 640.000000
5 0.168607 0.573677 0.140612 0.499609 0.196601 0.647746 480.000000 640.000000
6 0.598311 0.492397 0.578203 0.433286 0.618420 0.551508 480.000000 640.000000
7 0.186971 0.484274 0.167410 0.417301 0.206531 0.551247 480.000000 640.000000
9 0.097251 0.492211 0.078375 0.432893 0.116127 0.551530 480.000000 640.000000
10 0.505408 0.592734 0.484571 0.529869 0.526245 0.655599 480.000000 640.000000
11 0.160370 0.442579 0.146352 0.388074 0.174388 0.497084 480.000000 640.000000
14 0.535370 0.521724 0.515684 0.460752 0.555057 0.582697 480.000000 640.000000
