4 0.223460 0.613402 0.196159 0.536448 0.250761 0.690356 480.000000 640.000000
5 0.299048 0.568511 0.275932 0.503766 0.322165 0.633256 480.000000 640.000000
21 0.455880 0.492810 0.433680 0.432995 0.478080 0.552625 480.000000 640.000000
9 0.117027 0.518636 0.090102 0.453318 0.143952 0.583954 480.000000 640.000000
11 0.008828 0.448420 -0.000384 0.388636 0.018040 0.508204 480.000000 640.000000
32 0.195550 0.486545 0.169684 0.423423 0.221416 0.549666 480.000000 640.000000
36 0.036558 0.618971 0.008815 0.549494 0.064301 0.688447 480.000000 640.000000
37 0.043678 0.483300 0.013282 0.417908 0.074074 0.548692 480.000000 640.000000
40 0.969936 0.511789 0.955914 0.445596 0.983958 0.577981 480.000000 640.000000
41 0.990537 0.526791 0.981157 0.461254 0.999917 0.592328 480.000000 640.000000
20 0.650279 0.566888 0.625930 0.463136 0.674628 0.670641 480.000000 640.000000
