4 0.238067 0.611932 0.212788 0.532721 0.263346 0.691142 480.000000 640.000000
5 0.316793 0.570174 0.293056 0.499974 0.340530 0.640374 480.000000 640.000000
9 0.126452 0.528283 0.108594 0.465972 0.144309 0.590594 480.000000 640.000000
32 0.171437 0.492522 0.154365 0.432134 0.188508 0.552911 480.000000 640.000000
36 0.056332 0.614573 0.035504 0.544839 0.077160 0.684307 480.000000 640.000000
37 0.024441 0.480881 0.002633 0.414135 0.046250 0.547627 480.000000 640.000000
40 0.939357 0.508736 0.916444 0.448203 0.962271 0.569269 480.000000 640.000000
41 0.969889 0.529914 0.942262 0.467204 0.997516 0.592623 480.000000 640.000000
42 0.114643 0.559426 0.101991 0.502949 0.127295 0.615903 480.000000 640.000000
6 0.431908 0.496555 0.409949 0.430385 0.453867 0.562725 480.000000 640.000000
14 0.663811 0.537334 0.640719 0.463806 0.686902 0.610862 480.000000 640.000000
44 0.245182 0.605556 0.228516 0.531944 0.261849 0.679167 480.000000 640.000000
