4 0.525937 0.569625 0.505048 0.494796 0.546826 0.644454 480.000000 640.000000
30 0.544964 0.578430 0.527933 0.520463 0.561994 0.636397 480.000000 640.000000
14 0.857322 0.552347 0.831660 0.469530 0.882984 0.635165 480.000000 640.000000
40 0.656154 0.497455 0.639498 0.434006 0.672809 0.560904 480.000000 640.000000
6 0.212597 0.493081 0.189309 0.426885 0.235885 0.559277 480.000000 640.000000
5 0.529373 0.593709 0.500310 0.494134 0.558436 0.693284 480.000000 640.000000
41 0.691991 0.507289 0.676736 0.443153 0.707246 0.571424 480.000000 640.000000
36 0.355535 0.628572 0.329656 0.569314 0.381414 0.687830 480.000000 640.000000
54 0.771230 0.479032 0.750094 0.393638 0.792366 0.564425 480.000000 640.000000
87 0.360742 0.518078 0.339099 0.454625 0.382384 0.581532 480.000000 640.000000
31 0.863307 0.602520 0.837325 0.541623 0.889290 0.663417 480.000000 640.000000
