4 0.495586 0.570158 0.478907 0.494414 0.512264 0.645902 480.000000 640.000000
30 0.512271 0.579281 0.500966 0.519584 0.523576 0.638978 480.000000 640.000000
62 0.889164 0.489637 0.865273 0.420009 0.913055 0.559265 480.000000 640.000000
14 0.820247 0.560215 0.794848 0.465527 0.845645 0.654904 480.000000 640.000000
40 0.696606 0.496335 0.678768 0.432313 0.714444 0.560356 480.000000 640.000000
6 0.245355 0.494378 0.223554 0.429864 0.267155 0.558893 480.000000 640.000000
86 0.878175 0.474665 0.864258 0.416323 0.892091 0.533006 480.000000 640.000000
5 0.492836 0.608166 0.467547 0.529704 0.518125 0.686628 480.000000 640.000000
41 0.730212 0.509506 0.713688 0.447106 0.746736 0.571906 480.000000 640.000000
31 0.833279 0.597928 0.811246 0.531705 0.855312 0.664151 480.000000 640.000000
36 0.325634 0.571987 0.299460 0.466823 0.351808 0.677151 480.000000 640.000000
54 0.801795 0.453928 0.786219 0.398222 0.817371 0.509634 480.000000 640.000000
