1 0.535936 0.571463 0.510040 0.461209 0.561832 0.681717 480.000000 640.000000
2 0.364212 0.489928 0.349513 0.427083 0.378911 0.552773 480.000000 640.000000
3 0.031014 0.501408 0.007817 0.442184 0.054210 0.560632 480.000000 640.000000
4 0.043675 0.614480 0.012366 0.540139 0.074985 0.688822 480.000000 640.000000
5 0.159547 0.573255 0.133655 0.503833 0.185439 0.642677 480.000000 640.000000
6 0.600928 0.495781 0.578575 0.433702 0.623281 0.557859 480.000000 640.000000
7 0.195522 0.485524 0.172340 0.418648 0.218705 0.552400 480.000000 640.000000
9 0.104456 0.492370 0.081539 0.433134 0.127373 0.551606 480.000000 640.000000
10 0.502024 0.592514 0.482631 0.529258 0.521417 0.655771 480.000000 640.000000
11 0.166181 0.443345 0.153545 0.386537 0.178817 0.500152 480.000000 640.000000
14 0.531857 0.521728 0.512028 0.459547 0.551686 0.583910 480.000000 640.000000
15 0.168359 0.584028 0.148307 0.518750 0.188411 0.649306 480.000000 640.000000
