4 0.350573 0.612962 0.322509 0.545493 0.378637 0.680431 480.000000 640.000000
9 0.219764 0.522779 0.198439 0.453281 0.241089 0.592277 480.000000 640.000000
32 0.076788 0.493508 0.049958 0.432425 0.103618 0.554590 480.000000 640.000000
36 0.169190 0.609333 0.153503 0.540617 0.184876 0.678049 480.000000 640.000000
41 0.869462 0.520935 0.850478 0.456755 0.888446 0.585115 480.000000 640.000000
49 0.921856 0.461930 0.902694 0.399820 0.941018 0.524041 480.000000 640.000000
40 0.839027 0.502114 0.826422 0.442154 0.851631 0.562074 480.000000 640.000000
30 0.407047 0.581264 0.386125 0.521110 0.427969 0.641419 480.000000 640.000000
54 0.943299 0.510373 0.925050 0.451066 0.961548 0.569680 480.000000 640.000000
20 0.735784 0.561157 0.711529 0.466735 0.760039 0.655579 480.000000 640.000000
6 0.349654 0.489666 0.330513 0.430299 0.368796 0.549033 480.000000 640.000000
5 0.390593 0.558093 0.374585 0.496538 0.406600 0.619647 480.000000 640.000000
14 0.736015 0.534058 0.712950 0.466791 0.759080 0.601324 480.000000 640.000000
62 0.988295 0.493365 0.976718 0.427330 0.999871 0.559400 480.000000 640.000000
42 0.202999 0.555241 0.189423 0.495514 0.216576 0.614968 480.000000 640.000000
63 0.351563 0.587153 0.322917 0.487500 0.380208 0.686806 480.000000 640.000000
