4 0.517572 0.566393 0.500608 0.495524 0.534535 0.637262 480.000000 640.000000
30 0.541486 0.577813 0.523789 0.521659 0.559184 0.633966 480.000000 640.000000
14 0.851348 0.566347 0.819610 0.469711 0.883086 0.662982 480.000000 640.000000
40 0.665839 0.497148 0.647606 0.434253 0.684072 0.560043 480.000000 640.000000
6 0.217216 0.493293 0.196152 0.426498 0.238279 0.560089 480.000000 640.000000
5 0.520026 0.591901 0.493598 0.497081 0.546455 0.686721 480.000000 640.000000
41 0.702459 0.509529 0.679114 0.445266 0.725805 0.573791 480.000000 640.000000
36 0.348295 0.618850 0.316038 0.544089 0.380551 0.693612 480.000000 640.000000
54 0.775615 0.506576 0.751031 0.448945 0.800200 0.564206 480.000000 640.000000
87 0.357449 0.523723 0.331495 0.455274 0.383404 0.592172 480.000000 640.000000
