4 0.193335 0.614076 0.167770 0.535824 0.218900 0.692328 480.000000 640.000000
5 0.286308 0.572840 0.259801 0.503114 0.312814 0.642565 480.000000 640.000000
14 0.635667 0.522442 0.614937 0.462151 0.656398 0.582732 480.000000 640.000000
21 0.468299 0.496302 0.446488 0.431723 0.490110 0.560882 480.000000 640.000000
9 0.087593 0.544119 0.067341 0.487348 0.107844 0.600889 480.000000 640.000000
11 0.022921 0.447769 0.003084 0.389509 0.042759 0.506029 480.000000 640.000000
32 0.217988 0.489401 0.198062 0.434913 0.237914 0.543888 480.000000 640.000000
10 0.610057 0.605103 0.590591 0.545266 0.629522 0.664941 480.000000 640.000000
35 0.056425 0.464510 0.040048 0.415868 0.072802 0.513152 480.000000 640.000000
36 0.014206 0.617351 0.000265 0.546738 0.028147 0.687964 480.000000 640.000000
37 0.061102 0.474741 0.044046 0.416675 0.078159 0.532807 480.000000 640.000000
20 0.630498 0.608373 0.594569 0.543122 0.666428 0.673624 480.000000 640.000000
