4 0.235580 0.613079 0.207978 0.533281 0.263181 0.692876 480.000000 640.000000
5 0.312141 0.568017 0.289331 0.501144 0.334952 0.634891 480.000000 640.000000
9 0.123911 0.525638 0.106692 0.465620 0.141130 0.585655 480.000000 640.000000
32 0.174842 0.492130 0.154983 0.432487 0.194700 0.551773 480.000000 640.000000
36 0.052692 0.611747 0.032095 0.546076 0.073290 0.677419 480.000000 640.000000
37 0.028129 0.481607 0.004062 0.415030 0.052196 0.548184 480.000000 640.000000
40 0.942077 0.508685 0.918599 0.447254 0.965555 0.570116 480.000000 640.000000
41 0.972802 0.529846 0.946940 0.466481 0.998663 0.593210 480.000000 640.000000
42 0.113968 0.562042 0.099771 0.508065 0.128165 0.616019 480.000000 640.000000
6 0.434165 0.494901 0.413444 0.429205 0.454886 0.560598 480.000000 640.000000
14 0.661592 0.537742 0.638066 0.463386 0.685119 0.612098 480.000000 640.000000
