4 0.509226 0.564541 0.491766 0.495390 0.526686 0.633691 480.000000 640.000000
30 0.531725 0.576297 0.517737 0.518119 0.545713 0.634476 480.000000 640.000000
62 0.875415 0.481064 0.853202 0.409362 0.897628 0.552765 480.000000 640.000000
14 0.832654 0.563454 0.805186 0.465179 0.860122 0.661728 480.000000 640.000000
40 0.673061 0.497401 0.649141 0.435503 0.696981 0.559298 480.000000 640.000000
6 0.233145 0.495296 0.214833 0.434397 0.251458 0.556195 480.000000 640.000000
5 0.508945 0.618415 0.484368 0.541890 0.533521 0.694940 480.000000 640.000000
41 0.708129 0.510335 0.681942 0.448386 0.734316 0.572284 480.000000 640.000000
31 0.844221 0.596847 0.826429 0.530428 0.862013 0.663266 480.000000 640.000000
36 0.335409 0.617427 0.310406 0.542185 0.360411 0.692670 480.000000 640.000000
54 0.784096 0.486456 0.767214 0.414969 0.800979 0.557943 480.000000 640.000000
87 0.347385 0.516997 0.321510 0.451954 0.373261 0.582040 480.000000 640.000000
