1 0.521637 0.570393 0.497549 0.463801 0.545726 0.676985 480.000000 640.000000
2 0.388083 0.494399 0.360484 0.434130 0.415682 0.554668 480.000000 640.000000
3 0.052236 0.497316 0.037865 0.436925 0.066607 0.557708 480.000000 640.000000
4 0.022821 0.603316 0.001168 0.532841 0.044474 0.673791 480.000000 640.000000
5 0.144925 0.576492 0.123699 0.503685 0.166150 0.649299 480.000000 640.000000
6 0.612923 0.500257 0.590946 0.432264 0.634899 0.568251 480.000000 640.000000
7 0.205811 0.489836 0.179705 0.424930 0.231917 0.554741 480.000000 640.000000
9 0.123243 0.488121 0.104581 0.430594 0.141906 0.545648 480.000000 640.000000
10 0.493049 0.592033 0.479773 0.528129 0.506326 0.655938 480.000000 640.000000
11 0.191696 0.447590 0.170102 0.389636 0.213291 0.505544 480.000000 640.000000
