2 0.328841 0.489395 0.312446 0.425561 0.345236 0.553230 480.000000 640.000000
3 0.011551 0.508787 -0.000340 0.437790 0.023442 0.579784 480.000000 640.000000
4 0.087577 0.614408 0.059675 0.534809 0.115478 0.694006 480.000000 640.000000
5 0.188441 0.574313 0.168259 0.503878 0.208623 0.644749 480.000000 640.000000
7 0.154240 0.483277 0.134190 0.417120 0.174290 0.549434 480.000000 640.000000
9 0.062970 0.489591 0.037041 0.432631 0.088899 0.546551 480.000000 640.000000
10 0.533611 0.595564 0.517064 0.532469 0.550158 0.658658 480.000000 640.000000
11 0.135227 0.452184 0.122856 0.401751 0.147598 0.502617 480.000000 640.000000
14 0.563289 0.521926 0.535844 0.462009 0.590735 0.581844 480.000000 640.000000
6 0.569751 0.476408 0.556336 0.432985 0.583165 0.519832 480.000000 640.000000
