4 0.484684 0.536192 0.468787 0.497060 0.500581 0.575323 480.000000 640.000000
36 0.295476 0.617811 0.270493 0.550693 0.320459 0.684929 480.000000 640.000000
30 0.501213 0.581170 0.480063 0.522433 0.522362 0.639907 480.000000 640.000000
62 0.907280 0.492979 0.888204 0.428739 0.926356 0.557220 480.000000 640.000000
14 0.820005 0.563682 0.786042 0.461907 0.853968 0.665457 480.000000 640.000000
40 0.713394 0.496551 0.694076 0.433321 0.732712 0.559781 480.000000 640.000000
6 0.254783 0.491438 0.234901 0.425026 0.274665 0.557849 480.000000 640.000000
9 0.315720 0.533939 0.294967 0.471036 0.336472 0.596841 480.000000 640.000000
86 0.891057 0.484154 0.869962 0.416885 0.912153 0.551423 480.000000 640.000000
5 0.470310 0.619734 0.441670 0.545952 0.498951 0.693516 480.000000 640.000000
41 0.746748 0.512887 0.720439 0.449816 0.773057 0.575957 480.000000 640.000000
87 0.327899 0.512269 0.314730 0.449267 0.341067 0.575270 480.000000 640.000000
