4 0.325618 0.611853 0.297394 0.533371 0.353843 0.690336 480.000000 640.000000
9 0.204777 0.517264 0.189092 0.451881 0.220462 0.582648 480.000000 640.000000
32 0.088284 0.486340 0.069477 0.433066 0.107091 0.539613 480.000000 640.000000
36 0.146276 0.617071 0.115105 0.545054 0.177447 0.689088 480.000000 640.000000
41 0.880103 0.522327 0.852049 0.459864 0.908158 0.584790 480.000000 640.000000
42 0.186364 0.555285 0.162754 0.498617 0.209973 0.611953 480.000000 640.000000
49 0.934029 0.461127 0.909867 0.399249 0.958191 0.523005 480.000000 640.000000
40 0.851438 0.498773 0.830715 0.435319 0.872162 0.562227 480.000000 640.000000
30 0.381535 0.578615 0.354861 0.519458 0.408210 0.637773 480.000000 640.000000
54 0.968002 0.516726 0.946836 0.459822 0.989168 0.573630 480.000000 640.000000
20 0.723554 0.564188 0.697111 0.463067 0.749996 0.665309 480.000000 640.000000
6 0.366666 0.490442 0.349058 0.426089 0.384274 0.554794 480.000000 640.000000
58 0.390885 0.579861 0.374219 0.520833 0.407552 0.638889 480.000000 640.000000
5 0.373104 0.567022 0.354351 0.504915 0.391857 0.629129 480.000000 640.000000
