2 0.319347 0.490080 0.299084 0.427541 0.339610 0.552620 480.000000 640.000000
3 0.011044 0.515673 -0.000136 0.449517 0.022224 0.581830 480.000000 640.000000
4 0.092057 0.616999 0.064250 0.537415 0.119864 0.696584 480.000000 640.000000
5 0.196099 0.576377 0.169870 0.509824 0.222329 0.642930 480.000000 640.000000
7 0.151088 0.483263 0.128914 0.417011 0.173262 0.549515 480.000000 640.000000
9 0.052666 0.488622 0.036199 0.430068 0.069133 0.547176 480.000000 640.000000
10 0.537521 0.594862 0.518011 0.532018 0.557031 0.657705 480.000000 640.000000
11 0.127342 0.452521 0.114528 0.406298 0.140156 0.498744 480.000000 640.000000
14 0.564292 0.518388 0.543384 0.456014 0.585201 0.580762 480.000000 640.000000
6 0.563200 0.470310 0.547855 0.432750 0.578544 0.507871 480.000000 640.000000
17 0.207161 0.587500 0.188932 0.528472 0.225391 0.646528 480.000000 640.000000
1 0.567415 0.568286 0.542583 0.455510 0.592247 0.681062 480.000000 640.000000
