4 0.277470 0.612329 0.250428 0.531914 0.304513 0.692743 480.000000 640.000000
5 0.337708 0.567096 0.315116 0.504579 0.360300 0.629613 480.000000 640.000000
9 0.163241 0.519032 0.148079 0.449033 0.178404 0.589031 480.000000 640.000000
32 0.134932 0.494820 0.116677 0.433649 0.153188 0.555992 480.000000 640.000000
36 0.091575 0.609569 0.070308 0.548931 0.112843 0.670207 480.000000 640.000000
37 0.012496 0.487222 -0.000182 0.425983 0.025174 0.548460 480.000000 640.000000
40 0.904321 0.520642 0.880648 0.471276 0.927994 0.570008 480.000000 640.000000
41 0.937430 0.528594 0.917934 0.463975 0.956926 0.593213 480.000000 640.000000
42 0.142033 0.559835 0.118551 0.501853 0.165515 0.617818 480.000000 640.000000
6 0.408357 0.484166 0.394110 0.428262 0.422603 0.540070 480.000000 640.000000
14 0.688144 0.523887 0.665126 0.463031 0.711161 0.584743 480.000000 640.000000
20 0.682974 0.568925 0.651114 0.466565 0.714833 0.671285 480.000000 640.000000
30 0.346602 0.580693 0.328486 0.519376 0.364717 0.642011 480.000000 640.000000
48 0.169362 0.514722 0.154800 0.446505 0.183925 0.582938 480.000000 640.000000
49 0.978509 0.459760 0.957146 0.399904 0.999873 0.519616 480.000000 640.000000
