4 0.255207 0.607369 0.229430 0.533681 0.280984 0.681057 480.000000 640.000000
5 0.328894 0.571670 0.301265 0.499287 0.356523 0.644053 480.000000 640.000000
9 0.131531 0.525176 0.113738 0.464747 0.149323 0.585605 480.000000 640.000000
32 0.167727 0.486051 0.149127 0.429652 0.186327 0.542451 480.000000 640.000000
36 0.070238 0.610746 0.053642 0.544162 0.086835 0.677331 480.000000 640.000000
37 0.016408 0.481283 -0.000196 0.414510 0.033011 0.548056 480.000000 640.000000
40 0.933560 0.517214 0.914730 0.464831 0.952390 0.569596 480.000000 640.000000
41 0.964710 0.530990 0.934609 0.468837 0.994811 0.593144 480.000000 640.000000
42 0.123162 0.560404 0.111949 0.504229 0.134374 0.616580 480.000000 640.000000
6 0.427979 0.497121 0.405892 0.430768 0.450066 0.563474 480.000000 640.000000
14 0.670835 0.525518 0.648844 0.463979 0.692825 0.587057 480.000000 640.000000
20 0.670395 0.559563 0.643013 0.463194 0.697777 0.655931 480.000000 640.000000
