4 0.372143 0.623446 0.345307 0.556419 0.398979 0.690473 480.000000 640.000000
9 0.243719 0.532525 0.221377 0.474084 0.266061 0.590966 480.000000 640.000000
32 0.047699 0.493523 0.024762 0.432986 0.070635 0.554061 480.000000 640.000000
36 0.189206 0.613431 0.164275 0.544393 0.214137 0.682470 480.000000 640.000000
41 0.840158 0.519577 0.814955 0.455492 0.865360 0.583662 480.000000 640.000000
49 0.898459 0.460026 0.882715 0.400113 0.914203 0.519939 480.000000 640.000000
40 0.810923 0.497989 0.787943 0.435743 0.833902 0.560236 480.000000 640.000000
30 0.421961 0.581837 0.400817 0.521698 0.443105 0.641976 480.000000 640.000000
54 0.921612 0.504247 0.902010 0.440368 0.941213 0.568125 480.000000 640.000000
20 0.751617 0.567451 0.722856 0.468402 0.780378 0.666500 480.000000 640.000000
6 0.332390 0.489624 0.318000 0.427197 0.346779 0.552051 480.000000 640.000000
5 0.406275 0.558893 0.387500 0.500305 0.425049 0.617481 480.000000 640.000000
14 0.751735 0.524336 0.730097 0.466930 0.773373 0.581742 480.000000 640.000000
62 0.980670 0.489812 0.961571 0.421918 0.999769 0.557705 480.000000 640.000000
42 0.222285 0.558502 0.200500 0.500829 0.244070 0.616175 480.000000 640.000000
31 0.754903 0.599918 0.726251 0.532522 0.783556 0.667314 480.000000 640.000000
66 0.378646 0.573611 0.365625 0.531944 0.391667 0.615278 480.000000 640.000000
67 0.053483 0.495486 0.037891 0.444792 0.069076 0.546181 480.000000 640.000000
68 0.251563 0.525347 0.236979 0.465278 0.266146 0.585417 480.000000 640.000000
