4 0.222635 0.614874 0.194826 0.536299 0.250445 0.693450 480.000000 640.000000
5 0.298064 0.567150 0.275084 0.503873 0.321043 0.630427 480.000000 640.000000
21 0.457019 0.495478 0.434395 0.432758 0.479642 0.558198 480.000000 640.000000
9 0.113376 0.519082 0.087867 0.457237 0.138885 0.580926 480.000000 640.000000
11 0.009475 0.447605 -0.000537 0.387986 0.019488 0.507223 480.000000 640.000000
32 0.198249 0.482251 0.174185 0.416901 0.222313 0.547600 480.000000 640.000000
36 0.034345 0.619605 0.008401 0.549490 0.060288 0.689720 480.000000 640.000000
37 0.045268 0.482612 0.016438 0.417435 0.074098 0.547790 480.000000 640.000000
40 0.972793 0.511973 0.958936 0.446087 0.986650 0.577858 480.000000 640.000000
41 0.990603 0.529051 0.981225 0.465521 0.999980 0.592580 480.000000 640.000000
20 0.649334 0.575243 0.625212 0.478005 0.673457 0.672480 480.000000 640.000000
