4 0.203617 0.611974 0.178637 0.533319 0.228597 0.690629 480.000000 640.000000
5 0.286561 0.574869 0.265291 0.508755 0.307832 0.640982 480.000000 640.000000
14 0.639727 0.521142 0.619032 0.461755 0.660423 0.580528 480.000000 640.000000
21 0.464831 0.496233 0.441566 0.432121 0.488096 0.560344 480.000000 640.000000
9 0.093603 0.522419 0.073691 0.460771 0.113516 0.584067 480.000000 640.000000
11 0.018502 0.447401 0.001032 0.388202 0.035972 0.506599 480.000000 640.000000
32 0.209060 0.482404 0.192287 0.428251 0.225833 0.536557 480.000000 640.000000
36 0.019680 0.615841 0.003051 0.546392 0.036308 0.685290 480.000000 640.000000
37 0.056500 0.481333 0.038625 0.415692 0.074375 0.546975 480.000000 640.000000
20 0.631622 0.608542 0.592822 0.543756 0.670422 0.673329 480.000000 640.000000
30 0.294848 0.583937 0.269682 0.521814 0.320013 0.646061 480.000000 640.000000
