4 0.217941 0.610069 0.189507 0.535502 0.246375 0.684636 480.000000 640.000000
5 0.298589 0.573840 0.272191 0.503097 0.324987 0.644582 480.000000 640.000000
14 0.644846 0.534983 0.621793 0.458921 0.667899 0.611046 480.000000 640.000000
21 0.460206 0.492997 0.439171 0.432382 0.481241 0.553612 480.000000 640.000000
9 0.106828 0.516828 0.080429 0.448898 0.133227 0.584757 480.000000 640.000000
11 0.012930 0.447538 -0.000813 0.386955 0.026673 0.508121 480.000000 640.000000
32 0.201708 0.476748 0.180595 0.409444 0.222820 0.544051 480.000000 640.000000
36 0.029313 0.620409 0.007359 0.552688 0.051267 0.688130 480.000000 640.000000
37 0.051761 0.481988 0.029033 0.417077 0.074490 0.546900 480.000000 640.000000
20 0.648575 0.610169 0.623441 0.546623 0.673710 0.673714 480.000000 640.000000
