4 0.522347 0.564282 0.505499 0.494455 0.539195 0.634108 480.000000 640.000000
30 0.544847 0.578884 0.528572 0.521625 0.561121 0.636143 480.000000 640.000000
14 0.858389 0.568617 0.828943 0.473600 0.887836 0.663633 480.000000 640.000000
40 0.661063 0.497171 0.645213 0.434042 0.676914 0.560301 480.000000 640.000000
6 0.213817 0.492984 0.190755 0.426096 0.236879 0.559871 480.000000 640.000000
5 0.524893 0.593203 0.496364 0.494734 0.553422 0.691672 480.000000 640.000000
41 0.695733 0.508151 0.678246 0.443733 0.713220 0.572569 480.000000 640.000000
36 0.353467 0.621356 0.328078 0.565868 0.378855 0.676845 480.000000 640.000000
54 0.773373 0.481506 0.750184 0.398559 0.796561 0.564452 480.000000 640.000000
87 0.358277 0.523478 0.336095 0.464996 0.380459 0.581960 480.000000 640.000000
31 0.860585 0.595811 0.834940 0.528675 0.886230 0.662948 480.000000 640.000000
