4 0.186378 0.613572 0.159174 0.534415 0.213582 0.692728 480.000000 640.000000
5 0.267006 0.572588 0.242754 0.504039 0.291258 0.641138 480.000000 640.000000
14 0.625954 0.518080 0.605150 0.464133 0.646757 0.572026 480.000000 640.000000
21 0.483737 0.493566 0.465310 0.432528 0.502164 0.554603 480.000000 640.000000
9 0.067501 0.562583 0.044163 0.509460 0.090839 0.615706 480.000000 640.000000
11 0.033573 0.447472 0.013018 0.390689 0.054128 0.504255 480.000000 640.000000
31 0.635732 0.608093 0.619037 0.542258 0.652427 0.673929 480.000000 640.000000
32 0.226977 0.493660 0.202816 0.433933 0.251139 0.553388 480.000000 640.000000
10 0.607513 0.601231 0.587558 0.533785 0.627468 0.668677 480.000000 640.000000
35 0.061117 0.473958 0.043848 0.417014 0.078385 0.530903 480.000000 640.000000
6 0.484401 0.470932 0.471630 0.432706 0.497172 0.509158 480.000000 640.000000
