4 0.225093 0.614188 0.199366 0.536240 0.250820 0.692137 480.000000 640.000000
5 0.299841 0.567631 0.276675 0.504162 0.323008 0.631101 480.000000 640.000000
21 0.454189 0.492219 0.433195 0.432818 0.475182 0.551620 480.000000 640.000000
9 0.120230 0.517805 0.095524 0.451389 0.144935 0.584222 480.000000 640.000000
11 0.008723 0.449348 -0.000325 0.391099 0.017771 0.507597 480.000000 640.000000
32 0.190594 0.490292 0.164087 0.428540 0.217102 0.552043 480.000000 640.000000
36 0.038712 0.618441 0.009073 0.549434 0.068351 0.687447 480.000000 640.000000
37 0.042439 0.483718 0.012073 0.418947 0.072804 0.548489 480.000000 640.000000
40 0.964629 0.511497 0.948927 0.445178 0.980331 0.577816 480.000000 640.000000
41 0.989379 0.522354 0.978787 0.453955 0.999971 0.590752 480.000000 640.000000
20 0.650952 0.564312 0.625476 0.458180 0.676429 0.670444 480.000000 640.000000
42 0.101432 0.559375 0.076693 0.501736 0.126172 0.617014 480.000000 640.000000
43 0.027498 0.477083 0.010986 0.417014 0.044010 0.537153 480.000000 640.000000
