4 0.536753 0.571585 0.519164 0.490010 0.554343 0.653160 480.000000 640.000000
14 0.860515 0.550391 0.839179 0.469926 0.881851 0.630857 480.000000 640.000000
40 0.633547 0.498719 0.608839 0.435522 0.658254 0.561915 480.000000 640.000000
6 0.204454 0.492888 0.183956 0.429211 0.224952 0.556566 480.000000 640.000000
5 0.546868 0.604774 0.525172 0.516655 0.568565 0.692892 480.000000 640.000000
41 0.671145 0.508805 0.648032 0.446246 0.694258 0.571365 480.000000 640.000000
31 0.875264 0.595815 0.856269 0.527816 0.894260 0.663815 480.000000 640.000000
95 0.754757 0.510126 0.729291 0.458442 0.780224 0.561810 480.000000 640.000000
62 0.841873 0.459066 0.820648 0.411223 0.863099 0.506909 480.000000 640.000000
54 0.763810 0.458398 0.745031 0.399891 0.782588 0.516905 480.000000 640.000000
42 0.377353 0.512343 0.353589 0.449277 0.401117 0.575408 480.000000 640.000000
36 0.379936 0.626415 0.361507 0.556513 0.398364 0.696317 480.000000 640.000000
