2 0.301253 0.493254 0.274790 0.432752 0.327715 0.553757 480.000000 640.000000
3 0.019899 0.527755 0.001861 0.455385 0.037937 0.600125 480.000000 640.000000
4 0.102745 0.613960 0.076589 0.533090 0.128901 0.694831 480.000000 640.000000
5 0.218820 0.573544 0.191583 0.501285 0.246056 0.645803 480.000000 640.000000
7 0.131891 0.483999 0.110760 0.417516 0.153021 0.550483 480.000000 640.000000
9 0.028521 0.514182 0.005659 0.445863 0.051384 0.582502 480.000000 640.000000
11 0.102062 0.447476 0.086398 0.392005 0.117725 0.502946 480.000000 640.000000
14 0.578694 0.530437 0.557467 0.457433 0.599922 0.603440 480.000000 640.000000
1 0.578481 0.567567 0.555591 0.456908 0.601372 0.678227 480.000000 640.000000
20 0.578936 0.622502 0.555705 0.563070 0.602168 0.681934 480.000000 640.000000
21 0.539947 0.496204 0.519606 0.433091 0.560288 0.559318 480.000000 640.000000
