4 0.371558 0.615031 0.344289 0.539908 0.398828 0.690155 480.000000 640.000000
9 0.241610 0.538738 0.218172 0.486725 0.265049 0.590751 480.000000 640.000000
32 0.049578 0.494293 0.024962 0.433647 0.074194 0.554939 480.000000 640.000000
36 0.187571 0.613777 0.163283 0.544241 0.211859 0.683312 480.000000 640.000000
41 0.843043 0.519246 0.819663 0.454817 0.866423 0.583674 480.000000 640.000000
49 0.906244 0.460640 0.896265 0.399677 0.916223 0.521604 480.000000 640.000000
40 0.812665 0.499361 0.789252 0.437462 0.836077 0.561260 480.000000 640.000000
30 0.420351 0.582122 0.396114 0.521786 0.444588 0.642458 480.000000 640.000000
54 0.926511 0.509960 0.905588 0.452192 0.947434 0.567727 480.000000 640.000000
20 0.749279 0.570381 0.718879 0.475199 0.779679 0.665564 480.000000 640.000000
6 0.335643 0.488384 0.321346 0.426426 0.349939 0.550341 480.000000 640.000000
5 0.404868 0.558574 0.386694 0.499658 0.423042 0.617489 480.000000 640.000000
14 0.749394 0.533432 0.728013 0.467162 0.770775 0.599702 480.000000 640.000000
62 0.984223 0.494174 0.968773 0.428628 0.999673 0.559719 480.000000 640.000000
42 0.220344 0.558723 0.197965 0.501065 0.242723 0.616382 480.000000 640.000000
31 0.754755 0.597890 0.726347 0.528439 0.783164 0.667341 480.000000 640.000000
