4 0.493421 0.555514 0.477114 0.494775 0.509727 0.616252 480.000000 640.000000
30 0.510068 0.579600 0.496992 0.520640 0.523144 0.638561 480.000000 640.000000
62 0.892089 0.493843 0.868708 0.427941 0.915470 0.559745 480.000000 640.000000
14 0.814161 0.561293 0.787698 0.466070 0.840624 0.656516 480.000000 640.000000
40 0.702188 0.497932 0.686923 0.435100 0.717453 0.560764 480.000000 640.000000
6 0.247224 0.494421 0.224796 0.429689 0.269651 0.559154 480.000000 640.000000
86 0.877623 0.477107 0.860415 0.419288 0.894830 0.534925 480.000000 640.000000
5 0.487719 0.598785 0.459033 0.511330 0.516405 0.686239 480.000000 640.000000
41 0.733359 0.509566 0.716467 0.447386 0.750251 0.571746 480.000000 640.000000
87 0.329162 0.510330 0.312486 0.447272 0.345838 0.573388 480.000000 640.000000
31 0.832309 0.597976 0.808771 0.531254 0.855847 0.664698 480.000000 640.000000
36 0.316884 0.579230 0.294973 0.490472 0.338795 0.667987 480.000000 640.000000
