4 0.399961 0.614758 0.377900 0.538061 0.422022 0.691455 480.000000 640.000000
9 0.261990 0.524133 0.240171 0.460795 0.283808 0.587470 480.000000 640.000000
32 0.024950 0.494189 0.000270 0.433548 0.049631 0.554830 480.000000 640.000000
36 0.223270 0.611392 0.208554 0.542152 0.237986 0.680632 480.000000 640.000000
41 0.817091 0.515739 0.800825 0.452684 0.833358 0.578795 480.000000 640.000000
49 0.873711 0.456240 0.858498 0.393580 0.888924 0.518899 480.000000 640.000000
40 0.789042 0.497395 0.774208 0.435897 0.803875 0.558893 480.000000 640.000000
30 0.448529 0.581549 0.428734 0.521153 0.468324 0.641945 480.000000 640.000000
54 0.892864 0.505470 0.865825 0.443202 0.919902 0.567738 480.000000 640.000000
20 0.771178 0.567322 0.745077 0.468173 0.797278 0.666471 480.000000 640.000000
6 0.310793 0.493771 0.289301 0.432903 0.332285 0.554639 480.000000 640.000000
5 0.429456 0.559847 0.412894 0.499368 0.446017 0.620325 480.000000 640.000000
62 0.964585 0.494577 0.941008 0.427552 0.988161 0.561601 480.000000 640.000000
42 0.249134 0.552384 0.234023 0.494988 0.264245 0.609780 480.000000 640.000000
74 0.405469 0.615278 0.385937 0.536806 0.425000 0.693750 480.000000 640.000000
