4 0.389227 0.609540 0.363418 0.533025 0.415037 0.686054 480.000000 640.000000
9 0.249038 0.518637 0.230824 0.459704 0.267251 0.577569 480.000000 640.000000
32 0.040489 0.491367 0.015720 0.432723 0.065257 0.550011 480.000000 640.000000
36 0.207511 0.608630 0.188479 0.543640 0.226542 0.673621 480.000000 640.000000
41 0.827597 0.518925 0.803719 0.454816 0.851475 0.583034 480.000000 640.000000
49 0.883040 0.466718 0.858889 0.399884 0.907191 0.533552 480.000000 640.000000
40 0.800573 0.505471 0.786979 0.453040 0.814167 0.557902 480.000000 640.000000
30 0.435281 0.580683 0.422305 0.520094 0.448258 0.641271 480.000000 640.000000
54 0.902950 0.506449 0.884870 0.445886 0.921030 0.567012 480.000000 640.000000
20 0.757927 0.560378 0.735847 0.466933 0.780008 0.653824 480.000000 640.000000
6 0.321493 0.501076 0.299266 0.446891 0.343719 0.555261 480.000000 640.000000
5 0.421751 0.564477 0.403727 0.505343 0.439775 0.623612 480.000000 640.000000
14 0.759969 0.530554 0.739265 0.468230 0.780674 0.592878 480.000000 640.000000
62 0.969581 0.493541 0.944368 0.425971 0.994793 0.561111 480.000000 640.000000
31 0.768796 0.601401 0.750712 0.535873 0.786879 0.666929 480.000000 640.000000
68 0.256817 0.517581 0.247302 0.459796 0.266332 0.575366 480.000000 640.000000
70 0.890625 0.492014 0.859896 0.416667 0.921354 0.567361 480.000000 640.000000
