2 0.275013 0.491666 0.253462 0.430693 0.296565 0.552639 480.000000 640.000000
3 0.044987 0.515142 0.021746 0.452753 0.068229 0.577530 480.000000 640.000000
4 0.139761 0.610494 0.112420 0.535160 0.167101 0.685828 480.000000 640.000000
5 0.232778 0.571526 0.206569 0.502528 0.258987 0.640524 480.000000 640.000000
7 0.113092 0.487757 0.087032 0.425372 0.139152 0.550141 480.000000 640.000000
11 0.078673 0.445356 0.063425 0.390516 0.093921 0.500197 480.000000 640.000000
14 0.597048 0.517833 0.575738 0.465204 0.618358 0.570461 480.000000 640.000000
21 0.522340 0.488617 0.504614 0.432576 0.540066 0.544658 480.000000 640.000000
10 0.571501 0.601333 0.552825 0.536485 0.590178 0.666180 480.000000 640.000000
9 0.026172 0.557027 0.002629 0.499544 0.049714 0.614509 480.000000 640.000000
20 0.603357 0.617679 0.580169 0.555720 0.626545 0.679639 480.000000 640.000000
27 0.006692 0.505655 0.000086 0.472256 0.013297 0.539055 480.000000 640.000000
