1 0.547117 0.608096 0.524554 0.536228 0.569680 0.679965 480.000000 640.000000
2 0.345714 0.492280 0.317918 0.431227 0.373510 0.553333 480.000000 640.000000
3 0.019553 0.507574 0.000132 0.449871 0.038974 0.565276 480.000000 640.000000
4 0.057077 0.616744 0.031289 0.541848 0.082865 0.691640 480.000000 640.000000
5 0.179975 0.569268 0.155032 0.489589 0.204918 0.648946 480.000000 640.000000
6 0.578792 0.499642 0.559841 0.432471 0.597743 0.566813 480.000000 640.000000
7 0.172211 0.471556 0.155050 0.416101 0.189372 0.527011 480.000000 640.000000
9 0.079707 0.487863 0.062427 0.428074 0.096986 0.547652 480.000000 640.000000
10 0.520059 0.591618 0.502442 0.529290 0.537675 0.653947 480.000000 640.000000
11 0.144452 0.446363 0.127828 0.390181 0.161076 0.502546 480.000000 640.000000
14 0.543242 0.520959 0.523251 0.460658 0.563232 0.581260 480.000000 640.000000
