4 0.450601 0.606663 0.428006 0.536972 0.473196 0.676355 480.000000 640.000000
36 0.265939 0.616565 0.244567 0.545694 0.287311 0.687436 480.000000 640.000000
30 0.471855 0.569753 0.456589 0.517691 0.487121 0.621814 480.000000 640.000000
54 0.848667 0.501575 0.818017 0.437010 0.879317 0.566140 480.000000 640.000000
20 0.791717 0.556385 0.770490 0.466539 0.812945 0.646231 480.000000 640.000000
5 0.460021 0.555485 0.442739 0.494991 0.477302 0.615979 480.000000 640.000000
62 0.927770 0.496397 0.902263 0.431186 0.953276 0.561608 480.000000 640.000000
14 0.792908 0.527084 0.773092 0.466757 0.812724 0.587410 480.000000 640.000000
40 0.743793 0.495833 0.725991 0.433928 0.761595 0.557738 480.000000 640.000000
80 0.774295 0.500835 0.761379 0.448838 0.787211 0.552832 480.000000 640.000000
31 0.807257 0.597145 0.790054 0.532187 0.824460 0.662102 480.000000 640.000000
6 0.277787 0.482433 0.258618 0.426047 0.296955 0.538820 480.000000 640.000000
