4 0.301758 0.611477 0.276492 0.533834 0.327024 0.689121 480.000000 640.000000
5 0.355739 0.569516 0.337003 0.500947 0.374475 0.638085 480.000000 640.000000
9 0.178857 0.521831 0.162110 0.460000 0.195605 0.583661 480.000000 640.000000
32 0.122190 0.486324 0.099265 0.433268 0.145115 0.539379 480.000000 640.000000
36 0.118619 0.620313 0.102821 0.557658 0.134417 0.682968 480.000000 640.000000
41 0.917186 0.528427 0.891868 0.465625 0.942503 0.591229 480.000000 640.000000
42 0.163698 0.559023 0.149634 0.501121 0.177763 0.616926 480.000000 640.000000
6 0.393436 0.496701 0.374125 0.431389 0.412748 0.562012 480.000000 640.000000
14 0.704383 0.521196 0.681118 0.466181 0.727648 0.576210 480.000000 640.000000
20 0.700153 0.568657 0.667565 0.465691 0.732742 0.671623 480.000000 640.000000
49 0.965169 0.459687 0.946861 0.396759 0.983477 0.522615 480.000000 640.000000
40 0.891242 0.503004 0.872288 0.437629 0.910196 0.568379 480.000000 640.000000
30 0.367232 0.575379 0.342218 0.507668 0.392247 0.643091 480.000000 640.000000
31 0.711000 0.605195 0.687195 0.538498 0.734806 0.671892 480.000000 640.000000
