4 0.342959 0.611906 0.319847 0.552612 0.366072 0.671200 480.000000 640.000000
9 0.213874 0.526394 0.190136 0.451581 0.237611 0.601206 480.000000 640.000000
32 0.082481 0.492702 0.058974 0.432031 0.105988 0.553372 480.000000 640.000000
36 0.158552 0.614384 0.136676 0.540815 0.180428 0.687952 480.000000 640.000000
41 0.874978 0.521682 0.850109 0.458194 0.899846 0.585171 480.000000 640.000000
49 0.924575 0.462311 0.901920 0.400730 0.947230 0.523892 480.000000 640.000000
40 0.846755 0.508170 0.830389 0.456218 0.863121 0.560122 480.000000 640.000000
30 0.392855 0.578604 0.371137 0.521570 0.414572 0.635638 480.000000 640.000000
54 0.952844 0.511471 0.940454 0.452948 0.965234 0.569993 480.000000 640.000000
20 0.730098 0.565405 0.703981 0.465657 0.756215 0.665153 480.000000 640.000000
6 0.355713 0.484964 0.338513 0.427479 0.372913 0.542449 480.000000 640.000000
5 0.386326 0.546267 0.370235 0.496974 0.402416 0.595560 480.000000 640.000000
60 0.387217 0.523935 0.372430 0.497281 0.402005 0.550589 480.000000 640.000000
14 0.731950 0.537016 0.708141 0.466470 0.755758 0.607561 480.000000 640.000000
62 0.988021 0.496528 0.976042 0.435417 1.000000 0.557639 480.000000 640.000000
