1 0.465671 0.603866 0.445871 0.540616 0.485471 0.667116 480.000000 640.000000
2 0.266326 0.616411 0.249845 0.548659 0.282807 0.684163 480.000000 640.000000
4 0.818436 0.599006 0.799296 0.533534 0.837576 0.664478 480.000000 640.000000
5 0.752996 0.576609 0.728237 0.515119 0.777755 0.638100 480.000000 640.000000
6 0.595120 0.637368 0.573358 0.566988 0.616883 0.707749 480.000000 640.000000
7 0.424743 0.644509 0.396577 0.572738 0.452909 0.716281 480.000000 640.000000
8 0.444439 0.468708 0.427534 0.414419 0.461343 0.522998 480.000000 640.000000
9 0.667839 0.531607 0.643113 0.473788 0.692565 0.589427 480.000000 640.000000
10 0.971432 0.608311 0.941902 0.525313 1.000963 0.691310 480.000000 640.000000
11 0.074816 0.532360 0.055429 0.466104 0.094204 0.598617 480.000000 640.000000
12 0.375315 0.557573 0.362768 0.497789 0.387861 0.617357 480.000000 640.000000
13 0.149150 0.438221 0.134166 0.383245 0.164133 0.493197 480.000000 640.000000
14 0.186730 0.651850 0.160242 0.568576 0.213218 0.735125 480.000000 640.000000
15 0.945910 0.516871 0.930985 0.457973 0.960835 0.575770 480.000000 640.000000
16 0.536938 0.443142 0.515995 0.384326 0.557880 0.501957 480.000000 640.000000
18 0.413501 0.482034 0.390240 0.410141 0.436763 0.553927 480.000000 640.000000
19 0.106898 0.580836 0.083454 0.520987 0.130343 0.640684 480.000000 640.000000
20 0.380649 0.468160 0.365238 0.408152 0.396060 0.528168 480.000000 640.000000
22 0.152038 0.504201 0.124153 0.440147 0.179923 0.568255 480.000000 640.000000
23 0.856835 0.558839 0.835781 0.498837 0.877890 0.618841 480.000000 640.000000
24 0.128876 0.460044 0.109263 0.399651 0.148488 0.520437 480.000000 640.000000
25 0.701682 0.442528 0.686242 0.381111 0.717122 0.503945 480.000000 640.000000
29 0.325124 0.446412 0.310556 0.387677 0.339692 0.505146 480.000000 640.000000
30 0.008666 0.626902 0.000237 0.572538 0.017095 0.681265 480.000000 640.000000
21 0.246213 0.552134 0.233636 0.498327 0.258789 0.605942 480.000000 640.000000
