1 0.609779 0.600000 0.581513 0.537526 0.638046 0.662474 480.000000 640.000000
2 0.388858 0.615195 0.358556 0.548840 0.419161 0.681551 480.000000 640.000000
4 0.926175 0.604364 0.905150 0.540516 0.947199 0.668212 480.000000 640.000000
5 0.870080 0.581988 0.843785 0.519286 0.896375 0.644691 480.000000 640.000000
6 0.694822 0.646942 0.669742 0.564958 0.719902 0.728927 480.000000 640.000000
7 0.512288 0.642039 0.485878 0.567838 0.538697 0.716241 480.000000 640.000000
9 0.774118 0.529415 0.747977 0.469994 0.800258 0.588836 480.000000 640.000000
19 0.205489 0.580132 0.178990 0.500354 0.231989 0.659910 480.000000 640.000000
23 0.955797 0.567329 0.939177 0.507347 0.972417 0.627311 480.000000 640.000000
30 0.103648 0.606560 0.078525 0.534263 0.128771 0.678858 480.000000 640.000000
21 0.352189 0.556922 0.335584 0.499325 0.368794 0.614519 480.000000 640.000000
41 0.974480 0.490916 0.956156 0.425939 0.992803 0.555892 480.000000 640.000000
8 0.304328 0.463501 0.278134 0.409438 0.330522 0.517564 480.000000 640.000000
20 0.493658 0.482669 0.460454 0.412477 0.526862 0.552861 480.000000 640.000000
34 0.602589 0.466416 0.583082 0.408477 0.622096 0.524355 480.000000 640.000000
22 0.017741 0.500593 -0.001509 0.436193 0.036991 0.564994 480.000000 640.000000
35 0.289664 0.637990 0.270357 0.563906 0.308972 0.712075 480.000000 640.000000
18 0.511011 0.480685 0.492029 0.410978 0.529993 0.550393 480.000000 640.000000
3 0.123271 0.453807 0.096737 0.393837 0.149805 0.513777 480.000000 640.000000
38 0.037194 0.441750 0.023993 0.384113 0.050394 0.499387 480.000000 640.000000
16 0.652557 0.447266 0.632080 0.387697 0.673035 0.506836 480.000000 640.000000
54 0.497775 0.567267 0.480903 0.516546 0.514647 0.617988 480.000000 640.000000
14 0.282365 0.654941 0.267439 0.575808 0.297291 0.734074 480.000000 640.000000
