1 0.450271 0.603338 0.436114 0.539794 0.464428 0.666881 480.000000 640.000000
2 0.252677 0.618076 0.224161 0.551373 0.281193 0.684780 480.000000 640.000000
3 0.253261 0.449263 0.230532 0.389877 0.275990 0.508649 480.000000 640.000000
4 0.806765 0.599102 0.781959 0.534200 0.831570 0.664003 480.000000 640.000000
5 0.741855 0.575674 0.723862 0.511640 0.759849 0.639708 480.000000 640.000000
6 0.588915 0.648511 0.563870 0.570688 0.613959 0.726335 480.000000 640.000000
7 0.409647 0.643282 0.390404 0.570320 0.428890 0.716245 480.000000 640.000000
8 0.449514 0.466061 0.434524 0.413584 0.464504 0.518538 480.000000 640.000000
9 0.662296 0.527317 0.636851 0.465048 0.687741 0.589587 480.000000 640.000000
10 0.971938 0.617323 0.942721 0.529793 1.001154 0.704853 480.000000 640.000000
11 0.068508 0.532600 0.051740 0.466351 0.085275 0.598850 480.000000 640.000000
12 0.361094 0.557072 0.341971 0.496251 0.380217 0.617892 480.000000 640.000000
13 0.155700 0.441108 0.136077 0.383734 0.175323 0.498481 480.000000 640.000000
14 0.181465 0.651864 0.158255 0.566609 0.204675 0.737118 480.000000 640.000000
15 0.934831 0.520922 0.917409 0.460699 0.952253 0.581146 480.000000 640.000000
16 0.525028 0.442192 0.511226 0.382532 0.538830 0.501852 480.000000 640.000000
18 0.407952 0.476309 0.384142 0.400460 0.431762 0.552157 480.000000 640.000000
19 0.092096 0.589009 0.069879 0.516503 0.114314 0.661515 480.000000 640.000000
20 0.373304 0.476010 0.356090 0.407881 0.390518 0.544139 480.000000 640.000000
22 0.167446 0.504335 0.153902 0.441779 0.180990 0.566890 480.000000 640.000000
23 0.849217 0.557961 0.832395 0.497572 0.866040 0.618350 480.000000 640.000000
24 0.124261 0.459613 0.109909 0.398892 0.138613 0.520333 480.000000 640.000000
25 0.686044 0.450320 0.668812 0.380183 0.703277 0.520457 480.000000 640.000000
