1 0.525170 0.604273 0.494806 0.540333 0.555534 0.668213 480.000000 640.000000
2 0.316205 0.612339 0.300165 0.545078 0.332246 0.679599 480.000000 640.000000
4 0.863121 0.601924 0.844372 0.537399 0.881871 0.666448 480.000000 640.000000
5 0.797142 0.577977 0.772587 0.516364 0.821698 0.639591 480.000000 640.000000
6 0.635686 0.636136 0.616268 0.567686 0.655104 0.704586 480.000000 640.000000
7 0.461442 0.644381 0.437177 0.573108 0.485707 0.715653 480.000000 640.000000
9 0.710644 0.528222 0.687074 0.467896 0.734215 0.588548 480.000000 640.000000
11 0.123452 0.532039 0.103450 0.469797 0.143455 0.594281 480.000000 640.000000
12 0.423877 0.560043 0.404121 0.502126 0.443632 0.617961 480.000000 640.000000
15 0.982468 0.520017 0.968383 0.460635 0.996553 0.579399 480.000000 640.000000
16 0.581356 0.443805 0.559447 0.385272 0.603265 0.502337 480.000000 640.000000
18 0.456505 0.477636 0.434849 0.401485 0.478162 0.553788 480.000000 640.000000
19 0.142583 0.589433 0.119157 0.519515 0.166008 0.659351 480.000000 640.000000
23 0.894109 0.560650 0.870204 0.500064 0.918013 0.621236 480.000000 640.000000
25 0.739119 0.436457 0.723036 0.381985 0.755202 0.490930 480.000000 640.000000
29 0.273193 0.441742 0.254603 0.383387 0.291784 0.500096 480.000000 640.000000
30 0.040474 0.601592 0.015672 0.537834 0.065277 0.665350 480.000000 640.000000
21 0.287645 0.552573 0.272579 0.490737 0.302710 0.614409 480.000000 640.000000
24 0.172002 0.462468 0.147360 0.402484 0.196644 0.522452 480.000000 640.000000
14 0.222331 0.677616 0.198170 0.618134 0.246492 0.737097 480.000000 640.000000
41 0.897640 0.470241 0.879605 0.425963 0.915675 0.514519 480.000000 640.000000
8 0.381273 0.456129 0.361437 0.394926 0.401108 0.517332 480.000000 640.000000
20 0.424356 0.464743 0.408471 0.407692 0.440242 0.521795 480.000000 640.000000
34 0.648710 0.465020 0.632379 0.409812 0.665041 0.520228 480.000000 640.000000
22 0.094841 0.500078 0.068519 0.430231 0.121162 0.569925 480.000000 640.000000
35 0.236106 0.640510 0.209219 0.564634 0.262992 0.716385 480.000000 640.000000
42 0.189974 0.445833 0.177734 0.387500 0.202214 0.504167 480.000000 640.000000
