1 0.499366 0.603302 0.479661 0.538777 0.519071 0.667827 480.000000 640.000000
2 0.296150 0.616783 0.265543 0.550411 0.326757 0.683154 480.000000 640.000000
4 0.842668 0.602732 0.817870 0.538930 0.867465 0.666534 480.000000 640.000000
5 0.779699 0.577200 0.762323 0.515470 0.797074 0.638931 480.000000 640.000000
6 0.623637 0.640024 0.600319 0.565592 0.646955 0.714456 480.000000 640.000000
7 0.439974 0.643124 0.418400 0.569446 0.461549 0.716802 480.000000 640.000000
9 0.695363 0.527175 0.673352 0.466092 0.717374 0.588257 480.000000 640.000000
10 0.991738 0.611952 0.983540 0.550493 0.999937 0.673411 480.000000 640.000000
11 0.110119 0.531108 0.090117 0.464711 0.130121 0.597504 480.000000 640.000000
12 0.399059 0.561077 0.380689 0.503255 0.417429 0.618899 480.000000 640.000000
15 0.962819 0.522713 0.939587 0.465385 0.986050 0.580040 480.000000 640.000000
16 0.562326 0.442718 0.549009 0.382080 0.575643 0.503356 480.000000 640.000000
18 0.442479 0.478981 0.422028 0.409780 0.462929 0.548183 480.000000 640.000000
19 0.128020 0.581722 0.097748 0.504280 0.158291 0.659163 480.000000 640.000000
23 0.879236 0.557059 0.859673 0.496906 0.898799 0.617212 480.000000 640.000000
25 0.719685 0.444046 0.704112 0.379944 0.735258 0.508147 480.000000 640.000000
29 0.296120 0.445031 0.280017 0.387272 0.312222 0.502789 480.000000 640.000000
30 0.022300 0.609775 0.000572 0.536633 0.044028 0.682916 480.000000 640.000000
21 0.270530 0.552620 0.254274 0.499786 0.286785 0.605453 480.000000 640.000000
34 0.660229 0.465232 0.642755 0.411184 0.677703 0.519280 480.000000 640.000000
36 0.658973 0.483783 0.640711 0.410506 0.677235 0.557059 480.000000 640.000000
24 0.155273 0.462496 0.143451 0.399901 0.167094 0.525091 480.000000 640.000000
38 0.125100 0.446214 0.105246 0.384157 0.144954 0.508270 480.000000 640.000000
14 0.213664 0.647433 0.193444 0.562922 0.233883 0.731944 480.000000 640.000000
40 0.213145 0.426138 0.200824 0.391002 0.225466 0.461274 480.000000 640.000000
