1 0.600047 0.601039 0.570526 0.537563 0.629569 0.664516 480.000000 640.000000
2 0.384732 0.615183 0.356660 0.549058 0.412804 0.681308 480.000000 640.000000
4 0.918923 0.604856 0.894078 0.540932 0.943769 0.668780 480.000000 640.000000
5 0.861717 0.581055 0.842229 0.517685 0.881206 0.644426 480.000000 640.000000
6 0.688639 0.646183 0.663860 0.562717 0.713417 0.729650 480.000000 640.000000
7 0.508095 0.639771 0.479009 0.563553 0.537180 0.715989 480.000000 640.000000
9 0.765625 0.531296 0.743410 0.473813 0.787839 0.588780 480.000000 640.000000
19 0.194075 0.584755 0.169173 0.509167 0.218977 0.660342 480.000000 640.000000
23 0.947481 0.558601 0.931904 0.503370 0.963058 0.613832 480.000000 640.000000
30 0.090006 0.602621 0.070986 0.537396 0.109026 0.667846 480.000000 640.000000
21 0.342443 0.556978 0.329507 0.499647 0.355379 0.614308 480.000000 640.000000
41 0.968435 0.492397 0.945935 0.428354 0.990936 0.556439 480.000000 640.000000
8 0.311542 0.459793 0.288751 0.403865 0.334333 0.515722 480.000000 640.000000
20 0.474872 0.478756 0.456257 0.411680 0.493486 0.545833 480.000000 640.000000
34 0.605484 0.466117 0.587463 0.409688 0.623505 0.522546 480.000000 640.000000
22 0.019945 0.499248 0.000879 0.432351 0.039011 0.566146 480.000000 640.000000
35 0.284331 0.644019 0.259317 0.567356 0.309346 0.720683 480.000000 640.000000
18 0.503509 0.471375 0.486073 0.405930 0.520945 0.536820 480.000000 640.000000
14 0.272848 0.654961 0.255799 0.575226 0.289897 0.734697 480.000000 640.000000
3 0.127849 0.452253 0.102191 0.394105 0.153508 0.510401 480.000000 640.000000
38 0.042791 0.441915 0.029205 0.386437 0.056377 0.497392 480.000000 640.000000
24 0.221911 0.460167 0.202520 0.389761 0.241301 0.530573 480.000000 640.000000
16 0.641902 0.443811 0.628280 0.383796 0.655525 0.503826 480.000000 640.000000
