1 0.591069 0.600698 0.564408 0.536589 0.617730 0.664808 480.000000 640.000000
2 0.370000 0.614019 0.350418 0.546423 0.389581 0.681614 480.000000 640.000000
4 0.913602 0.603401 0.894202 0.538332 0.933002 0.668469 480.000000 640.000000
5 0.851131 0.580445 0.832227 0.517506 0.870035 0.643385 480.000000 640.000000
6 0.677834 0.647001 0.659701 0.564975 0.695967 0.729027 480.000000 640.000000
7 0.501415 0.643672 0.474815 0.571730 0.528014 0.715614 480.000000 640.000000
9 0.754074 0.534595 0.728244 0.480383 0.779905 0.588808 480.000000 640.000000
12 0.471436 0.588339 0.452155 0.551415 0.490717 0.625263 480.000000 640.000000
19 0.187805 0.588781 0.162486 0.517632 0.213123 0.659931 480.000000 640.000000
23 0.939283 0.558504 0.921581 0.495474 0.956985 0.621535 480.000000 640.000000
30 0.084783 0.602691 0.062218 0.537991 0.107348 0.667390 480.000000 640.000000
21 0.330578 0.566784 0.313315 0.493738 0.347841 0.639829 480.000000 640.000000
24 0.218425 0.463924 0.196116 0.397208 0.240734 0.530640 480.000000 640.000000
41 0.954200 0.489051 0.927979 0.421686 0.980421 0.556415 480.000000 640.000000
8 0.326161 0.446734 0.312518 0.389122 0.339803 0.504347 480.000000 640.000000
20 0.467327 0.477342 0.451130 0.411114 0.483524 0.543570 480.000000 640.000000
34 0.614592 0.464736 0.600509 0.406720 0.628675 0.522751 480.000000 640.000000
22 0.041563 0.483346 0.019762 0.401581 0.063363 0.565112 480.000000 640.000000
35 0.273498 0.651322 0.240933 0.568692 0.306063 0.733951 480.000000 640.000000
18 0.499917 0.469862 0.478902 0.405403 0.520932 0.534321 480.000000 640.000000
14 0.263499 0.661799 0.239613 0.586884 0.287385 0.736714 480.000000 640.000000
52 0.633946 0.445927 0.624147 0.384947 0.643745 0.506907 480.000000 640.000000
3 0.132998 0.449383 0.111914 0.390476 0.154083 0.508291 480.000000 640.000000
