1 0.788532 0.606643 0.773061 0.533530 0.804003 0.679755 480.000000 640.000000
2 0.536890 0.610245 0.517312 0.543938 0.556468 0.676553 480.000000 640.000000
6 0.816477 0.641778 0.792228 0.565078 0.840725 0.718478 480.000000 640.000000
7 0.630082 0.642314 0.605715 0.568879 0.654450 0.715749 480.000000 640.000000
9 0.908775 0.530045 0.888988 0.465989 0.928562 0.594100 480.000000 640.000000
30 0.227341 0.603356 0.205793 0.536672 0.248890 0.670039 480.000000 640.000000
21 0.482551 0.560963 0.462495 0.504024 0.502607 0.617902 480.000000 640.000000
16 0.797919 0.452335 0.779665 0.390560 0.816173 0.514111 480.000000 640.000000
58 0.145458 0.652707 0.117868 0.590369 0.173047 0.715045 480.000000 640.000000
35 0.406439 0.653292 0.383970 0.569029 0.428908 0.737555 480.000000 640.000000
72 0.122903 0.464885 0.098267 0.404721 0.147539 0.525049 480.000000 640.000000
74 0.081610 0.597875 0.066228 0.532208 0.096992 0.663543 480.000000 640.000000
20 0.627739 0.481159 0.595163 0.402062 0.660315 0.560255 480.000000 640.000000
34 0.513040 0.459253 0.497054 0.401422 0.529027 0.517084 480.000000 640.000000
54 0.656390 0.563721 0.638894 0.501896 0.673886 0.625546 480.000000 640.000000
19 0.342060 0.574988 0.315119 0.487617 0.369001 0.662359 480.000000 640.000000
25 0.933522 0.444664 0.915823 0.381955 0.951221 0.507374 480.000000 640.000000
82 0.023534 0.532250 0.003478 0.472727 0.043590 0.591772 480.000000 640.000000
62 0.056077 0.447186 0.036244 0.387526 0.075909 0.506847 480.000000 640.000000
68 0.157752 0.554128 0.135841 0.486205 0.179662 0.622052 480.000000 640.000000
