1 0.707632 0.597053 0.691359 0.533296 0.723905 0.660811 480.000000 640.000000
2 0.477046 0.614271 0.448111 0.547144 0.505980 0.681398 480.000000 640.000000
4 0.991275 0.616999 0.982356 0.571657 1.000194 0.662341 480.000000 640.000000
5 0.946720 0.584276 0.921480 0.520458 0.971960 0.648095 480.000000 640.000000
6 0.761524 0.641951 0.740461 0.562632 0.782587 0.721269 480.000000 640.000000
7 0.585617 0.612473 0.557156 0.508372 0.614078 0.716573 480.000000 640.000000
9 0.844286 0.529716 0.820460 0.468172 0.868113 0.591260 480.000000 640.000000
19 0.277593 0.573380 0.254136 0.482625 0.301051 0.664135 480.000000 640.000000
30 0.172268 0.605666 0.150274 0.533647 0.194262 0.677684 480.000000 640.000000
21 0.422898 0.560635 0.402281 0.503827 0.443516 0.617443 480.000000 640.000000
3 0.036493 0.456685 0.015127 0.399025 0.057859 0.514346 480.000000 640.000000
16 0.732920 0.451534 0.709370 0.390928 0.756470 0.512140 480.000000 640.000000
62 0.122889 0.447436 0.099284 0.389608 0.146494 0.505265 480.000000 640.000000
58 0.070188 0.601635 0.040554 0.492236 0.099821 0.711035 480.000000 640.000000
35 0.362317 0.647898 0.336501 0.568417 0.388134 0.727379 480.000000 640.000000
14 0.349036 0.658713 0.332609 0.582906 0.365462 0.734521 480.000000 640.000000
20 0.560492 0.477329 0.529596 0.401663 0.591387 0.552995 480.000000 640.000000
8 0.294191 0.467409 0.278901 0.403084 0.309480 0.531734 480.000000 640.000000
72 0.207720 0.466400 0.191576 0.414542 0.223863 0.518258 480.000000 640.000000
73 0.070015 0.636851 0.041716 0.563387 0.098314 0.710315 480.000000 640.000000
68 0.065678 0.557699 0.041482 0.491589 0.089874 0.623808 480.000000 640.000000
74 0.021213 0.601370 0.000996 0.536583 0.041431 0.666157 480.000000 640.000000
75 0.013749 0.578106 0.002693 0.538177 0.024806 0.618035 480.000000 640.000000
