1 0.468799 0.603369 0.446957 0.540636 0.490642 0.666102 480.000000 640.000000
2 0.270815 0.616288 0.256854 0.548972 0.284775 0.683605 480.000000 640.000000
4 0.820787 0.597998 0.802503 0.533260 0.839071 0.662735 480.000000 640.000000
5 0.754390 0.577232 0.728241 0.515776 0.780539 0.638688 480.000000 640.000000
6 0.597172 0.639462 0.577491 0.566630 0.616854 0.712295 480.000000 640.000000
7 0.427260 0.644191 0.397340 0.572689 0.457180 0.715692 480.000000 640.000000
8 0.437465 0.463637 0.413981 0.405100 0.460948 0.522174 480.000000 640.000000
9 0.670417 0.535058 0.648011 0.480752 0.692824 0.589363 480.000000 640.000000
10 0.971715 0.609930 0.942527 0.522980 1.000902 0.696881 480.000000 640.000000
11 0.076766 0.533054 0.056820 0.466476 0.096711 0.599632 480.000000 640.000000
12 0.378760 0.558121 0.363784 0.498425 0.393735 0.617817 480.000000 640.000000
14 0.192447 0.651099 0.161800 0.567309 0.223094 0.734888 480.000000 640.000000
15 0.948147 0.518111 0.931166 0.458650 0.965128 0.577571 480.000000 640.000000
16 0.538501 0.443149 0.516933 0.384460 0.560069 0.501839 480.000000 640.000000
18 0.414139 0.483186 0.391579 0.412888 0.436700 0.553484 480.000000 640.000000
19 0.107840 0.585865 0.088234 0.521566 0.127446 0.650165 480.000000 640.000000
20 0.383784 0.459249 0.366533 0.407380 0.401034 0.511117 480.000000 640.000000
22 0.150583 0.506273 0.121759 0.443903 0.179407 0.568643 480.000000 640.000000
23 0.858977 0.558499 0.836316 0.498456 0.881638 0.618542 480.000000 640.000000
24 0.129150 0.454914 0.110346 0.390519 0.147954 0.519309 480.000000 640.000000
25 0.704588 0.444316 0.685904 0.383009 0.723272 0.505623 480.000000 640.000000
29 0.322069 0.446218 0.307883 0.387541 0.336255 0.504894 480.000000 640.000000
30 0.010884 0.608622 0.000144 0.536518 0.021624 0.680725 480.000000 640.000000
21 0.248608 0.553165 0.236942 0.499144 0.260275 0.607186 480.000000 640.000000
33 0.232682 0.427778 0.218750 0.387847 0.246615 0.467708 480.000000 640.000000
