1 0.824500 0.592788 0.809691 0.533949 0.839309 0.651628 480.000000 640.000000
2 0.570785 0.609851 0.541031 0.542679 0.600539 0.677022 480.000000 640.000000
6 0.839959 0.637791 0.821324 0.556639 0.858593 0.718944 480.000000 640.000000
7 0.661587 0.642161 0.633542 0.571914 0.689632 0.712408 480.000000 640.000000
9 0.930343 0.531863 0.903721 0.467557 0.956964 0.596170 480.000000 640.000000
30 0.255672 0.600693 0.230783 0.532919 0.280560 0.668467 480.000000 640.000000
21 0.509365 0.560945 0.493129 0.503401 0.525600 0.618490 480.000000 640.000000
16 0.825035 0.445849 0.811567 0.381877 0.838502 0.509821 480.000000 640.000000
58 0.171088 0.648455 0.151414 0.583924 0.190762 0.712985 480.000000 640.000000
35 0.440772 0.647992 0.420177 0.567571 0.461368 0.728413 480.000000 640.000000
72 0.086895 0.466343 0.060562 0.406382 0.113229 0.526304 480.000000 640.000000
74 0.112433 0.597617 0.088408 0.533393 0.136457 0.661841 480.000000 640.000000
34 0.496491 0.457038 0.480496 0.399647 0.512486 0.514428 480.000000 640.000000
54 0.688696 0.564959 0.672656 0.503268 0.704736 0.626650 480.000000 640.000000
19 0.365271 0.578426 0.339476 0.494290 0.391066 0.662562 480.000000 640.000000
82 0.049084 0.530074 0.027186 0.474411 0.070983 0.585736 480.000000 640.000000
68 0.193583 0.552139 0.174729 0.486334 0.212437 0.617943 480.000000 640.000000
20 0.648208 0.499893 0.615223 0.404222 0.681193 0.595565 480.000000 640.000000
25 0.958059 0.449148 0.938604 0.395595 0.977513 0.502701 480.000000 640.000000
88 0.370799 0.453205 0.358916 0.404000 0.382682 0.502410 480.000000 640.000000
62 0.021245 0.447138 0.003086 0.384506 0.039404 0.509771 480.000000 640.000000
