2 0.612848 0.606762 0.582131 0.541285 0.643566 0.672238 480.000000 640.000000
6 0.866377 0.621604 0.843946 0.533045 0.888807 0.710164 480.000000 640.000000
7 0.686067 0.642277 0.665331 0.570613 0.706803 0.713941 480.000000 640.000000
9 0.964082 0.532756 0.936824 0.470464 0.991341 0.595048 480.000000 640.000000
30 0.286763 0.598645 0.262728 0.526920 0.310798 0.670370 480.000000 640.000000
21 0.541607 0.561389 0.524370 0.504628 0.558844 0.618151 480.000000 640.000000
16 0.861401 0.450166 0.847899 0.389554 0.874902 0.510779 480.000000 640.000000
35 0.477145 0.651362 0.448502 0.565105 0.505788 0.737620 480.000000 640.000000
72 0.036346 0.472053 0.011879 0.409786 0.060813 0.534320 480.000000 640.000000
74 0.153697 0.595250 0.128276 0.530371 0.179117 0.660130 480.000000 640.000000
34 0.476628 0.456207 0.461342 0.398795 0.491913 0.513620 480.000000 640.000000
54 0.723683 0.564466 0.706635 0.504088 0.740732 0.624843 480.000000 640.000000
19 0.398857 0.589829 0.374379 0.516777 0.423335 0.662882 480.000000 640.000000
82 0.078778 0.528050 0.057912 0.466941 0.099644 0.589160 480.000000 640.000000
68 0.240428 0.547519 0.221580 0.482276 0.259277 0.612761 480.000000 640.000000
94 0.043437 0.653102 0.023896 0.579566 0.062978 0.726637 480.000000 640.000000
20 0.684564 0.479881 0.652538 0.397069 0.716590 0.562693 480.000000 640.000000
99 0.054752 0.593680 0.033004 0.536357 0.076499 0.651003 480.000000 640.000000
100 0.207558 0.652167 0.188569 0.586759 0.226546 0.717575 480.000000 640.000000
96 0.401957 0.512740 0.379618 0.457763 0.424295 0.567717 480.000000 640.000000
