1 0.777578 0.596267 0.761503 0.533884 0.793654 0.658649 480.000000 640.000000
2 0.529044 0.611243 0.500308 0.546094 0.557780 0.676393 480.000000 640.000000
5 0.993989 0.590556 0.988317 0.536644 0.999662 0.644468 480.000000 640.000000
6 0.808389 0.641535 0.788353 0.563412 0.828425 0.719658 480.000000 640.000000
7 0.626019 0.646810 0.598372 0.576984 0.653666 0.716636 480.000000 640.000000
9 0.898933 0.530928 0.874907 0.466458 0.922959 0.595398 480.000000 640.000000
30 0.219858 0.604915 0.194441 0.537098 0.245276 0.672732 480.000000 640.000000
21 0.475900 0.560259 0.460867 0.503208 0.490934 0.617310 480.000000 640.000000
16 0.787956 0.452163 0.774270 0.391427 0.801642 0.512900 480.000000 640.000000
58 0.134505 0.649901 0.111272 0.585893 0.157739 0.713909 480.000000 640.000000
35 0.403565 0.653251 0.382947 0.570770 0.424182 0.735731 480.000000 640.000000
72 0.131334 0.462044 0.107411 0.401013 0.155258 0.523075 480.000000 640.000000
74 0.076238 0.599665 0.055002 0.533408 0.097475 0.665922 480.000000 640.000000
20 0.615591 0.479372 0.583317 0.403442 0.647866 0.555302 480.000000 640.000000
34 0.518995 0.458423 0.503918 0.400875 0.534072 0.515970 480.000000 640.000000
54 0.647743 0.560470 0.633489 0.500720 0.661998 0.620221 480.000000 640.000000
19 0.333801 0.597692 0.309028 0.532609 0.358574 0.662775 480.000000 640.000000
25 0.924695 0.446649 0.904334 0.383626 0.945055 0.509672 480.000000 640.000000
82 0.021901 0.535376 0.000227 0.477480 0.043575 0.593271 480.000000 640.000000
62 0.060027 0.447571 0.043728 0.389094 0.076326 0.506048 480.000000 640.000000
83 0.631218 0.499916 0.612335 0.440077 0.650101 0.559754 480.000000 640.000000
68 0.143175 0.546531 0.125670 0.486865 0.160680 0.606196 480.000000 640.000000
