1 0.806258 0.599951 0.785733 0.536141 0.826783 0.663762 480.000000 640.000000
2 0.565212 0.609248 0.538488 0.541918 0.591935 0.676578 480.000000 640.000000
6 0.828554 0.635157 0.807198 0.559321 0.849909 0.710992 480.000000 640.000000
7 0.648527 0.642692 0.627250 0.570252 0.669805 0.715131 480.000000 640.000000
9 0.921372 0.532908 0.895324 0.469648 0.947420 0.596168 480.000000 640.000000
30 0.245641 0.600813 0.223567 0.532651 0.267715 0.668974 480.000000 640.000000
21 0.498218 0.558201 0.484854 0.500153 0.511582 0.616248 480.000000 640.000000
16 0.815104 0.447641 0.794957 0.384506 0.835250 0.510777 480.000000 640.000000
58 0.160141 0.644806 0.139984 0.575372 0.180297 0.714240 480.000000 640.000000
35 0.434811 0.653590 0.406418 0.570155 0.463203 0.737024 480.000000 640.000000
72 0.096902 0.464490 0.078423 0.402976 0.115381 0.526005 480.000000 640.000000
74 0.107993 0.599227 0.082594 0.533832 0.133392 0.664623 480.000000 640.000000
34 0.502116 0.454552 0.486257 0.400077 0.517975 0.509027 480.000000 640.000000
54 0.681056 0.565502 0.657890 0.504138 0.704221 0.626866 480.000000 640.000000
19 0.358699 0.588769 0.335763 0.515710 0.381634 0.661828 480.000000 640.000000
82 0.038272 0.529071 0.020852 0.471847 0.055692 0.586295 480.000000 640.000000
68 0.186532 0.554359 0.163258 0.488829 0.209806 0.619889 480.000000 640.000000
83 0.657852 0.506971 0.644249 0.441705 0.671455 0.572236 480.000000 640.000000
20 0.638812 0.480003 0.610199 0.408008 0.667424 0.551998 480.000000 640.000000
25 0.951877 0.446754 0.930143 0.385022 0.973612 0.508486 480.000000 640.000000
87 0.010798 0.599704 0.000285 0.536370 0.021311 0.663039 480.000000 640.000000
