1 0.798643 0.597231 0.780363 0.536310 0.816924 0.658153 480.000000 640.000000
2 0.555448 0.608620 0.534131 0.540989 0.576765 0.676250 480.000000 640.000000
6 0.821920 0.639893 0.794413 0.561790 0.849426 0.717996 480.000000 640.000000
7 0.638412 0.638612 0.618446 0.565242 0.658378 0.711983 480.000000 640.000000
9 0.917111 0.531618 0.894182 0.467065 0.940040 0.596171 480.000000 640.000000
30 0.237949 0.601094 0.218530 0.533346 0.257368 0.668842 480.000000 640.000000
21 0.489454 0.558631 0.470992 0.499253 0.507916 0.618009 480.000000 640.000000
16 0.807468 0.453651 0.784335 0.393569 0.830601 0.513733 480.000000 640.000000
58 0.152637 0.650234 0.125255 0.585281 0.180019 0.715188 480.000000 640.000000
35 0.423056 0.653785 0.395043 0.569928 0.451070 0.737642 480.000000 640.000000
72 0.106410 0.463060 0.090684 0.400323 0.122135 0.525798 480.000000 640.000000
74 0.096462 0.597707 0.078024 0.532365 0.114900 0.663050 480.000000 640.000000
34 0.508083 0.459321 0.492496 0.401704 0.523670 0.516938 480.000000 640.000000
54 0.677938 0.566485 0.651389 0.505872 0.704486 0.627098 480.000000 640.000000
19 0.354492 0.589250 0.329896 0.515890 0.379089 0.662609 480.000000 640.000000
82 0.031169 0.527796 0.015648 0.472850 0.046690 0.582741 480.000000 640.000000
68 0.178230 0.554666 0.150019 0.489271 0.206441 0.620061 480.000000 640.000000
83 0.650505 0.497030 0.633865 0.441959 0.667145 0.552100 480.000000 640.000000
20 0.636719 0.479963 0.608562 0.406624 0.664876 0.553303 480.000000 640.000000
25 0.944191 0.443941 0.927126 0.380636 0.961257 0.507246 480.000000 640.000000
