1 0.733744 0.597479 0.714828 0.534525 0.752660 0.660432 480.000000 640.000000
2 0.496423 0.609269 0.478232 0.542671 0.514614 0.675868 480.000000 640.000000
5 0.971231 0.584174 0.953212 0.519481 0.989249 0.648867 480.000000 640.000000
6 0.777474 0.641635 0.751167 0.566169 0.803782 0.717101 480.000000 640.000000
7 0.594821 0.646818 0.572871 0.578543 0.616772 0.715093 480.000000 640.000000
9 0.866857 0.529369 0.849323 0.467769 0.884392 0.590969 480.000000 640.000000
19 0.302164 0.590668 0.276882 0.520267 0.327446 0.661070 480.000000 640.000000
30 0.193006 0.594855 0.169698 0.534189 0.216314 0.655521 480.000000 640.000000
21 0.445686 0.559840 0.429982 0.501681 0.461390 0.617999 480.000000 640.000000
3 0.013961 0.458076 -0.000920 0.398494 0.028842 0.517659 480.000000 640.000000
16 0.757520 0.451486 0.741500 0.390140 0.773541 0.512832 480.000000 640.000000
58 0.098564 0.644304 0.074697 0.576545 0.122432 0.712062 480.000000 640.000000
35 0.372905 0.652244 0.346591 0.565617 0.399220 0.738871 480.000000 640.000000
8 0.308418 0.512617 0.280008 0.405830 0.336828 0.619404 480.000000 640.000000
72 0.177006 0.464706 0.148603 0.409884 0.205409 0.519528 480.000000 640.000000
68 0.099100 0.545605 0.081323 0.486377 0.116878 0.604833 480.000000 640.000000
74 0.036173 0.600405 0.020027 0.534426 0.052318 0.666383 480.000000 640.000000
25 0.894979 0.440870 0.876873 0.379188 0.913086 0.502552 480.000000 640.000000
20 0.579715 0.484347 0.563178 0.413484 0.596253 0.555209 480.000000 640.000000
34 0.537773 0.460151 0.520182 0.402552 0.555363 0.517751 480.000000 640.000000
60 0.603407 0.531988 0.575871 0.450422 0.630942 0.613554 480.000000 640.000000
54 0.614338 0.563228 0.597544 0.509667 0.631133 0.616789 480.000000 640.000000
