1 0.660374 0.599107 0.645308 0.536117 0.675440 0.662097 480.000000 640.000000
2 0.435017 0.615525 0.403580 0.549726 0.466454 0.681323 480.000000 640.000000
4 0.972154 0.597865 0.949019 0.527399 0.995288 0.668332 480.000000 640.000000
5 0.912240 0.584510 0.885283 0.521138 0.939198 0.647883 480.000000 640.000000
6 0.731535 0.639757 0.711807 0.568991 0.751262 0.710523 480.000000 640.000000
7 0.549079 0.642929 0.521967 0.568947 0.576191 0.716911 480.000000 640.000000
9 0.810957 0.527248 0.785624 0.465449 0.836290 0.589048 480.000000 640.000000
19 0.246732 0.581711 0.218716 0.505008 0.274749 0.658414 480.000000 640.000000
23 0.985925 0.568142 0.971337 0.514656 1.000512 0.621628 480.000000 640.000000
30 0.141352 0.607556 0.116383 0.534395 0.166321 0.680717 480.000000 640.000000
21 0.391038 0.559731 0.369515 0.501873 0.412561 0.617588 480.000000 640.000000
34 0.577259 0.464012 0.562173 0.407110 0.592346 0.520914 480.000000 640.000000
3 0.077216 0.456917 0.054804 0.399680 0.099628 0.514155 480.000000 640.000000
16 0.696324 0.451587 0.673337 0.391073 0.719310 0.512101 480.000000 640.000000
25 0.844487 0.447865 0.823120 0.386937 0.865854 0.508793 480.000000 640.000000
60 0.555197 0.478478 0.538773 0.401247 0.571621 0.555709 480.000000 640.000000
62 0.160124 0.446947 0.136067 0.388577 0.184181 0.505318 480.000000 640.000000
58 0.032360 0.648491 0.009748 0.585555 0.054972 0.711427 480.000000 640.000000
35 0.325838 0.648232 0.306850 0.568987 0.344826 0.727478 480.000000 640.000000
38 0.004741 0.466660 -0.000042 0.432511 0.009523 0.500809 480.000000 640.000000
68 0.019912 0.552413 0.000747 0.492114 0.039077 0.612711 480.000000 640.000000
54 0.542006 0.567766 0.522621 0.517022 0.561390 0.618509 480.000000 640.000000
14 0.321997 0.675858 0.303293 0.615551 0.340700 0.736165 480.000000 640.000000
20 0.521515 0.485218 0.499041 0.414809 0.543988 0.555627 480.000000 640.000000
