1 0.575571 0.602559 0.547555 0.538544 0.603587 0.666574 480.000000 640.000000
2 0.356764 0.615227 0.338466 0.548549 0.375062 0.681905 480.000000 640.000000
4 0.898317 0.602898 0.880777 0.537545 0.915856 0.668251 480.000000 640.000000
5 0.837983 0.581531 0.812092 0.518767 0.863873 0.644294 480.000000 640.000000
6 0.665798 0.645367 0.639663 0.566905 0.691933 0.723828 480.000000 640.000000
7 0.486533 0.644558 0.465747 0.573335 0.507320 0.715781 480.000000 640.000000
9 0.746598 0.530528 0.722387 0.470928 0.770808 0.590129 480.000000 640.000000
11 0.162423 0.538012 0.144928 0.477237 0.179918 0.598788 480.000000 640.000000
12 0.463342 0.568028 0.443062 0.516375 0.483621 0.619681 480.000000 640.000000
19 0.182600 0.588127 0.162699 0.519424 0.202501 0.656831 480.000000 640.000000
23 0.929514 0.563808 0.905030 0.506229 0.953998 0.621386 480.000000 640.000000
25 0.775248 0.443391 0.755504 0.382063 0.794991 0.504720 480.000000 640.000000
30 0.073499 0.608158 0.048574 0.537560 0.098425 0.678755 480.000000 640.000000
21 0.323065 0.556105 0.305202 0.500516 0.340927 0.611695 480.000000 640.000000
24 0.205747 0.466061 0.182730 0.403149 0.228764 0.528973 480.000000 640.000000
41 0.939619 0.489118 0.922020 0.424112 0.957218 0.554124 480.000000 640.000000
8 0.342647 0.457512 0.323886 0.397106 0.361409 0.517918 480.000000 640.000000
20 0.459787 0.473885 0.442497 0.410112 0.477077 0.537658 480.000000 640.000000
34 0.622278 0.456518 0.604545 0.388974 0.640011 0.524061 480.000000 640.000000
22 0.045960 0.500293 0.020328 0.436204 0.071592 0.564383 480.000000 640.000000
35 0.263746 0.640050 0.241929 0.567183 0.285563 0.712917 480.000000 640.000000
18 0.495880 0.473273 0.474445 0.403621 0.517316 0.542925 480.000000 640.000000
49 0.150296 0.447982 0.137941 0.387297 0.162651 0.508667 480.000000 640.000000
38 0.067608 0.440658 0.053283 0.383063 0.081933 0.498252 480.000000 640.000000
14 0.257391 0.657800 0.232969 0.579574 0.281813 0.736025 480.000000 640.000000
