1 0.510035 0.603383 0.485259 0.539084 0.534812 0.667682 480.000000 640.000000
2 0.298197 0.616731 0.269126 0.549258 0.327269 0.684205 480.000000 640.000000
4 0.846467 0.602789 0.822938 0.539077 0.869995 0.666500 480.000000 640.000000
5 0.786028 0.577313 0.764882 0.515664 0.807174 0.638962 480.000000 640.000000
6 0.624114 0.647571 0.598845 0.566907 0.649382 0.728235 480.000000 640.000000
7 0.442192 0.643556 0.422589 0.570011 0.461796 0.717100 480.000000 640.000000
9 0.698659 0.529065 0.674180 0.467414 0.723139 0.590717 480.000000 640.000000
10 0.993876 0.618428 0.987748 0.564522 1.000003 0.672334 480.000000 640.000000
11 0.113495 0.536576 0.093950 0.478375 0.133039 0.594776 480.000000 640.000000
12 0.406958 0.564411 0.393694 0.511770 0.420221 0.617051 480.000000 640.000000
15 0.966069 0.521086 0.948568 0.463138 0.983569 0.579035 480.000000 640.000000
16 0.567213 0.442706 0.551456 0.382567 0.582969 0.502844 480.000000 640.000000
18 0.448398 0.473965 0.424617 0.409038 0.472178 0.538892 480.000000 640.000000
19 0.135422 0.581237 0.107287 0.503880 0.163557 0.658594 480.000000 640.000000
23 0.885765 0.559723 0.865508 0.500497 0.906022 0.618950 480.000000 640.000000
25 0.724517 0.440718 0.708259 0.381801 0.740775 0.499634 480.000000 640.000000
29 0.290979 0.445027 0.275623 0.385526 0.306336 0.504528 480.000000 640.000000
30 0.027288 0.608960 0.002016 0.536030 0.052561 0.681889 480.000000 640.000000
21 0.275710 0.553420 0.262338 0.499043 0.289082 0.607798 480.000000 640.000000
36 0.654612 0.478316 0.634766 0.410835 0.674458 0.545796 480.000000 640.000000
24 0.159895 0.460879 0.147226 0.400018 0.172565 0.521741 480.000000 640.000000
38 0.119737 0.435557 0.101599 0.384223 0.137875 0.486890 480.000000 640.000000
14 0.218628 0.649403 0.195606 0.562357 0.241649 0.736449 480.000000 640.000000
