1 0.718349 0.595855 0.695058 0.533995 0.741639 0.657715 480.000000 640.000000
2 0.480002 0.613774 0.450532 0.547038 0.509471 0.680509 480.000000 640.000000
5 0.952550 0.583886 0.929698 0.520617 0.975402 0.647155 480.000000 640.000000
6 0.767274 0.632958 0.748646 0.563123 0.785903 0.702794 480.000000 640.000000
7 0.586897 0.641958 0.558210 0.569799 0.615584 0.714117 480.000000 640.000000
9 0.850336 0.530680 0.824987 0.469567 0.875686 0.591793 480.000000 640.000000
19 0.289922 0.592267 0.266118 0.521252 0.313727 0.663282 480.000000 640.000000
30 0.180408 0.607318 0.156499 0.535027 0.204317 0.679609 480.000000 640.000000
21 0.428269 0.559921 0.412107 0.501974 0.444431 0.617868 480.000000 640.000000
3 0.029547 0.457800 0.011680 0.398801 0.047414 0.516799 480.000000 640.000000
16 0.739219 0.451102 0.721396 0.391352 0.757041 0.510853 480.000000 640.000000
62 0.114492 0.445967 0.094598 0.387446 0.134385 0.504488 480.000000 640.000000
58 0.077532 0.599629 0.056012 0.489653 0.099052 0.709606 480.000000 640.000000
35 0.365570 0.644522 0.344021 0.566741 0.387118 0.722303 480.000000 640.000000
14 0.358391 0.655088 0.341778 0.575584 0.375005 0.734592 480.000000 640.000000
20 0.570763 0.481884 0.536025 0.401285 0.605501 0.562482 480.000000 640.000000
8 0.292746 0.466332 0.274237 0.401605 0.311255 0.531059 480.000000 640.000000
72 0.193564 0.457717 0.173645 0.397777 0.213484 0.517657 480.000000 640.000000
68 0.080585 0.541619 0.062073 0.490006 0.099097 0.593231 480.000000 640.000000
74 0.026059 0.602298 0.000485 0.537669 0.051634 0.666926 480.000000 640.000000
75 0.020303 0.578967 0.007073 0.538555 0.033534 0.619380 480.000000 640.000000
54 0.597087 0.563347 0.578903 0.504797 0.615272 0.621897 480.000000 640.000000
25 0.880997 0.441491 0.862613 0.383855 0.899382 0.499127 480.000000 640.000000
