1 0.552661 0.601362 0.527211 0.539214 0.578111 0.663510 480.000000 640.000000
2 0.342432 0.615873 0.310283 0.550481 0.374580 0.681265 480.000000 640.000000
4 0.881157 0.603772 0.855229 0.540349 0.907086 0.667195 480.000000 640.000000
5 0.824724 0.579007 0.803407 0.515890 0.846042 0.642123 480.000000 640.000000
6 0.655254 0.649063 0.631109 0.567894 0.679400 0.730233 480.000000 640.000000
7 0.474349 0.644590 0.449871 0.571263 0.498826 0.717918 480.000000 640.000000
9 0.732415 0.527366 0.707520 0.466159 0.757310 0.588572 480.000000 640.000000
11 0.148083 0.531518 0.131129 0.469090 0.165037 0.593947 480.000000 640.000000
12 0.448156 0.559224 0.434866 0.499778 0.461446 0.618669 480.000000 640.000000
15 0.987500 0.512409 0.974394 0.441484 1.000605 0.583333 480.000000 640.000000
16 0.605266 0.443060 0.589819 0.382536 0.620713 0.503584 480.000000 640.000000
19 0.159936 0.579135 0.134540 0.499445 0.185332 0.658824 480.000000 640.000000
23 0.911104 0.546061 0.891456 0.470482 0.930752 0.621639 480.000000 640.000000
25 0.758282 0.443964 0.740839 0.380468 0.775726 0.507459 480.000000 640.000000
29 0.253367 0.443054 0.239073 0.384665 0.267660 0.501443 480.000000 640.000000
30 0.057621 0.610656 0.036056 0.541794 0.079186 0.679517 480.000000 640.000000
21 0.310028 0.553625 0.298220 0.497785 0.321837 0.609464 480.000000 640.000000
24 0.190073 0.462014 0.177604 0.399871 0.202542 0.524157 480.000000 640.000000
41 0.930661 0.491222 0.910553 0.428214 0.950768 0.554231 480.000000 640.000000
8 0.355260 0.463787 0.333281 0.411867 0.377239 0.515706 480.000000 640.000000
20 0.440033 0.476327 0.419507 0.411366 0.460559 0.541289 480.000000 640.000000
34 0.631698 0.468864 0.612206 0.410869 0.651191 0.526859 480.000000 640.000000
22 0.068321 0.499755 0.050977 0.433585 0.085665 0.565925 480.000000 640.000000
35 0.250228 0.643348 0.229781 0.568452 0.270675 0.718245 480.000000 640.000000
38 0.083254 0.426198 0.071638 0.385144 0.094871 0.467252 480.000000 640.000000
18 0.472529 0.473993 0.454006 0.401075 0.491052 0.546912 480.000000 640.000000
49 0.167057 0.429167 0.154427 0.388889 0.179688 0.469444 480.000000 640.000000
14 0.239943 0.674827 0.225491 0.613941 0.254394 0.735713 480.000000 640.000000
