2 0.617084 0.607904 0.586390 0.542604 0.647777 0.673204 480.000000 640.000000
6 0.884471 0.626555 0.860134 0.535559 0.908809 0.717551 480.000000 640.000000
7 0.699697 0.643202 0.672560 0.571999 0.726834 0.714405 480.000000 640.000000
9 0.975164 0.532545 0.951846 0.469853 0.998483 0.595237 480.000000 640.000000
30 0.291559 0.599027 0.268223 0.528624 0.314896 0.669430 480.000000 640.000000
21 0.548072 0.562377 0.526612 0.506201 0.569531 0.618553 480.000000 640.000000
16 0.870683 0.450998 0.853588 0.391428 0.887778 0.510568 480.000000 640.000000
35 0.483781 0.644723 0.461273 0.566595 0.506289 0.722851 480.000000 640.000000
72 0.026548 0.475043 0.004358 0.416030 0.048739 0.534055 480.000000 640.000000
74 0.160104 0.592721 0.140044 0.526138 0.180165 0.659304 480.000000 640.000000
34 0.467508 0.455600 0.451470 0.399127 0.483546 0.512074 480.000000 640.000000
54 0.736464 0.566576 0.713743 0.505188 0.759186 0.627964 480.000000 640.000000
19 0.411028 0.591962 0.384569 0.520506 0.437488 0.663418 480.000000 640.000000
82 0.086727 0.527219 0.064139 0.473286 0.109314 0.581152 480.000000 640.000000
68 0.252290 0.548174 0.233374 0.482025 0.271206 0.614324 480.000000 640.000000
94 0.061097 0.643347 0.032233 0.558384 0.089960 0.728309 480.000000 640.000000
20 0.691360 0.489713 0.658188 0.413151 0.724532 0.566275 480.000000 640.000000
99 0.072018 0.583104 0.040687 0.512224 0.103349 0.653983 480.000000 640.000000
96 0.420188 0.525631 0.398914 0.456576 0.441461 0.594687 480.000000 640.000000
102 0.409013 0.447574 0.398586 0.404485 0.419439 0.490663 480.000000 640.000000
58 0.225147 0.653349 0.199110 0.589468 0.251184 0.717229 480.000000 640.000000
