1 0.683078 0.598746 0.656557 0.535615 0.709598 0.661877 480.000000 640.000000
2 0.452280 0.613781 0.436436 0.546694 0.468125 0.680867 480.000000 640.000000
4 0.982078 0.603382 0.963184 0.537461 1.000971 0.669303 480.000000 640.000000
5 0.931600 0.583453 0.913334 0.519459 0.949866 0.647448 480.000000 640.000000
6 0.741631 0.644447 0.714900 0.567758 0.768362 0.721135 480.000000 640.000000
7 0.563173 0.635875 0.538853 0.557589 0.587493 0.714161 480.000000 640.000000
9 0.826739 0.526346 0.811244 0.464253 0.842234 0.588439 480.000000 640.000000
19 0.262765 0.594371 0.236436 0.526146 0.289094 0.662595 480.000000 640.000000
30 0.155244 0.597912 0.132689 0.534795 0.177799 0.661029 480.000000 640.000000
21 0.406875 0.559038 0.392895 0.501158 0.420855 0.616918 480.000000 640.000000
3 0.055667 0.454389 0.041552 0.395341 0.069781 0.513437 480.000000 640.000000
16 0.713354 0.450333 0.699983 0.390013 0.726725 0.510653 480.000000 640.000000
25 0.856184 0.449061 0.838578 0.388864 0.873791 0.509257 480.000000 640.000000
60 0.563736 0.479535 0.534635 0.404119 0.592837 0.554952 480.000000 640.000000
62 0.140812 0.446539 0.124389 0.387029 0.157236 0.506049 480.000000 640.000000
58 0.054645 0.642596 0.029064 0.572729 0.080227 0.712462 480.000000 640.000000
35 0.343892 0.636467 0.321892 0.567629 0.365892 0.705304 480.000000 640.000000
68 0.043458 0.546951 0.024599 0.486366 0.062318 0.607536 480.000000 640.000000
14 0.336287 0.652302 0.309729 0.568569 0.362846 0.736035 480.000000 640.000000
20 0.538713 0.481126 0.522160 0.414710 0.555266 0.547541 480.000000 640.000000
8 0.281745 0.467389 0.262381 0.404813 0.301108 0.529965 480.000000 640.000000
72 0.226036 0.459408 0.205878 0.401923 0.246194 0.516892 480.000000 640.000000
61 0.553546 0.481697 0.525270 0.409534 0.581822 0.553861 480.000000 640.000000
