1 0.457165 0.603768 0.441233 0.539653 0.473098 0.667883 480.000000 640.000000
2 0.258941 0.617499 0.236297 0.550743 0.281584 0.684255 480.000000 640.000000
3 0.246033 0.447412 0.220604 0.386782 0.271463 0.508042 480.000000 640.000000
4 0.812168 0.600276 0.789210 0.534007 0.835126 0.666544 480.000000 640.000000
5 0.748995 0.575657 0.727054 0.513202 0.770936 0.638111 480.000000 640.000000
6 0.591637 0.647570 0.566517 0.568722 0.616757 0.726419 480.000000 640.000000
7 0.416855 0.643654 0.394074 0.571777 0.439636 0.715531 480.000000 640.000000
8 0.445090 0.469493 0.428331 0.416636 0.461850 0.522350 480.000000 640.000000
9 0.664199 0.528342 0.637403 0.467229 0.690996 0.589456 480.000000 640.000000
10 0.971313 0.605390 0.942138 0.528644 1.000488 0.682135 480.000000 640.000000
11 0.071903 0.532418 0.054111 0.466315 0.089695 0.598521 480.000000 640.000000
12 0.368122 0.557416 0.354956 0.498230 0.381288 0.616602 480.000000 640.000000
13 0.151003 0.440134 0.133585 0.384172 0.168421 0.496096 480.000000 640.000000
14 0.183933 0.652265 0.158176 0.567769 0.209690 0.736761 480.000000 640.000000
15 0.940163 0.516600 0.927976 0.457631 0.952350 0.575568 480.000000 640.000000
16 0.530525 0.442519 0.513346 0.383017 0.547705 0.502021 480.000000 640.000000
18 0.409527 0.477524 0.383098 0.401396 0.435955 0.553652 480.000000 640.000000
19 0.102391 0.582784 0.079309 0.519877 0.125474 0.645690 480.000000 640.000000
20 0.377222 0.471011 0.361258 0.408456 0.393185 0.533565 480.000000 640.000000
22 0.158549 0.503216 0.136975 0.438266 0.180123 0.568165 480.000000 640.000000
23 0.851918 0.558261 0.834606 0.498059 0.869231 0.618463 480.000000 640.000000
24 0.129754 0.461264 0.111230 0.398616 0.148278 0.523912 480.000000 640.000000
25 0.689861 0.444799 0.670403 0.380382 0.709318 0.509215 480.000000 640.000000
29 0.328125 0.445833 0.313021 0.387500 0.343229 0.504167 480.000000 640.000000
30 0.009408 0.623611 0.000016 0.563889 0.018799 0.683333 480.000000 640.000000
31 0.242057 0.542361 0.230208 0.499653 0.253906 0.585069 480.000000 640.000000
