1 0.704168 0.596224 0.688422 0.533383 0.719914 0.659064 480.000000 640.000000
2 0.475594 0.614288 0.447696 0.546951 0.503492 0.681625 480.000000 640.000000
4 0.988617 0.610339 0.976951 0.554858 1.000283 0.665819 480.000000 640.000000
5 0.946015 0.583989 0.920767 0.520279 0.971262 0.647698 480.000000 640.000000
6 0.760748 0.642252 0.737936 0.562612 0.783560 0.721891 480.000000 640.000000
7 0.584255 0.612015 0.556479 0.507644 0.612030 0.716386 480.000000 640.000000
9 0.842885 0.528685 0.819743 0.467021 0.866028 0.590349 480.000000 640.000000
19 0.276588 0.587048 0.252667 0.510418 0.300509 0.663677 480.000000 640.000000
30 0.167805 0.603834 0.148174 0.533689 0.187436 0.673980 480.000000 640.000000
21 0.421589 0.560876 0.400858 0.503634 0.442320 0.618119 480.000000 640.000000
3 0.036374 0.457920 0.014498 0.398892 0.058249 0.516949 480.000000 640.000000
16 0.731424 0.451653 0.707451 0.391344 0.755398 0.511962 480.000000 640.000000
62 0.124073 0.447645 0.100986 0.390017 0.147160 0.505272 480.000000 640.000000
58 0.068859 0.603947 0.037664 0.496383 0.100053 0.711512 480.000000 640.000000
35 0.363958 0.646674 0.339390 0.569098 0.388526 0.724251 480.000000 640.000000
14 0.347524 0.659271 0.331112 0.585612 0.363937 0.732931 480.000000 640.000000
20 0.553642 0.476841 0.528675 0.402438 0.578609 0.551243 480.000000 640.000000
8 0.293587 0.467967 0.276707 0.403183 0.310467 0.532752 480.000000 640.000000
72 0.210296 0.465246 0.190277 0.412206 0.230315 0.518286 480.000000 640.000000
73 0.068761 0.635692 0.038803 0.560221 0.098719 0.711163 480.000000 640.000000
68 0.061593 0.556390 0.038684 0.491607 0.084503 0.621173 480.000000 640.000000
74 0.018289 0.601533 0.000576 0.536579 0.036001 0.666487 480.000000 640.000000
75 0.011434 0.577431 0.000309 0.537500 0.022559 0.617361 480.000000 640.000000
