1 0.668876 0.598581 0.651125 0.535435 0.686627 0.661726 480.000000 640.000000
2 0.437657 0.615353 0.408979 0.549941 0.466336 0.680766 480.000000 640.000000
4 0.978599 0.600178 0.956574 0.531807 1.000623 0.668550 480.000000 640.000000
5 0.915667 0.584466 0.891860 0.520964 0.939474 0.647967 480.000000 640.000000
6 0.734344 0.641633 0.713404 0.569114 0.755285 0.714153 480.000000 640.000000
7 0.551676 0.638574 0.526118 0.559538 0.577234 0.717611 480.000000 640.000000
9 0.814222 0.534405 0.790469 0.479374 0.837975 0.589435 480.000000 640.000000
19 0.254481 0.591401 0.229572 0.521580 0.279389 0.661222 480.000000 640.000000
23 0.990329 0.562385 0.980321 0.511902 1.000338 0.612868 480.000000 640.000000
30 0.144592 0.607377 0.120112 0.535108 0.169072 0.679645 480.000000 640.000000
21 0.393504 0.560041 0.373559 0.502365 0.413450 0.617718 480.000000 640.000000
34 0.570974 0.470842 0.552611 0.401912 0.589338 0.539773 480.000000 640.000000
3 0.071699 0.456902 0.054308 0.397994 0.089091 0.515810 480.000000 640.000000
16 0.699948 0.451696 0.680189 0.390819 0.719708 0.512572 480.000000 640.000000
25 0.846735 0.447978 0.824279 0.386046 0.869190 0.509910 480.000000 640.000000
60 0.556351 0.485335 0.539253 0.411580 0.573448 0.559091 480.000000 640.000000
62 0.156688 0.447269 0.134271 0.388674 0.179105 0.505863 480.000000 640.000000
58 0.036926 0.648500 0.018213 0.586242 0.055638 0.710758 480.000000 640.000000
35 0.329176 0.619211 0.312064 0.568223 0.346288 0.670200 480.000000 640.000000
68 0.027186 0.549368 0.007563 0.489580 0.046809 0.609156 480.000000 640.000000
14 0.328086 0.655032 0.307677 0.573758 0.348495 0.736306 480.000000 640.000000
20 0.527850 0.484971 0.507498 0.414701 0.548202 0.555242 480.000000 640.000000
69 0.028914 0.605208 0.003141 0.500694 0.054687 0.709722 480.000000 640.000000
70 0.258398 0.464236 0.237370 0.399653 0.279427 0.528819 480.000000 640.000000
8 0.265009 0.464012 0.250323 0.400640 0.279695 0.527384 480.000000 640.000000
