1 0.643952 0.601538 0.619201 0.537610 0.668704 0.665465 480.000000 640.000000
2 0.428021 0.613110 0.400999 0.545395 0.455042 0.680825 480.000000 640.000000
4 0.955395 0.605644 0.928825 0.542478 0.981965 0.668809 480.000000 640.000000
5 0.904092 0.582641 0.881377 0.518409 0.926807 0.646873 480.000000 640.000000
6 0.724043 0.648363 0.699847 0.568238 0.748239 0.728488 480.000000 640.000000
7 0.544386 0.634500 0.517380 0.551170 0.571393 0.717829 480.000000 640.000000
9 0.802637 0.524989 0.782213 0.463680 0.823061 0.586297 480.000000 640.000000
19 0.231999 0.568502 0.209331 0.478841 0.254668 0.658163 480.000000 640.000000
23 0.982547 0.570718 0.967324 0.513225 0.997770 0.628211 480.000000 640.000000
30 0.127209 0.604219 0.107262 0.532804 0.147156 0.675635 480.000000 640.000000
21 0.381757 0.558209 0.366539 0.500308 0.396974 0.616109 480.000000 640.000000
34 0.581237 0.465028 0.561672 0.408930 0.600803 0.521127 480.000000 640.000000
3 0.084286 0.457109 0.057606 0.399811 0.110966 0.514408 480.000000 640.000000
16 0.683834 0.449012 0.667247 0.388097 0.700421 0.509927 480.000000 640.000000
25 0.827521 0.445194 0.810296 0.385558 0.844746 0.504829 480.000000 640.000000
59 0.262295 0.461104 0.242011 0.395425 0.282579 0.526782 480.000000 640.000000
60 0.540525 0.467992 0.525453 0.400860 0.555596 0.535124 480.000000 640.000000
62 0.170500 0.445413 0.153472 0.386689 0.187527 0.504136 480.000000 640.000000
58 0.024504 0.648043 0.000185 0.584851 0.048824 0.711235 480.000000 640.000000
20 0.514305 0.480272 0.493620 0.415303 0.534990 0.545240 480.000000 640.000000
35 0.320868 0.646939 0.293562 0.569011 0.348173 0.724867 480.000000 640.000000
38 0.007907 0.446986 -0.000591 0.385511 0.016405 0.508461 480.000000 640.000000
14 0.310712 0.653109 0.292826 0.572694 0.328597 0.733523 480.000000 640.000000
