1 0.570573 0.602694 0.541034 0.539188 0.600112 0.666200 480.000000 640.000000
2 0.353566 0.615674 0.331951 0.549635 0.375180 0.681713 480.000000 640.000000
4 0.895689 0.602399 0.879146 0.537666 0.912232 0.667131 480.000000 640.000000
5 0.836301 0.581684 0.809255 0.519114 0.863348 0.644255 480.000000 640.000000
6 0.665164 0.645530 0.638329 0.567327 0.691999 0.723733 480.000000 640.000000
7 0.486480 0.643394 0.463549 0.572661 0.509410 0.714126 480.000000 640.000000
9 0.743862 0.529526 0.719352 0.468775 0.768372 0.590277 480.000000 640.000000
11 0.158910 0.536635 0.139859 0.474330 0.177962 0.598940 480.000000 640.000000
12 0.462168 0.566264 0.441959 0.512573 0.482377 0.619955 480.000000 640.000000
19 0.181419 0.584611 0.158195 0.512996 0.204642 0.656226 480.000000 640.000000
23 0.927678 0.564545 0.903613 0.508075 0.951743 0.621014 480.000000 640.000000
25 0.773320 0.444295 0.752152 0.382180 0.794487 0.506410 480.000000 640.000000
30 0.070103 0.608808 0.045814 0.535808 0.094391 0.681808 480.000000 640.000000
21 0.322033 0.555622 0.304749 0.499915 0.339317 0.611330 480.000000 640.000000
24 0.205299 0.465845 0.184928 0.402158 0.225670 0.529532 480.000000 640.000000
41 0.937566 0.488796 0.920995 0.425842 0.954137 0.551751 480.000000 640.000000
8 0.345865 0.462211 0.325562 0.408968 0.366168 0.515454 480.000000 640.000000
20 0.457293 0.469171 0.440763 0.410129 0.473823 0.528213 480.000000 640.000000
34 0.620813 0.457122 0.601146 0.390218 0.640480 0.524025 480.000000 640.000000
22 0.046412 0.500396 0.020743 0.436590 0.072080 0.564202 480.000000 640.000000
35 0.258812 0.642831 0.237707 0.566838 0.279916 0.718824 480.000000 640.000000
18 0.490899 0.478187 0.465517 0.401648 0.516282 0.554727 480.000000 640.000000
49 0.152394 0.446857 0.139673 0.387080 0.165115 0.506634 480.000000 640.000000
38 0.069130 0.440208 0.055225 0.382688 0.083035 0.497727 480.000000 640.000000
14 0.255377 0.658170 0.232044 0.580777 0.278709 0.735563 480.000000 640.000000
