1 0.752104 0.596928 0.735809 0.533822 0.768399 0.660034 480.000000 640.000000
2 0.512100 0.610352 0.489798 0.542803 0.534402 0.677901 480.000000 640.000000
5 0.979277 0.583659 0.957356 0.521415 1.001198 0.645903 480.000000 640.000000
6 0.787873 0.642285 0.762748 0.565264 0.812998 0.719307 480.000000 640.000000
7 0.604897 0.645927 0.586046 0.577461 0.623748 0.714393 480.000000 640.000000
9 0.878814 0.529711 0.855765 0.467152 0.901863 0.592269 480.000000 640.000000
30 0.200241 0.603724 0.180208 0.532320 0.220275 0.675129 480.000000 640.000000
21 0.452864 0.561085 0.432474 0.504162 0.473254 0.618007 480.000000 640.000000
16 0.768531 0.453829 0.744125 0.393901 0.792937 0.513757 480.000000 640.000000
58 0.111389 0.642852 0.082736 0.571787 0.140043 0.713917 480.000000 640.000000
35 0.389285 0.652057 0.358826 0.568648 0.419745 0.735466 480.000000 640.000000
72 0.163032 0.460266 0.143030 0.399655 0.183033 0.520877 480.000000 640.000000
68 0.122360 0.553018 0.094602 0.489677 0.150118 0.616359 480.000000 640.000000
74 0.052285 0.600033 0.035207 0.533707 0.069362 0.666359 480.000000 640.000000
20 0.588482 0.481019 0.568355 0.412347 0.608609 0.549692 480.000000 640.000000
34 0.530634 0.459996 0.510939 0.402525 0.550329 0.517468 480.000000 640.000000
54 0.627980 0.582978 0.607907 0.546214 0.648052 0.619742 480.000000 640.000000
79 0.325873 0.468041 0.307557 0.406227 0.344189 0.529856 480.000000 640.000000
19 0.315060 0.572028 0.289336 0.482655 0.340785 0.661400 480.000000 640.000000
80 0.614583 0.640451 0.585417 0.567708 0.643750 0.713194 480.000000 640.000000
25 0.904137 0.440782 0.887161 0.379722 0.921113 0.501842 480.000000 640.000000
