1 0.715329 0.596192 0.694396 0.533502 0.736262 0.658883 480.000000 640.000000
2 0.479316 0.614323 0.449485 0.548028 0.509147 0.680618 480.000000 640.000000
4 0.995391 0.621662 0.990729 0.580743 1.000052 0.662580 480.000000 640.000000
5 0.949508 0.584352 0.925928 0.520883 0.973088 0.647822 480.000000 640.000000
6 0.764566 0.635969 0.746778 0.563330 0.782355 0.708609 480.000000 640.000000
7 0.586598 0.636712 0.558134 0.558519 0.615061 0.714905 480.000000 640.000000
9 0.848779 0.532785 0.822491 0.473563 0.875068 0.592007 480.000000 640.000000
19 0.285399 0.589253 0.261454 0.515142 0.309343 0.663364 480.000000 640.000000
30 0.177978 0.606792 0.154872 0.534408 0.201085 0.679175 480.000000 640.000000
21 0.426084 0.560343 0.407806 0.502500 0.444362 0.618185 480.000000 640.000000
3 0.032501 0.457950 0.012505 0.399015 0.052496 0.516884 480.000000 640.000000
16 0.736226 0.451904 0.715268 0.392014 0.757183 0.511794 480.000000 640.000000
62 0.118342 0.445077 0.096869 0.385025 0.139814 0.505129 480.000000 640.000000
58 0.074082 0.601670 0.050195 0.491954 0.097968 0.711385 480.000000 640.000000
35 0.365246 0.646555 0.342591 0.567138 0.387901 0.725972 480.000000 640.000000
14 0.356389 0.653716 0.340657 0.574173 0.372121 0.733259 480.000000 640.000000
20 0.567888 0.480538 0.533705 0.401314 0.602071 0.559762 480.000000 640.000000
8 0.295456 0.459578 0.282231 0.403201 0.308681 0.515956 480.000000 640.000000
72 0.196309 0.458404 0.177159 0.398788 0.215459 0.518020 480.000000 640.000000
68 0.076887 0.546236 0.058312 0.490796 0.095463 0.601676 480.000000 640.000000
74 0.025189 0.602397 0.000655 0.537743 0.049723 0.667051 480.000000 640.000000
75 0.019698 0.579069 0.008706 0.539233 0.030690 0.618905 480.000000 640.000000
54 0.594672 0.563968 0.575396 0.506065 0.613947 0.621871 480.000000 640.000000
25 0.880050 0.442863 0.861061 0.385419 0.899039 0.500307 480.000000 640.000000
