1 0.681016 0.599077 0.655264 0.536035 0.706768 0.662120 480.000000 640.000000
2 0.448710 0.614244 0.431242 0.547094 0.466178 0.681394 480.000000 640.000000
4 0.981621 0.602610 0.962228 0.536168 1.001014 0.669052 480.000000 640.000000
5 0.929563 0.583676 0.910791 0.519538 0.948336 0.647814 480.000000 640.000000
6 0.739005 0.644006 0.713281 0.569156 0.764729 0.718856 480.000000 640.000000
7 0.562284 0.635634 0.538212 0.558805 0.586356 0.712462 480.000000 640.000000
9 0.823599 0.527792 0.807783 0.466724 0.839414 0.588860 480.000000 640.000000
19 0.261188 0.591124 0.233751 0.521120 0.288625 0.661128 480.000000 640.000000
30 0.152853 0.599226 0.128983 0.534262 0.176722 0.664190 480.000000 640.000000
21 0.405222 0.559024 0.390578 0.501375 0.419867 0.616674 480.000000 640.000000
3 0.057564 0.455455 0.044524 0.397065 0.070604 0.513844 480.000000 640.000000
16 0.711449 0.450859 0.698031 0.390759 0.724867 0.510958 480.000000 640.000000
25 0.853904 0.453050 0.836386 0.396670 0.871423 0.509430 480.000000 640.000000
60 0.569012 0.476043 0.545118 0.404057 0.592907 0.548029 480.000000 640.000000
62 0.144119 0.447047 0.128026 0.388056 0.160212 0.506037 480.000000 640.000000
58 0.049903 0.647584 0.027245 0.583084 0.072562 0.712083 480.000000 640.000000
35 0.339225 0.630852 0.319828 0.567109 0.358623 0.694596 480.000000 640.000000
68 0.037951 0.546462 0.020787 0.487380 0.055115 0.605544 480.000000 640.000000
14 0.335042 0.652432 0.308777 0.567787 0.361306 0.737078 480.000000 640.000000
20 0.536905 0.481673 0.520130 0.414390 0.553680 0.548956 480.000000 640.000000
8 0.280036 0.467029 0.261299 0.404227 0.298773 0.529830 480.000000 640.000000
72 0.231488 0.462240 0.214166 0.408114 0.248809 0.516367 480.000000 640.000000
61 0.560076 0.483225 0.527733 0.409742 0.592418 0.556708 480.000000 640.000000
