1 0.810237 0.595776 0.790401 0.535954 0.830073 0.655598 480.000000 640.000000
2 0.567311 0.609775 0.538876 0.542629 0.595747 0.676920 480.000000 640.000000
6 0.824609 0.636115 0.798319 0.558953 0.850898 0.713276 480.000000 640.000000
7 0.652692 0.643783 0.629038 0.573189 0.676346 0.714377 480.000000 640.000000
9 0.923432 0.532815 0.896245 0.469386 0.950620 0.596243 480.000000 640.000000
30 0.248787 0.601395 0.225165 0.533046 0.272409 0.669743 480.000000 640.000000
21 0.500554 0.559155 0.487757 0.500673 0.513351 0.617638 480.000000 640.000000
16 0.818042 0.446744 0.799115 0.383041 0.836969 0.510447 480.000000 640.000000
58 0.165109 0.642188 0.143351 0.572842 0.186867 0.711535 480.000000 640.000000
35 0.436275 0.653529 0.407571 0.569960 0.464978 0.737099 480.000000 640.000000
72 0.091938 0.464887 0.069801 0.403372 0.114076 0.526401 480.000000 640.000000
74 0.110569 0.599782 0.084108 0.535372 0.137030 0.664192 480.000000 640.000000
34 0.500726 0.458873 0.485006 0.399766 0.516445 0.517980 480.000000 640.000000
54 0.682481 0.565137 0.660399 0.503367 0.704563 0.626907 480.000000 640.000000
19 0.361588 0.590468 0.337683 0.518907 0.385493 0.662030 480.000000 640.000000
82 0.041424 0.529580 0.022228 0.473249 0.060620 0.585911 480.000000 640.000000
68 0.187752 0.553846 0.166033 0.487984 0.209471 0.619708 480.000000 640.000000
83 0.659594 0.509382 0.646562 0.441751 0.672627 0.577013 480.000000 640.000000
20 0.636354 0.482624 0.611039 0.414054 0.661668 0.551195 480.000000 640.000000
25 0.954226 0.446198 0.932244 0.385379 0.976208 0.507016 480.000000 640.000000
87 0.008380 0.594429 0.000445 0.536325 0.016315 0.652532 480.000000 640.000000
88 0.361719 0.465278 0.344792 0.406250 0.378646 0.524306 480.000000 640.000000
