1 0.785116 0.595519 0.770719 0.532822 0.799513 0.658216 480.000000 640.000000
2 0.534242 0.610721 0.511074 0.544431 0.557410 0.677011 480.000000 640.000000
5 0.996012 0.596775 0.991980 0.548155 1.000043 0.645395 480.000000 640.000000
6 0.813090 0.642176 0.789560 0.565255 0.836621 0.719097 480.000000 640.000000
7 0.627962 0.643464 0.601848 0.570360 0.654076 0.716567 480.000000 640.000000
9 0.905890 0.529773 0.885724 0.466129 0.926055 0.593417 480.000000 640.000000
30 0.224965 0.603246 0.201908 0.536382 0.248022 0.670110 480.000000 640.000000
21 0.481259 0.560720 0.462036 0.503771 0.500482 0.617670 480.000000 640.000000
16 0.794407 0.452827 0.778864 0.391264 0.809950 0.514390 480.000000 640.000000
58 0.142207 0.650304 0.115746 0.586066 0.168668 0.714542 480.000000 640.000000
35 0.405472 0.653275 0.383668 0.569636 0.427277 0.736915 480.000000 640.000000
72 0.124549 0.463834 0.099514 0.402959 0.149584 0.524710 480.000000 640.000000
74 0.078904 0.599416 0.062000 0.532421 0.095808 0.666412 480.000000 640.000000
20 0.624075 0.482300 0.591507 0.404970 0.656643 0.559630 480.000000 640.000000
34 0.516010 0.459147 0.500309 0.401555 0.531710 0.516739 480.000000 640.000000
54 0.653091 0.563057 0.637823 0.501427 0.668359 0.624687 480.000000 640.000000
19 0.336630 0.588452 0.312524 0.513527 0.360736 0.663377 480.000000 640.000000
25 0.930473 0.446352 0.912634 0.383882 0.948313 0.508822 480.000000 640.000000
82 0.022607 0.533447 0.001257 0.474905 0.043957 0.591989 480.000000 640.000000
62 0.057246 0.449057 0.038920 0.391438 0.075571 0.506677 480.000000 640.000000
68 0.151598 0.552692 0.132085 0.485580 0.171111 0.619804 480.000000 640.000000
84 0.340365 0.534722 0.313281 0.406250 0.367448 0.663194 480.000000 640.000000
