1 0.439415 0.603932 0.414928 0.540045 0.463901 0.667820 480.000000 640.000000
2 0.246803 0.618018 0.215457 0.551701 0.278148 0.684336 480.000000 640.000000
3 0.258265 0.448788 0.240553 0.389365 0.275976 0.508212 480.000000 640.000000
4 0.799500 0.600306 0.775152 0.537852 0.823848 0.662759 480.000000 640.000000
5 0.728697 0.574068 0.709281 0.512958 0.748113 0.635178 480.000000 640.000000
6 0.581196 0.647617 0.561327 0.570833 0.601065 0.724401 480.000000 640.000000
7 0.400788 0.642632 0.379253 0.571211 0.422323 0.714054 480.000000 640.000000
8 0.464937 0.460581 0.447293 0.400881 0.482580 0.520281 480.000000 640.000000
9 0.652472 0.526855 0.636251 0.467389 0.668694 0.586321 480.000000 640.000000
10 0.962980 0.606391 0.941094 0.505787 0.984866 0.706994 480.000000 640.000000
11 0.056664 0.518842 0.040461 0.466404 0.072867 0.571280 480.000000 640.000000
12 0.350899 0.555609 0.326099 0.492619 0.375699 0.618600 480.000000 640.000000
13 0.166094 0.441285 0.147928 0.382349 0.184261 0.500221 480.000000 640.000000
14 0.173174 0.649961 0.151838 0.568703 0.194509 0.731218 480.000000 640.000000
15 0.921373 0.524633 0.899109 0.465651 0.943637 0.583614 480.000000 640.000000
16 0.513951 0.441111 0.499969 0.381482 0.527932 0.500740 480.000000 640.000000
17 0.009788 0.488598 0.000127 0.431704 0.019449 0.545492 480.000000 640.000000
18 0.395268 0.475278 0.374408 0.399765 0.416127 0.550791 480.000000 640.000000
19 0.083677 0.582880 0.056957 0.504519 0.110397 0.661240 480.000000 640.000000
20 0.364624 0.470607 0.347604 0.406235 0.381644 0.534978 480.000000 640.000000
21 0.223523 0.557695 0.208334 0.500704 0.238712 0.614686 480.000000 640.000000
22 0.186942 0.502258 0.164019 0.436681 0.209865 0.567835 480.000000 640.000000
23 0.833978 0.560114 0.813138 0.501179 0.854818 0.619049 480.000000 640.000000
24 0.108138 0.460417 0.088542 0.399306 0.127734 0.521528 480.000000 640.000000
25 0.684896 0.468056 0.659375 0.378472 0.710417 0.557639 480.000000 640.000000
26 0.827604 0.469792 0.814583 0.430556 0.840625 0.509028 480.000000 640.000000
