1 0.518500 0.603693 0.488454 0.540390 0.548546 0.666997 480.000000 640.000000
2 0.305854 0.613810 0.284431 0.546732 0.327278 0.680888 480.000000 640.000000
4 0.855368 0.602131 0.836517 0.537332 0.874220 0.666931 480.000000 640.000000
5 0.792911 0.578318 0.766793 0.516256 0.819028 0.640379 480.000000 640.000000
6 0.632754 0.649071 0.611466 0.566824 0.654042 0.731318 480.000000 640.000000
7 0.447652 0.637889 0.429494 0.573056 0.465810 0.702723 480.000000 640.000000
9 0.703410 0.528574 0.678757 0.468756 0.728064 0.588393 480.000000 640.000000
10 0.994051 0.623991 0.988094 0.578515 1.000007 0.669467 480.000000 640.000000
11 0.106304 0.527493 0.075856 0.462188 0.136751 0.592798 480.000000 640.000000
12 0.417082 0.560721 0.401514 0.504110 0.432650 0.617331 480.000000 640.000000
15 0.976663 0.520660 0.964832 0.462517 0.988495 0.578804 480.000000 640.000000
16 0.575592 0.444692 0.553374 0.385199 0.597809 0.504186 480.000000 640.000000
18 0.448704 0.479705 0.423044 0.404654 0.474364 0.554757 480.000000 640.000000
19 0.143515 0.580198 0.119165 0.505048 0.167864 0.655348 480.000000 640.000000
23 0.890212 0.560519 0.869647 0.500790 0.910777 0.620247 480.000000 640.000000
25 0.735098 0.440159 0.715474 0.382732 0.754723 0.497586 480.000000 640.000000
29 0.283917 0.443434 0.268512 0.383621 0.299323 0.503247 480.000000 640.000000
30 0.031765 0.608808 0.007044 0.536016 0.056486 0.681599 480.000000 640.000000
21 0.282398 0.554522 0.268894 0.495323 0.295902 0.613722 480.000000 640.000000
24 0.169700 0.460920 0.151349 0.400739 0.188051 0.521101 480.000000 640.000000
38 0.110891 0.431808 0.096665 0.380934 0.125118 0.482682 480.000000 640.000000
14 0.225582 0.649914 0.197699 0.561534 0.253465 0.738295 480.000000 640.000000
41 0.891153 0.468583 0.872088 0.427265 0.910218 0.509902 480.000000 640.000000
8 0.386792 0.458304 0.366292 0.399185 0.407293 0.517422 480.000000 640.000000
20 0.419658 0.465451 0.403551 0.406929 0.435766 0.523974 480.000000 640.000000
3 0.201322 0.447872 0.175750 0.389295 0.226893 0.506448 480.000000 640.000000
34 0.652135 0.469035 0.633040 0.409480 0.671229 0.528591 480.000000 640.000000
