1 0.557742 0.601760 0.528197 0.540211 0.587287 0.663310 480.000000 640.000000
2 0.344667 0.615494 0.313680 0.550197 0.375655 0.680791 480.000000 640.000000
4 0.885654 0.603109 0.863205 0.538770 0.908102 0.667448 480.000000 640.000000
5 0.829501 0.578498 0.804762 0.516432 0.854240 0.640564 480.000000 640.000000
6 0.659381 0.647921 0.633615 0.568225 0.685146 0.727618 480.000000 640.000000
7 0.477422 0.644604 0.456319 0.571241 0.498526 0.717966 480.000000 640.000000
9 0.735254 0.527536 0.709781 0.466202 0.760726 0.588869 480.000000 640.000000
11 0.150792 0.532149 0.133213 0.468516 0.168371 0.595783 480.000000 640.000000
12 0.455506 0.565884 0.440638 0.513029 0.470374 0.618739 480.000000 640.000000
15 0.990390 0.512412 0.980395 0.443090 1.000385 0.581733 480.000000 640.000000
16 0.607321 0.444199 0.591806 0.385621 0.622837 0.502777 480.000000 640.000000
19 0.170184 0.579398 0.145091 0.502237 0.195276 0.656559 480.000000 640.000000
23 0.915931 0.551804 0.896582 0.481054 0.935280 0.622554 480.000000 640.000000
25 0.763906 0.440791 0.745229 0.380983 0.782584 0.500599 480.000000 640.000000
29 0.246904 0.443426 0.233582 0.384700 0.260226 0.502152 480.000000 640.000000
30 0.063912 0.609892 0.039911 0.537368 0.087913 0.682416 480.000000 640.000000
21 0.314739 0.553423 0.303066 0.498083 0.326411 0.608764 480.000000 640.000000
24 0.195338 0.463104 0.181643 0.399851 0.209034 0.526356 480.000000 640.000000
41 0.933479 0.489547 0.914238 0.425831 0.952720 0.553263 480.000000 640.000000
8 0.352855 0.459492 0.328798 0.402276 0.376913 0.516708 480.000000 640.000000
20 0.445200 0.475243 0.424905 0.410906 0.465496 0.539580 480.000000 640.000000
34 0.629207 0.468760 0.610653 0.411506 0.647761 0.526014 480.000000 640.000000
22 0.058761 0.480037 0.030967 0.395658 0.086554 0.564416 480.000000 640.000000
35 0.250572 0.649585 0.230873 0.567815 0.270271 0.731356 480.000000 640.000000
18 0.480477 0.467327 0.459109 0.400071 0.501846 0.534583 480.000000 640.000000
49 0.162729 0.436623 0.149566 0.389052 0.175892 0.484193 480.000000 640.000000
