1 0.694790 0.596884 0.678088 0.533654 0.711492 0.660114 480.000000 640.000000
2 0.466405 0.612950 0.445185 0.544843 0.487625 0.681057 480.000000 640.000000
4 0.983049 0.604613 0.965522 0.540829 1.000576 0.668396 480.000000 640.000000
5 0.941063 0.583519 0.919669 0.519224 0.962456 0.647814 480.000000 640.000000
6 0.756045 0.643979 0.729436 0.565134 0.782654 0.722825 480.000000 640.000000
7 0.573310 0.636317 0.549276 0.555820 0.597344 0.716814 480.000000 640.000000
9 0.837029 0.527931 0.818263 0.464118 0.855796 0.591743 480.000000 640.000000
19 0.272234 0.588462 0.250365 0.515200 0.294104 0.661724 480.000000 640.000000
30 0.161885 0.585256 0.142990 0.534523 0.180780 0.635989 480.000000 640.000000
21 0.417276 0.559739 0.398973 0.502512 0.435579 0.616966 480.000000 640.000000
3 0.037658 0.457099 0.016807 0.397660 0.058508 0.516538 480.000000 640.000000
16 0.725867 0.450482 0.705368 0.389478 0.746365 0.511486 480.000000 640.000000
25 0.864851 0.456778 0.850348 0.407209 0.879355 0.506347 480.000000 640.000000
62 0.129031 0.447054 0.108875 0.388870 0.149186 0.505238 480.000000 640.000000
58 0.065014 0.600079 0.033692 0.487083 0.096336 0.713075 480.000000 640.000000
35 0.354368 0.648568 0.323338 0.569480 0.385398 0.727655 480.000000 640.000000
14 0.344202 0.653514 0.322366 0.572275 0.366038 0.734752 480.000000 640.000000
20 0.558295 0.476625 0.528366 0.402439 0.588225 0.550812 480.000000 640.000000
8 0.289746 0.468575 0.271275 0.404605 0.308217 0.532545 480.000000 640.000000
72 0.218045 0.458816 0.190247 0.399549 0.245844 0.518084 480.000000 640.000000
73 0.064893 0.638347 0.034437 0.563515 0.095348 0.713180 480.000000 640.000000
68 0.056051 0.552220 0.035031 0.486111 0.077072 0.618329 480.000000 640.000000
