1 0.664645 0.598720 0.648642 0.535620 0.680649 0.661819 480.000000 640.000000
2 0.436155 0.615397 0.405941 0.549548 0.466369 0.681246 480.000000 640.000000
4 0.976365 0.594298 0.953277 0.520255 0.999453 0.668340 480.000000 640.000000
5 0.913552 0.584489 0.887374 0.521021 0.939730 0.647956 480.000000 640.000000
6 0.732362 0.636978 0.713058 0.569087 0.751666 0.704869 480.000000 640.000000
7 0.549956 0.640148 0.523405 0.562213 0.576507 0.718084 480.000000 640.000000
9 0.812396 0.531733 0.787457 0.474467 0.837336 0.588999 480.000000 640.000000
19 0.251081 0.588030 0.225838 0.515570 0.276325 0.660489 480.000000 640.000000
23 0.987329 0.564104 0.974225 0.512655 1.000433 0.615554 480.000000 640.000000
30 0.142622 0.607256 0.118381 0.534563 0.166863 0.679948 480.000000 640.000000
21 0.392049 0.559788 0.371269 0.502059 0.412830 0.617517 480.000000 640.000000
34 0.576048 0.462330 0.561765 0.405182 0.590332 0.519479 480.000000 640.000000
3 0.074776 0.456563 0.054988 0.399115 0.094564 0.514010 480.000000 640.000000
16 0.697307 0.451180 0.675159 0.390230 0.719455 0.512130 480.000000 640.000000
25 0.845929 0.448457 0.823780 0.387788 0.868079 0.509126 480.000000 640.000000
60 0.555645 0.480152 0.540806 0.404885 0.570484 0.555418 480.000000 640.000000
62 0.158875 0.447009 0.135187 0.388639 0.182564 0.505379 480.000000 640.000000
58 0.034683 0.648152 0.014451 0.585040 0.054914 0.711264 480.000000 640.000000
35 0.327304 0.627059 0.309723 0.568636 0.344885 0.685483 480.000000 640.000000
38 0.004807 0.466798 0.000029 0.432886 0.009585 0.500710 480.000000 640.000000
68 0.021712 0.552243 0.003270 0.491322 0.040155 0.613163 480.000000 640.000000
14 0.325711 0.660102 0.305901 0.583607 0.345521 0.736598 480.000000 640.000000
20 0.526067 0.485052 0.503508 0.414892 0.548625 0.555213 480.000000 640.000000
