1 0.653267 0.600105 0.637432 0.535970 0.669101 0.664241 480.000000 640.000000
2 0.433099 0.614890 0.401954 0.548590 0.464244 0.681191 480.000000 640.000000
4 0.960746 0.604979 0.939535 0.541159 0.981957 0.668799 480.000000 640.000000
5 0.909953 0.583386 0.883144 0.520013 0.936763 0.646760 480.000000 640.000000
6 0.728473 0.648528 0.706875 0.568419 0.750071 0.728638 480.000000 640.000000
7 0.547361 0.641217 0.519357 0.564878 0.575364 0.717555 480.000000 640.000000
9 0.807665 0.526356 0.783721 0.465099 0.831609 0.587614 480.000000 640.000000
19 0.237885 0.572003 0.211408 0.485843 0.264362 0.658162 480.000000 640.000000
23 0.985919 0.569613 0.971391 0.512305 1.000447 0.626922 480.000000 640.000000
30 0.135550 0.606398 0.112535 0.533458 0.158565 0.679338 480.000000 640.000000
21 0.387569 0.558959 0.368405 0.501581 0.406733 0.616336 480.000000 640.000000
34 0.579466 0.465372 0.561625 0.409065 0.597307 0.521678 480.000000 640.000000
3 0.081159 0.456849 0.054518 0.399412 0.107799 0.514287 480.000000 640.000000
16 0.691937 0.451330 0.669431 0.391364 0.714443 0.511296 480.000000 640.000000
25 0.837937 0.447164 0.821115 0.387101 0.854758 0.507227 480.000000 640.000000
60 0.552087 0.466872 0.536725 0.399711 0.567448 0.534034 480.000000 640.000000
62 0.162817 0.446270 0.140014 0.388030 0.185621 0.504511 480.000000 640.000000
58 0.027967 0.649005 0.001528 0.586586 0.054406 0.711425 480.000000 640.000000
35 0.325871 0.648885 0.302732 0.570966 0.349009 0.726805 480.000000 640.000000
38 0.005509 0.457142 -0.000189 0.411877 0.011207 0.502407 480.000000 640.000000
68 0.016653 0.546728 0.000235 0.492004 0.033071 0.601452 480.000000 640.000000
54 0.541315 0.564941 0.521824 0.512162 0.560807 0.617721 480.000000 640.000000
