1 0.461669 0.604018 0.443659 0.540020 0.479679 0.668016 480.000000 640.000000
2 0.262029 0.616874 0.242577 0.549221 0.281481 0.684528 480.000000 640.000000
4 0.815497 0.599877 0.794818 0.534339 0.836175 0.665416 480.000000 640.000000
5 0.751668 0.576201 0.727940 0.514622 0.775396 0.637780 480.000000 640.000000
6 0.593180 0.643012 0.569693 0.567456 0.616667 0.718567 480.000000 640.000000
7 0.421128 0.643863 0.395299 0.572318 0.446957 0.715409 480.000000 640.000000
8 0.444994 0.468093 0.428366 0.415939 0.461622 0.520247 480.000000 640.000000
9 0.665386 0.532497 0.639294 0.475358 0.691479 0.589635 480.000000 640.000000
10 0.971411 0.601747 0.941958 0.529215 1.000864 0.674278 480.000000 640.000000
11 0.073496 0.532413 0.054699 0.466500 0.092293 0.598325 480.000000 640.000000
12 0.371647 0.558058 0.360005 0.498621 0.383289 0.617495 480.000000 640.000000
13 0.149947 0.439416 0.133921 0.383156 0.165974 0.495676 480.000000 640.000000
14 0.184888 0.653084 0.158947 0.570246 0.210829 0.735922 480.000000 640.000000
15 0.942295 0.516781 0.929388 0.457526 0.955203 0.576037 480.000000 640.000000
16 0.534253 0.443162 0.514673 0.382800 0.553834 0.503524 480.000000 640.000000
18 0.410115 0.478942 0.383492 0.404008 0.436739 0.553875 480.000000 640.000000
19 0.103994 0.585284 0.080253 0.520550 0.127735 0.650018 480.000000 640.000000
20 0.378598 0.468177 0.363330 0.408424 0.393866 0.527931 480.000000 640.000000
22 0.154608 0.505633 0.129320 0.442686 0.179896 0.568580 480.000000 640.000000
23 0.854536 0.558524 0.835995 0.498642 0.873077 0.618407 480.000000 640.000000
24 0.129726 0.460045 0.110097 0.399024 0.149356 0.521065 480.000000 640.000000
25 0.697981 0.442029 0.682065 0.379836 0.713898 0.504223 480.000000 640.000000
29 0.327286 0.446992 0.312801 0.388100 0.341771 0.505884 480.000000 640.000000
30 0.008604 0.624543 0.000237 0.567041 0.016970 0.682045 480.000000 640.000000
32 0.993750 0.538889 0.987500 0.508681 1.000000 0.569097 480.000000 640.000000
21 0.243666 0.548962 0.231245 0.498151 0.256086 0.599773 480.000000 640.000000
