1 0.701039 0.596560 0.685735 0.533708 0.716342 0.659412 480.000000 640.000000
2 0.473303 0.613796 0.447186 0.545908 0.499421 0.681683 480.000000 640.000000
4 0.986175 0.616101 0.971987 0.564146 1.000362 0.668057 480.000000 640.000000
5 0.944834 0.583914 0.920434 0.519884 0.969233 0.647944 480.000000 640.000000
6 0.759304 0.642533 0.735553 0.562688 0.783054 0.722378 480.000000 640.000000
7 0.581347 0.616837 0.554486 0.517641 0.608208 0.716033 480.000000 640.000000
9 0.841607 0.527866 0.819378 0.465280 0.863837 0.590453 480.000000 640.000000
19 0.274585 0.590095 0.251677 0.517694 0.297493 0.662495 480.000000 640.000000
30 0.165919 0.598746 0.147391 0.533864 0.184448 0.663627 480.000000 640.000000
21 0.420133 0.560355 0.400397 0.503175 0.439869 0.617535 480.000000 640.000000
3 0.034930 0.458164 0.017860 0.399190 0.051999 0.517138 480.000000 640.000000
16 0.729897 0.451415 0.706559 0.390680 0.753235 0.512149 480.000000 640.000000
62 0.125255 0.446414 0.102371 0.387486 0.148140 0.505341 480.000000 640.000000
58 0.067328 0.601007 0.036113 0.489817 0.098543 0.712198 480.000000 640.000000
35 0.359762 0.649267 0.331135 0.569685 0.388388 0.728848 480.000000 640.000000
14 0.346583 0.656393 0.329608 0.580215 0.363559 0.732570 480.000000 640.000000
20 0.553141 0.477490 0.528799 0.404042 0.577482 0.550937 480.000000 640.000000
8 0.291816 0.468867 0.273231 0.404701 0.310401 0.533033 480.000000 640.000000
72 0.213430 0.462734 0.189704 0.407097 0.237155 0.518370 480.000000 640.000000
73 0.067392 0.635001 0.037181 0.558416 0.097602 0.711585 480.000000 640.000000
68 0.059137 0.555342 0.037524 0.491067 0.080750 0.619618 480.000000 640.000000
74 0.015123 0.600331 0.000262 0.536433 0.029985 0.664229 480.000000 640.000000
