2 0.592760 0.606115 0.575957 0.537596 0.609564 0.674634 480.000000 640.000000
6 0.857804 0.629509 0.832912 0.540146 0.882696 0.718873 480.000000 640.000000
7 0.672509 0.640462 0.648439 0.567108 0.696578 0.713815 480.000000 640.000000
9 0.954725 0.532457 0.932262 0.469447 0.977187 0.595468 480.000000 640.000000
30 0.272960 0.597395 0.252234 0.528278 0.293686 0.666512 480.000000 640.000000
21 0.524564 0.561848 0.508409 0.504930 0.540719 0.618765 480.000000 640.000000
16 0.842982 0.452426 0.819661 0.393316 0.866304 0.511535 480.000000 640.000000
58 0.192226 0.648794 0.166721 0.580335 0.217731 0.717252 480.000000 640.000000
35 0.451458 0.657658 0.426529 0.575945 0.476387 0.739371 480.000000 640.000000
72 0.056068 0.458940 0.041081 0.402929 0.071055 0.514951 480.000000 640.000000
74 0.138092 0.594148 0.119951 0.528121 0.156233 0.660175 480.000000 640.000000
34 0.483183 0.456838 0.464982 0.400092 0.501385 0.513584 480.000000 640.000000
54 0.710066 0.564642 0.691965 0.506391 0.728166 0.622893 480.000000 640.000000
19 0.383579 0.594397 0.363471 0.526711 0.403686 0.662083 480.000000 640.000000
82 0.061645 0.533387 0.044846 0.478399 0.078443 0.588376 480.000000 640.000000
68 0.225596 0.549582 0.199716 0.483621 0.251477 0.615543 480.000000 640.000000
25 0.978374 0.439477 0.961552 0.374874 0.995197 0.504081 480.000000 640.000000
62 0.008242 0.455336 -0.000356 0.399838 0.016840 0.510833 480.000000 640.000000
93 0.035119 0.600464 0.014877 0.537237 0.055362 0.663691 480.000000 640.000000
94 0.030148 0.640951 0.004505 0.554845 0.055792 0.727057 480.000000 640.000000
96 0.393198 0.523740 0.366946 0.461872 0.419451 0.585607 480.000000 640.000000
