1 0.566265 0.603036 0.535517 0.540284 0.597012 0.665789 480.000000 640.000000
2 0.350459 0.615651 0.325294 0.550091 0.375623 0.681211 480.000000 640.000000
4 0.894204 0.601664 0.877317 0.536757 0.911091 0.666571 480.000000 640.000000
5 0.834382 0.581416 0.807026 0.518760 0.861739 0.644071 480.000000 640.000000
6 0.664256 0.643592 0.637410 0.567236 0.691102 0.719947 480.000000 640.000000
7 0.482761 0.643642 0.462128 0.572708 0.503394 0.714577 480.000000 640.000000
9 0.741033 0.528085 0.715779 0.466156 0.766286 0.590013 480.000000 640.000000
11 0.156606 0.535374 0.136299 0.471595 0.176914 0.599154 480.000000 640.000000
12 0.461050 0.564099 0.441073 0.508166 0.481027 0.620031 480.000000 640.000000
19 0.179853 0.577608 0.154664 0.502833 0.205041 0.652383 480.000000 640.000000
23 0.927081 0.565072 0.904937 0.508227 0.949225 0.621916 480.000000 640.000000
25 0.770812 0.443075 0.749516 0.381886 0.792109 0.504264 480.000000 640.000000
29 0.239788 0.443633 0.220641 0.385642 0.258935 0.501623 480.000000 640.000000
30 0.069743 0.609319 0.045723 0.534926 0.093764 0.683712 480.000000 640.000000
21 0.321325 0.555564 0.304678 0.499546 0.337972 0.611583 480.000000 640.000000
24 0.203546 0.466457 0.185334 0.401960 0.221757 0.530953 480.000000 640.000000
41 0.937843 0.487864 0.922340 0.424399 0.953347 0.551329 480.000000 640.000000
8 0.348767 0.457456 0.325917 0.399684 0.371616 0.515229 480.000000 640.000000
20 0.454623 0.468337 0.438248 0.410175 0.470997 0.526498 480.000000 640.000000
34 0.620471 0.459779 0.598919 0.394561 0.642023 0.524997 480.000000 640.000000
22 0.047479 0.501343 0.021652 0.438271 0.073305 0.564415 480.000000 640.000000
35 0.254755 0.652155 0.230963 0.567187 0.278547 0.737124 480.000000 640.000000
18 0.489107 0.474817 0.463555 0.401286 0.514659 0.548348 480.000000 640.000000
49 0.154834 0.444896 0.142086 0.387756 0.167583 0.502036 480.000000 640.000000
38 0.070357 0.438574 0.056244 0.382498 0.084471 0.494650 480.000000 640.000000
