1 0.744250 0.596655 0.729741 0.533617 0.758758 0.659693 480.000000 640.000000
2 0.505520 0.610004 0.487382 0.542048 0.523658 0.677961 480.000000 640.000000
5 0.978465 0.583376 0.956946 0.519931 0.999985 0.646822 480.000000 640.000000
6 0.785131 0.643252 0.758896 0.566050 0.811367 0.720454 480.000000 640.000000
7 0.601366 0.646006 0.579814 0.577205 0.622919 0.714807 480.000000 640.000000
9 0.873987 0.529073 0.852789 0.466474 0.895186 0.591673 480.000000 640.000000
30 0.197324 0.601037 0.177369 0.533113 0.217279 0.668962 480.000000 640.000000
21 0.451623 0.560615 0.430373 0.503495 0.472873 0.617735 480.000000 640.000000
3 0.013607 0.460881 -0.000897 0.404224 0.028111 0.517539 480.000000 640.000000
16 0.766188 0.452650 0.744475 0.393441 0.787900 0.511859 480.000000 640.000000
58 0.105394 0.651305 0.077791 0.589554 0.132997 0.713056 480.000000 640.000000
35 0.380928 0.650601 0.350626 0.567009 0.411230 0.734193 480.000000 640.000000
72 0.171602 0.459971 0.144770 0.400319 0.198433 0.519624 480.000000 640.000000
68 0.115645 0.552123 0.089721 0.486459 0.141570 0.617787 480.000000 640.000000
74 0.045354 0.600251 0.030481 0.533373 0.060226 0.667129 480.000000 640.000000
25 0.899866 0.438213 0.883703 0.376603 0.916029 0.499823 480.000000 640.000000
20 0.583829 0.482173 0.565282 0.413432 0.602376 0.550914 480.000000 640.000000
34 0.532131 0.460253 0.512578 0.402915 0.551685 0.517591 480.000000 640.000000
60 0.612751 0.513116 0.586827 0.408675 0.638676 0.617557 480.000000 640.000000
54 0.622777 0.567227 0.603851 0.516106 0.641702 0.618348 480.000000 640.000000
79 0.322215 0.467986 0.302573 0.406809 0.341858 0.529162 480.000000 640.000000
19 0.312770 0.572998 0.286886 0.486144 0.338654 0.659852 480.000000 640.000000
