1 0.551272 0.601474 0.525799 0.538574 0.576745 0.664374 480.000000 640.000000
2 0.341471 0.615635 0.309989 0.549852 0.372953 0.681419 480.000000 640.000000
4 0.879666 0.603536 0.852593 0.540251 0.906740 0.666821 480.000000 640.000000
5 0.821333 0.579165 0.802013 0.515710 0.840653 0.642620 480.000000 640.000000
6 0.653168 0.648490 0.629965 0.566955 0.676371 0.730025 480.000000 640.000000
7 0.473168 0.644480 0.447284 0.571542 0.499053 0.717419 480.000000 640.000000
9 0.729525 0.526681 0.705268 0.465997 0.753782 0.587366 480.000000 640.000000
11 0.145869 0.528762 0.129233 0.469137 0.162505 0.588387 480.000000 640.000000
12 0.444514 0.556547 0.428484 0.494562 0.460544 0.618532 480.000000 640.000000
15 0.986211 0.510870 0.971727 0.439885 1.000695 0.581855 480.000000 640.000000
16 0.602555 0.441851 0.589370 0.381877 0.615740 0.501824 480.000000 640.000000
19 0.157839 0.576892 0.130678 0.494154 0.185000 0.659631 480.000000 640.000000
23 0.910642 0.534959 0.889139 0.448413 0.932145 0.621506 480.000000 640.000000
25 0.756019 0.443480 0.739153 0.381624 0.772884 0.505337 480.000000 640.000000
29 0.256567 0.442208 0.240937 0.385167 0.272197 0.499250 480.000000 640.000000
30 0.054366 0.604323 0.034028 0.536329 0.074704 0.672317 480.000000 640.000000
21 0.306705 0.553391 0.294945 0.497553 0.318464 0.609228 480.000000 640.000000
24 0.188186 0.462369 0.174795 0.399412 0.201576 0.525325 480.000000 640.000000
41 0.927173 0.491591 0.905621 0.427686 0.948724 0.555495 480.000000 640.000000
8 0.358523 0.461288 0.339905 0.407169 0.377141 0.515407 480.000000 640.000000
20 0.438497 0.477607 0.418821 0.410924 0.458172 0.544291 480.000000 640.000000
34 0.633314 0.467889 0.613630 0.408860 0.652998 0.526919 480.000000 640.000000
22 0.071498 0.500009 0.057151 0.433760 0.085846 0.566258 480.000000 640.000000
35 0.248945 0.645073 0.227200 0.568604 0.270689 0.721542 480.000000 640.000000
38 0.086088 0.426102 0.073777 0.384354 0.098400 0.467849 480.000000 640.000000
18 0.471746 0.479979 0.452959 0.402654 0.490532 0.557305 480.000000 640.000000
