1 0.437240 0.604167 0.412760 0.540278 0.461719 0.668056 480.000000 640.000000
2 0.245313 0.617014 0.215104 0.550694 0.275521 0.683333 480.000000 640.000000
3 0.260742 0.449306 0.245182 0.389583 0.276302 0.509028 480.000000 640.000000
4 0.798438 0.600000 0.775000 0.537847 0.821875 0.662153 480.000000 640.000000
5 0.724479 0.574653 0.704167 0.513542 0.744792 0.635764 480.000000 640.000000
6 0.579688 0.645313 0.559375 0.570486 0.600000 0.720139 480.000000 640.000000
7 0.399740 0.642708 0.377083 0.570833 0.422396 0.714583 480.000000 640.000000
8 0.467969 0.463542 0.447396 0.406250 0.488542 0.520833 480.000000 640.000000
9 0.650521 0.527431 0.633854 0.467361 0.667188 0.587500 480.000000 640.000000
10 0.961458 0.605208 0.939583 0.505208 0.983333 0.705208 480.000000 640.000000
11 0.054557 0.529861 0.038346 0.465972 0.070768 0.593750 480.000000 640.000000
12 0.348958 0.557639 0.325521 0.498264 0.372396 0.617014 480.000000 640.000000
13 0.167448 0.440278 0.149740 0.381944 0.185156 0.498611 480.000000 640.000000
14 0.172135 0.652257 0.148438 0.569792 0.195833 0.734722 480.000000 640.000000
15 0.920313 0.524653 0.898958 0.465972 0.941667 0.583333 480.000000 640.000000
16 0.512240 0.441667 0.497135 0.382639 0.527344 0.500694 480.000000 640.000000
17 0.012272 0.490278 0.000049 0.433681 0.024495 0.546875 480.000000 640.000000
18 0.394010 0.474306 0.374740 0.400000 0.413281 0.548611 480.000000 640.000000
19 0.079883 0.585764 0.054753 0.510417 0.105013 0.661111 480.000000 640.000000
20 0.362240 0.470833 0.342969 0.405556 0.381510 0.536111 480.000000 640.000000
21 0.222266 0.557292 0.207422 0.500000 0.237109 0.614583 480.000000 640.000000
22 0.189193 0.500347 0.164583 0.435069 0.213802 0.565625 480.000000 640.000000
23 0.830208 0.560417 0.809375 0.502083 0.851042 0.618750 480.000000 640.000000
