1 0.756378 0.597549 0.737833 0.534367 0.774923 0.660732 480.000000 640.000000
2 0.516542 0.610583 0.490590 0.542908 0.542494 0.678257 480.000000 640.000000
5 0.979644 0.583852 0.958025 0.521723 1.001263 0.645980 480.000000 640.000000
6 0.789680 0.641461 0.765947 0.564795 0.813414 0.718128 480.000000 640.000000
7 0.608984 0.645275 0.588554 0.575575 0.629414 0.714976 480.000000 640.000000
9 0.881664 0.530235 0.856899 0.467911 0.906429 0.592558 480.000000 640.000000
30 0.202213 0.604673 0.182318 0.532023 0.222107 0.677324 480.000000 640.000000
21 0.453997 0.561376 0.434359 0.504469 0.473634 0.618282 480.000000 640.000000
16 0.770673 0.454105 0.746625 0.394102 0.794722 0.514108 480.000000 640.000000
58 0.112270 0.647119 0.085987 0.580215 0.138554 0.714022 480.000000 640.000000
35 0.392814 0.652629 0.362994 0.569485 0.422633 0.735772 480.000000 640.000000
72 0.159274 0.459711 0.141686 0.399341 0.176862 0.520081 480.000000 640.000000
68 0.126287 0.554432 0.098614 0.490170 0.153960 0.618695 480.000000 640.000000
74 0.055631 0.600047 0.036620 0.534139 0.074641 0.665954 480.000000 640.000000
20 0.594358 0.481828 0.569055 0.408134 0.619660 0.555523 480.000000 640.000000
34 0.529763 0.459992 0.510800 0.402493 0.548727 0.517491 480.000000 640.000000
54 0.630455 0.572959 0.610119 0.524163 0.650792 0.621755 480.000000 640.000000
79 0.323588 0.467817 0.304236 0.406475 0.342940 0.529159 480.000000 640.000000
19 0.316609 0.570059 0.290823 0.477782 0.342394 0.662335 480.000000 640.000000
25 0.906630 0.444539 0.888432 0.381359 0.924828 0.507718 480.000000 640.000000
81 0.013322 0.506250 0.000000 0.419444 0.026644 0.593056 480.000000 640.000000
