2 0.604913 0.606430 0.581041 0.538716 0.628786 0.674143 480.000000 640.000000
6 0.857664 0.622548 0.832109 0.535385 0.883219 0.709712 480.000000 640.000000
7 0.678574 0.641820 0.659940 0.569201 0.697209 0.714439 480.000000 640.000000
9 0.958727 0.532711 0.933515 0.469935 0.983938 0.595488 480.000000 640.000000
30 0.278852 0.599117 0.257790 0.527788 0.299914 0.670446 480.000000 640.000000
21 0.532708 0.561454 0.518936 0.504211 0.546481 0.618698 480.000000 640.000000
16 0.852479 0.451272 0.836881 0.389887 0.868078 0.512656 480.000000 640.000000
58 0.200665 0.651940 0.180770 0.586808 0.220560 0.717073 480.000000 640.000000
35 0.467270 0.652202 0.437713 0.563985 0.496827 0.740418 480.000000 640.000000
72 0.043523 0.470071 0.023536 0.405446 0.063509 0.534696 480.000000 640.000000
74 0.148203 0.595249 0.125174 0.530505 0.171231 0.659994 480.000000 640.000000
34 0.479680 0.457674 0.463952 0.399562 0.495408 0.515786 480.000000 640.000000
54 0.716238 0.564642 0.699199 0.504214 0.733276 0.625070 480.000000 640.000000
19 0.393283 0.571933 0.369722 0.482085 0.416845 0.661782 480.000000 640.000000
82 0.067604 0.529964 0.051230 0.471462 0.083978 0.588466 480.000000 640.000000
68 0.233504 0.548223 0.209132 0.482423 0.257877 0.614022 480.000000 640.000000
25 0.982168 0.441037 0.963847 0.377751 1.000489 0.504323 480.000000 640.000000
62 0.004624 0.461227 -0.000056 0.412893 0.009305 0.509560 480.000000 640.000000
93 0.037008 0.656969 0.016378 0.587842 0.057638 0.726096 480.000000 640.000000
94 0.037913 0.631929 0.016463 0.537173 0.059363 0.726685 480.000000 640.000000
96 0.394245 0.523111 0.369557 0.459970 0.418934 0.586251 480.000000 640.000000
20 0.680654 0.480910 0.651020 0.399721 0.710288 0.562099 480.000000 640.000000
