1 0.480110 0.604112 0.457130 0.540314 0.503089 0.667910 480.000000 640.000000
2 0.288966 0.615896 0.264032 0.549020 0.313900 0.682772 480.000000 640.000000
4 0.837632 0.599466 0.822570 0.534123 0.852695 0.664808 480.000000 640.000000
5 0.765053 0.578209 0.743181 0.515908 0.786926 0.640510 480.000000 640.000000
6 0.609323 0.646386 0.592925 0.564738 0.625721 0.728033 480.000000 640.000000
7 0.433408 0.643208 0.404497 0.570570 0.462320 0.715846 480.000000 640.000000
9 0.683119 0.528781 0.666288 0.466962 0.699950 0.590600 480.000000 640.000000
10 0.979191 0.600047 0.958070 0.528232 1.000312 0.671862 480.000000 640.000000
11 0.094407 0.532625 0.078014 0.467262 0.110801 0.597987 480.000000 640.000000
12 0.388386 0.559701 0.365421 0.500549 0.411351 0.618854 480.000000 640.000000
14 0.201147 0.650608 0.179965 0.569487 0.222329 0.731728 480.000000 640.000000
15 0.956237 0.521330 0.931586 0.462881 0.980887 0.579780 480.000000 640.000000
16 0.547436 0.445968 0.528498 0.385824 0.566374 0.506112 480.000000 640.000000
18 0.427024 0.476816 0.409928 0.401832 0.444120 0.551801 480.000000 640.000000
19 0.117362 0.589362 0.093568 0.520412 0.141155 0.658312 480.000000 640.000000
20 0.396192 0.471898 0.377161 0.405766 0.415223 0.538031 480.000000 640.000000
23 0.868611 0.559110 0.849939 0.500419 0.887284 0.617800 480.000000 640.000000
25 0.708477 0.445304 0.692728 0.382505 0.724227 0.508103 480.000000 640.000000
29 0.305941 0.446293 0.283162 0.388372 0.328720 0.504215 480.000000 640.000000
30 0.016919 0.607953 0.000174 0.536373 0.033663 0.679533 480.000000 640.000000
21 0.258096 0.555470 0.240793 0.499755 0.275398 0.611185 480.000000 640.000000
34 0.670658 0.447793 0.655128 0.410428 0.686188 0.485158 480.000000 640.000000
35 0.208541 0.642049 0.183474 0.566118 0.233607 0.717980 480.000000 640.000000
36 0.671817 0.487573 0.654978 0.410211 0.688655 0.564935 480.000000 640.000000
37 0.197656 0.657465 0.179948 0.580208 0.215365 0.734722 480.000000 640.000000
3 0.223511 0.447151 0.208947 0.388061 0.238075 0.506240 480.000000 640.000000
24 0.144106 0.462789 0.121457 0.393404 0.166756 0.532173 480.000000 640.000000
