1 0.649469 0.600344 0.630398 0.536430 0.668541 0.664257 480.000000 640.000000
2 0.432134 0.614661 0.401528 0.547658 0.462740 0.681663 480.000000 640.000000
4 0.959290 0.605243 0.935456 0.541540 0.983124 0.668947 480.000000 640.000000
5 0.908323 0.582779 0.882465 0.519683 0.934181 0.645875 480.000000 640.000000
6 0.726911 0.648459 0.703757 0.568392 0.750065 0.728526 480.000000 640.000000
7 0.546653 0.637688 0.518990 0.557498 0.574316 0.717877 480.000000 640.000000
9 0.805166 0.525770 0.783383 0.464977 0.826949 0.586563 480.000000 640.000000
19 0.236023 0.572925 0.210985 0.489679 0.261062 0.656171 480.000000 640.000000
23 0.985431 0.570322 0.970719 0.512941 1.000143 0.627703 480.000000 640.000000
30 0.132225 0.605661 0.110503 0.532660 0.153947 0.678662 480.000000 640.000000
21 0.386037 0.558619 0.367446 0.501126 0.404629 0.616111 480.000000 640.000000
34 0.579574 0.465387 0.560631 0.408893 0.598518 0.521881 480.000000 640.000000
3 0.082132 0.457500 0.053878 0.399661 0.110385 0.515339 480.000000 640.000000
16 0.689692 0.449998 0.668460 0.390964 0.710924 0.509032 480.000000 640.000000
25 0.834517 0.450588 0.818317 0.391980 0.850717 0.509196 480.000000 640.000000
59 0.267521 0.461458 0.245233 0.397171 0.289809 0.525744 480.000000 640.000000
60 0.545143 0.467494 0.532410 0.400108 0.557877 0.534881 480.000000 640.000000
62 0.164861 0.445458 0.143216 0.386888 0.186505 0.504027 480.000000 640.000000
58 0.026856 0.648961 0.000378 0.586386 0.053334 0.711535 480.000000 640.000000
20 0.517914 0.480763 0.494323 0.414228 0.541505 0.547297 480.000000 640.000000
35 0.324761 0.651707 0.300256 0.570082 0.349265 0.733333 480.000000 640.000000
38 0.005804 0.448450 -0.000320 0.392165 0.011928 0.504735 480.000000 640.000000
68 0.015365 0.545486 0.000000 0.489931 0.030729 0.601042 480.000000 640.000000
