1 0.728091 0.597345 0.703613 0.534752 0.752570 0.659939 480.000000 640.000000
2 0.488726 0.611217 0.467410 0.544036 0.510041 0.678398 480.000000 640.000000
5 0.967014 0.583037 0.949305 0.519720 0.984722 0.646354 480.000000 640.000000
6 0.773588 0.638996 0.750721 0.565213 0.796454 0.712778 480.000000 640.000000
7 0.592317 0.646895 0.568026 0.578785 0.616607 0.715005 480.000000 640.000000
9 0.859723 0.530404 0.841280 0.468411 0.878166 0.592398 480.000000 640.000000
19 0.297400 0.595159 0.271347 0.527557 0.323453 0.662761 480.000000 640.000000
30 0.188552 0.600737 0.163799 0.536466 0.213304 0.665009 480.000000 640.000000
21 0.440203 0.559341 0.427562 0.501322 0.452843 0.617359 480.000000 640.000000
3 0.015213 0.457859 0.000987 0.397777 0.029439 0.517942 480.000000 640.000000
16 0.750470 0.450271 0.736695 0.388679 0.764245 0.511863 480.000000 640.000000
62 0.101140 0.443531 0.085111 0.383908 0.117169 0.503153 480.000000 640.000000
58 0.090816 0.635131 0.070582 0.557403 0.111049 0.712859 480.000000 640.000000
35 0.369499 0.651199 0.345884 0.566071 0.393113 0.736326 480.000000 640.000000
8 0.304007 0.474280 0.281465 0.403651 0.326548 0.544908 480.000000 640.000000
72 0.181006 0.459756 0.154817 0.399744 0.207195 0.519768 480.000000 640.000000
68 0.092368 0.543367 0.074834 0.486193 0.109901 0.600541 480.000000 640.000000
74 0.029793 0.601560 0.006828 0.536105 0.052758 0.667015 480.000000 640.000000
54 0.609376 0.558708 0.591986 0.508532 0.626765 0.608884 480.000000 640.000000
25 0.888437 0.443509 0.870588 0.382509 0.906286 0.504509 480.000000 640.000000
20 0.573866 0.484064 0.556650 0.415434 0.591082 0.552694 480.000000 640.000000
34 0.542459 0.460092 0.528145 0.402044 0.556773 0.518140 480.000000 640.000000
60 0.594834 0.490375 0.571386 0.420273 0.618282 0.560476 480.000000 640.000000
