1 0.532749 0.601930 0.505638 0.538807 0.559860 0.665053 480.000000 640.000000
2 0.321572 0.613378 0.304593 0.544659 0.338552 0.682098 480.000000 640.000000
4 0.868191 0.602514 0.849152 0.537871 0.887229 0.667156 480.000000 640.000000
5 0.803069 0.577093 0.782368 0.515411 0.823771 0.638774 480.000000 640.000000
6 0.638930 0.646666 0.621045 0.567214 0.656816 0.726118 480.000000 640.000000
7 0.466148 0.644698 0.438255 0.573332 0.494041 0.716065 480.000000 640.000000
9 0.717928 0.527694 0.698583 0.466874 0.737272 0.588515 480.000000 640.000000
11 0.131867 0.520594 0.115147 0.469961 0.148588 0.571226 480.000000 640.000000
12 0.426304 0.567987 0.404576 0.518171 0.448032 0.617804 480.000000 640.000000
15 0.984751 0.515383 0.968875 0.452954 1.000628 0.577813 480.000000 640.000000
16 0.584651 0.443017 0.565742 0.384104 0.603559 0.501930 480.000000 640.000000
18 0.458832 0.475890 0.439659 0.401232 0.478004 0.550548 480.000000 640.000000
19 0.145666 0.588741 0.119815 0.517987 0.171517 0.659495 480.000000 640.000000
23 0.900965 0.562155 0.880998 0.502294 0.920933 0.622015 480.000000 640.000000
25 0.743597 0.438869 0.727966 0.381795 0.759228 0.495944 480.000000 640.000000
29 0.269262 0.444308 0.247790 0.385181 0.290735 0.503435 480.000000 640.000000
30 0.042783 0.598055 0.020197 0.537867 0.065369 0.658243 480.000000 640.000000
21 0.290731 0.555316 0.274488 0.497217 0.306975 0.613416 480.000000 640.000000
24 0.175005 0.463627 0.149714 0.402076 0.200297 0.525177 480.000000 640.000000
14 0.223911 0.681536 0.203131 0.626793 0.244691 0.736280 480.000000 640.000000
41 0.904445 0.484509 0.886144 0.427902 0.922746 0.541116 480.000000 640.000000
8 0.378146 0.454967 0.362506 0.393406 0.393787 0.516529 480.000000 640.000000
20 0.427936 0.473558 0.412073 0.408556 0.443800 0.538559 480.000000 640.000000
34 0.645841 0.463823 0.629924 0.409617 0.661759 0.518030 480.000000 640.000000
22 0.091621 0.501177 0.067974 0.435591 0.115269 0.566762 480.000000 640.000000
35 0.237744 0.647862 0.207445 0.566772 0.268042 0.728953 480.000000 640.000000
38 0.102429 0.436340 0.088069 0.379933 0.116789 0.492747 480.000000 640.000000
