1 0.770174 0.598456 0.747391 0.535607 0.792958 0.661304 480.000000 640.000000
2 0.525456 0.611810 0.493335 0.545926 0.557577 0.677695 480.000000 640.000000
5 0.990857 0.587462 0.981758 0.529796 0.999956 0.645129 480.000000 640.000000
6 0.804873 0.637699 0.786938 0.562581 0.822808 0.712818 480.000000 640.000000
7 0.624198 0.646125 0.596067 0.576140 0.652330 0.716109 480.000000 640.000000
9 0.892824 0.530610 0.867102 0.466903 0.918546 0.594317 480.000000 640.000000
30 0.218230 0.605312 0.193466 0.536908 0.242994 0.673717 480.000000 640.000000
21 0.470031 0.560187 0.456715 0.503014 0.483347 0.617361 480.000000 640.000000
16 0.784485 0.452347 0.770935 0.391974 0.798034 0.512719 480.000000 640.000000
58 0.127389 0.640971 0.107263 0.567579 0.147515 0.714362 480.000000 640.000000
35 0.402334 0.648000 0.380842 0.570738 0.423827 0.725263 480.000000 640.000000
72 0.138469 0.462015 0.118604 0.401449 0.158335 0.522581 480.000000 640.000000
74 0.068917 0.601214 0.043105 0.535527 0.094729 0.666900 480.000000 640.000000
20 0.608348 0.480373 0.573559 0.400786 0.643136 0.559961 480.000000 640.000000
34 0.522640 0.459279 0.507514 0.400988 0.537765 0.517570 480.000000 640.000000
54 0.641296 0.561502 0.625975 0.500688 0.656618 0.622316 480.000000 640.000000
19 0.330490 0.590941 0.305372 0.517809 0.355608 0.664073 480.000000 640.000000
25 0.921508 0.446699 0.899385 0.383272 0.943631 0.510126 480.000000 640.000000
82 0.021215 0.533863 0.000331 0.476001 0.042100 0.591726 480.000000 640.000000
62 0.065257 0.448221 0.049394 0.389488 0.081120 0.506954 480.000000 640.000000
83 0.628125 0.500347 0.610938 0.442361 0.645312 0.558333 480.000000 640.000000
68 0.139327 0.550174 0.121109 0.482209 0.157546 0.618140 480.000000 640.000000
