1 0.781106 0.595678 0.766608 0.533241 0.795605 0.658116 480.000000 640.000000
2 0.531570 0.610649 0.505519 0.545007 0.557621 0.676290 480.000000 640.000000
5 0.995372 0.593895 0.990764 0.542678 0.999981 0.645112 480.000000 640.000000
6 0.811087 0.642463 0.788524 0.564376 0.833650 0.720549 480.000000 640.000000
7 0.626738 0.646421 0.599698 0.576633 0.653777 0.716209 480.000000 640.000000
9 0.902533 0.530725 0.880279 0.466353 0.924787 0.595098 480.000000 640.000000
30 0.222140 0.604654 0.197246 0.536696 0.247035 0.672612 480.000000 640.000000
21 0.479087 0.560550 0.461497 0.503573 0.496677 0.617527 480.000000 640.000000
16 0.790141 0.452772 0.776687 0.391775 0.803595 0.513770 480.000000 640.000000
58 0.139052 0.649640 0.113406 0.584958 0.164699 0.714321 480.000000 640.000000
35 0.404624 0.653066 0.383663 0.569907 0.425586 0.736225 480.000000 640.000000
72 0.128280 0.462135 0.102494 0.401210 0.154067 0.523060 480.000000 640.000000
74 0.077286 0.599753 0.056660 0.532294 0.097912 0.667212 480.000000 640.000000
20 0.619603 0.480974 0.587108 0.403518 0.652097 0.558431 480.000000 640.000000
34 0.517669 0.458738 0.502267 0.401163 0.533072 0.516314 480.000000 640.000000
54 0.650449 0.560650 0.636789 0.500182 0.664110 0.621118 480.000000 640.000000
19 0.334926 0.594966 0.310017 0.526934 0.359836 0.662998 480.000000 640.000000
25 0.926628 0.446408 0.908371 0.383957 0.944884 0.508859 480.000000 640.000000
82 0.022889 0.533408 0.000898 0.476269 0.044879 0.590547 480.000000 640.000000
62 0.058406 0.447762 0.041183 0.389412 0.075629 0.506112 480.000000 640.000000
68 0.147218 0.551226 0.128874 0.486196 0.165562 0.616256 480.000000 640.000000
