1 0.516448 0.603603 0.488024 0.540057 0.544873 0.667148 480.000000 640.000000
2 0.302637 0.615330 0.278067 0.547556 0.327207 0.683105 480.000000 640.000000
4 0.852466 0.601583 0.832186 0.536471 0.872745 0.666695 480.000000 640.000000
5 0.791475 0.578026 0.766622 0.516155 0.816329 0.639897 480.000000 640.000000
6 0.629475 0.648264 0.606421 0.567186 0.652529 0.729341 480.000000 640.000000
7 0.446097 0.644249 0.428048 0.571943 0.464146 0.716554 480.000000 640.000000
9 0.701889 0.528945 0.676542 0.468952 0.727235 0.588939 480.000000 640.000000
10 0.994076 0.621830 0.988142 0.573949 1.000010 0.669711 480.000000 640.000000
11 0.107716 0.529943 0.079581 0.466170 0.135852 0.593716 480.000000 640.000000
12 0.412968 0.562704 0.399305 0.508519 0.426631 0.616888 480.000000 640.000000
15 0.973233 0.520523 0.959542 0.462703 0.986925 0.578344 480.000000 640.000000
16 0.573158 0.444495 0.552603 0.384734 0.593713 0.504255 480.000000 640.000000
18 0.446726 0.478120 0.422741 0.403432 0.470711 0.552807 480.000000 640.000000
19 0.142276 0.578917 0.117307 0.506212 0.167244 0.651622 480.000000 640.000000
23 0.888399 0.560588 0.868402 0.500853 0.908395 0.620324 480.000000 640.000000
25 0.730594 0.438629 0.712369 0.382826 0.748819 0.494432 480.000000 640.000000
29 0.286135 0.444459 0.271069 0.383992 0.301200 0.504926 480.000000 640.000000
30 0.030834 0.608654 0.005593 0.535010 0.056074 0.682298 480.000000 640.000000
21 0.279893 0.555233 0.265863 0.497886 0.293923 0.612579 480.000000 640.000000
24 0.167425 0.460811 0.150755 0.400285 0.184095 0.521337 480.000000 640.000000
38 0.112425 0.431729 0.097656 0.381785 0.127194 0.481673 480.000000 640.000000
14 0.223176 0.649835 0.196509 0.561831 0.249843 0.737839 480.000000 640.000000
41 0.888021 0.470833 0.869792 0.428125 0.906250 0.513542 480.000000 640.000000
8 0.391739 0.459477 0.370559 0.397642 0.412920 0.521311 480.000000 640.000000
20 0.418962 0.468899 0.405813 0.408481 0.432111 0.529317 480.000000 640.000000
3 0.202844 0.447909 0.176858 0.389604 0.228831 0.506215 480.000000 640.000000
34 0.652938 0.466928 0.633130 0.409320 0.672746 0.524535 480.000000 640.000000
