1 0.504689 0.603366 0.482559 0.539005 0.526818 0.667727 480.000000 640.000000
2 0.296977 0.616419 0.266729 0.549416 0.327225 0.683422 480.000000 640.000000
4 0.844706 0.602618 0.819609 0.538550 0.869803 0.666685 480.000000 640.000000
5 0.782612 0.577121 0.763717 0.515120 0.801507 0.639121 480.000000 640.000000
6 0.624706 0.644881 0.599519 0.566229 0.649893 0.723533 480.000000 640.000000
7 0.441139 0.643025 0.420773 0.569362 0.461504 0.716688 480.000000 640.000000
9 0.696814 0.528388 0.673735 0.467223 0.719893 0.589553 480.000000 640.000000
10 0.992835 0.614967 0.985695 0.557897 0.999974 0.672037 480.000000 640.000000
11 0.115965 0.530107 0.092456 0.464957 0.139475 0.595257 480.000000 640.000000
12 0.402126 0.564395 0.386441 0.510029 0.417810 0.618761 480.000000 640.000000
15 0.964194 0.522205 0.943559 0.464265 0.984829 0.580145 480.000000 640.000000
16 0.564685 0.442217 0.550594 0.381946 0.578777 0.502488 480.000000 640.000000
18 0.444117 0.480333 0.421572 0.409270 0.466661 0.551396 480.000000 640.000000
19 0.131636 0.581206 0.101649 0.503317 0.161622 0.659095 480.000000 640.000000
23 0.884106 0.558991 0.864023 0.499343 0.904189 0.618638 480.000000 640.000000
25 0.721727 0.442302 0.706163 0.380792 0.737291 0.503811 480.000000 640.000000
29 0.294107 0.445042 0.278163 0.386015 0.310051 0.504069 480.000000 640.000000
30 0.024772 0.609332 0.000931 0.535650 0.048613 0.683014 480.000000 640.000000
21 0.272976 0.554694 0.258541 0.499263 0.287412 0.610124 480.000000 640.000000
34 0.657413 0.465262 0.638039 0.411189 0.676787 0.519336 480.000000 640.000000
36 0.656015 0.483759 0.636390 0.410930 0.675639 0.556588 480.000000 640.000000
24 0.157769 0.461337 0.145602 0.399877 0.169935 0.522796 480.000000 640.000000
38 0.121826 0.432321 0.104033 0.385246 0.139619 0.479396 480.000000 640.000000
14 0.216338 0.649083 0.194994 0.562985 0.237682 0.735180 480.000000 640.000000
40 0.210021 0.432593 0.196840 0.390266 0.223203 0.474919 480.000000 640.000000
