1 0.593998 0.600860 0.567070 0.536409 0.620925 0.665312 480.000000 640.000000
2 0.373950 0.614340 0.352910 0.546846 0.394990 0.681833 480.000000 640.000000
4 0.913867 0.604611 0.890766 0.539834 0.936969 0.669388 480.000000 640.000000
5 0.853726 0.580764 0.835064 0.517870 0.872387 0.643659 480.000000 640.000000
6 0.681268 0.646668 0.661421 0.564853 0.701115 0.728482 480.000000 640.000000
7 0.503249 0.643126 0.474371 0.571784 0.532128 0.714468 480.000000 640.000000
9 0.758579 0.528979 0.734897 0.468662 0.782260 0.589296 480.000000 640.000000
19 0.189431 0.572493 0.162701 0.485268 0.216161 0.659718 480.000000 640.000000
23 0.942042 0.561466 0.926683 0.500686 0.957401 0.622245 480.000000 640.000000
30 0.085969 0.601899 0.064108 0.537881 0.107830 0.665917 480.000000 640.000000
21 0.335323 0.559778 0.320618 0.497248 0.350027 0.622308 480.000000 640.000000
24 0.220819 0.460722 0.200639 0.390325 0.240999 0.531119 480.000000 640.000000
41 0.957691 0.489532 0.930897 0.423237 0.984485 0.555827 480.000000 640.000000
8 0.323770 0.456139 0.310167 0.401305 0.337373 0.510972 480.000000 640.000000
20 0.469665 0.477157 0.452319 0.411130 0.487012 0.543184 480.000000 640.000000
34 0.612557 0.466141 0.596796 0.409425 0.628318 0.522858 480.000000 640.000000
22 0.033259 0.493346 0.016773 0.420290 0.049746 0.566402 480.000000 640.000000
35 0.272782 0.652695 0.243942 0.569426 0.301621 0.735965 480.000000 640.000000
18 0.502290 0.469730 0.483523 0.406006 0.521058 0.533454 480.000000 640.000000
14 0.265826 0.663412 0.243559 0.589555 0.288093 0.737268 480.000000 640.000000
52 0.635304 0.445875 0.624633 0.385576 0.645975 0.506174 480.000000 640.000000
3 0.132654 0.450995 0.111994 0.392238 0.153314 0.509753 480.000000 640.000000
38 0.049445 0.440269 0.032545 0.385985 0.066344 0.494552 480.000000 640.000000
