1 0.834422 0.609518 0.820250 0.533718 0.848593 0.685318 480.000000 640.000000
2 0.575128 0.608325 0.549237 0.541453 0.601019 0.675196 480.000000 640.000000
6 0.848955 0.638265 0.828002 0.558456 0.869908 0.718073 480.000000 640.000000
7 0.665068 0.641031 0.634887 0.569712 0.695248 0.712350 480.000000 640.000000
9 0.939964 0.531543 0.916137 0.467460 0.963792 0.595626 480.000000 640.000000
30 0.259775 0.600709 0.235211 0.532658 0.284339 0.668761 480.000000 640.000000
21 0.515330 0.561438 0.493909 0.504962 0.536751 0.617915 480.000000 640.000000
16 0.832717 0.447455 0.815441 0.383544 0.849992 0.511366 480.000000 640.000000
58 0.181320 0.651008 0.157635 0.587328 0.205004 0.714688 480.000000 640.000000
35 0.442735 0.653462 0.421286 0.565952 0.464184 0.740972 480.000000 640.000000
72 0.081382 0.472124 0.058336 0.418513 0.104428 0.525735 480.000000 640.000000
74 0.119711 0.595980 0.101148 0.531985 0.138274 0.659975 480.000000 640.000000
34 0.489881 0.456693 0.471258 0.399523 0.508504 0.513863 480.000000 640.000000
54 0.694479 0.563942 0.676116 0.503841 0.712841 0.624043 480.000000 640.000000
19 0.371421 0.592762 0.347269 0.523399 0.395572 0.662126 480.000000 640.000000
82 0.053149 0.531490 0.029096 0.473318 0.077202 0.589661 480.000000 640.000000
68 0.202514 0.550834 0.182842 0.485192 0.222185 0.616476 480.000000 640.000000
20 0.660360 0.490726 0.632481 0.414759 0.688240 0.566693 480.000000 640.000000
25 0.963791 0.440805 0.948103 0.379317 0.979479 0.502294 480.000000 640.000000
88 0.378735 0.465404 0.364451 0.403839 0.393018 0.526969 480.000000 640.000000
62 0.014277 0.439167 -0.000960 0.389897 0.029515 0.488437 480.000000 640.000000
93 0.022834 0.603940 0.000704 0.538523 0.044965 0.669357 480.000000 640.000000
83 0.669982 0.503929 0.650093 0.443605 0.689872 0.564254 480.000000 640.000000
