1 0.790701 0.600112 0.775898 0.533816 0.805504 0.666407 480.000000 640.000000
2 0.541141 0.609420 0.523251 0.542647 0.559030 0.676193 480.000000 640.000000
6 0.819398 0.641765 0.794876 0.564808 0.843920 0.718721 480.000000 640.000000
7 0.632187 0.641114 0.608481 0.566316 0.655893 0.715912 480.000000 640.000000
9 0.910747 0.530859 0.891435 0.466197 0.930059 0.595521 480.000000 640.000000
30 0.229357 0.603443 0.208976 0.535670 0.249738 0.671216 480.000000 640.000000
21 0.484122 0.561094 0.462754 0.504618 0.505490 0.617569 480.000000 640.000000
16 0.800869 0.451265 0.780579 0.388504 0.821158 0.514025 480.000000 640.000000
58 0.147480 0.653143 0.119461 0.591020 0.175499 0.715267 480.000000 640.000000
35 0.408985 0.653784 0.384886 0.568843 0.433083 0.738725 480.000000 640.000000
72 0.121015 0.464861 0.097374 0.404056 0.144656 0.525667 480.000000 640.000000
74 0.083837 0.596195 0.068871 0.531957 0.098803 0.660432 480.000000 640.000000
20 0.628015 0.483254 0.598853 0.406909 0.657176 0.559599 480.000000 640.000000
34 0.512645 0.459574 0.497574 0.401885 0.527716 0.517263 480.000000 640.000000
54 0.660562 0.563573 0.641550 0.501938 0.679573 0.625207 480.000000 640.000000
19 0.346486 0.551730 0.319361 0.440593 0.373611 0.662867 480.000000 640.000000
25 0.934877 0.445197 0.916870 0.383085 0.952883 0.507309 480.000000 640.000000
82 0.025845 0.530001 0.006659 0.469646 0.045031 0.590355 480.000000 640.000000
62 0.054757 0.447685 0.034194 0.387955 0.075319 0.507415 480.000000 640.000000
68 0.162940 0.553599 0.138721 0.486516 0.187158 0.620682 480.000000 640.000000
