2 0.600501 0.606331 0.579584 0.538662 0.621418 0.674000 480.000000 640.000000
6 0.856768 0.625033 0.830562 0.536096 0.882974 0.713970 480.000000 640.000000
7 0.677699 0.640930 0.658556 0.567675 0.696841 0.714186 480.000000 640.000000
9 0.957353 0.532861 0.932877 0.470122 0.981829 0.595599 480.000000 640.000000
30 0.277077 0.599348 0.256020 0.528125 0.298134 0.670571 480.000000 640.000000
21 0.530945 0.561473 0.517123 0.504320 0.544767 0.618627 480.000000 640.000000
16 0.846944 0.452232 0.826320 0.391587 0.867568 0.512878 480.000000 640.000000
58 0.197614 0.649701 0.176037 0.581706 0.219190 0.717696 480.000000 640.000000
35 0.461592 0.651899 0.432794 0.564532 0.490391 0.739265 480.000000 640.000000
72 0.049911 0.470385 0.033126 0.405879 0.066696 0.534892 480.000000 640.000000
74 0.145430 0.594921 0.123536 0.529820 0.167324 0.660022 480.000000 640.000000
34 0.480448 0.457683 0.464327 0.399433 0.496569 0.515933 480.000000 640.000000
54 0.715071 0.564255 0.699184 0.505132 0.730958 0.623379 480.000000 640.000000
19 0.389665 0.594799 0.367798 0.526643 0.411533 0.662954 480.000000 640.000000
82 0.065053 0.529836 0.049094 0.471893 0.081012 0.587780 480.000000 640.000000
68 0.231568 0.548407 0.207077 0.482948 0.256058 0.613866 480.000000 640.000000
25 0.981822 0.439526 0.963417 0.376141 1.000226 0.502912 480.000000 640.000000
62 0.004938 0.456815 -0.000123 0.404866 0.009998 0.508763 480.000000 640.000000
93 0.033992 0.646212 0.014088 0.571328 0.053895 0.721097 480.000000 640.000000
94 0.034960 0.636980 0.013600 0.546705 0.056319 0.727254 480.000000 640.000000
96 0.394169 0.522881 0.367996 0.460910 0.420343 0.584851 480.000000 640.000000
20 0.679157 0.482171 0.649655 0.400688 0.708659 0.563654 480.000000 640.000000
