1 0.441054 0.603621 0.418190 0.540276 0.463919 0.666967 480.000000 640.000000
2 0.247114 0.618733 0.215171 0.552144 0.279058 0.685322 480.000000 640.000000
3 0.257428 0.448971 0.238665 0.390141 0.276191 0.507800 480.000000 640.000000
4 0.800952 0.599276 0.776045 0.536229 0.825858 0.662322 480.000000 640.000000
5 0.731938 0.573965 0.713502 0.512584 0.750374 0.635346 480.000000 640.000000
6 0.584776 0.648155 0.562114 0.571158 0.607438 0.725151 480.000000 640.000000
7 0.400997 0.642619 0.380275 0.571273 0.421719 0.713964 480.000000 640.000000
8 0.462492 0.464592 0.448361 0.409266 0.476623 0.519919 480.000000 640.000000
9 0.654903 0.526211 0.636705 0.466298 0.673102 0.586124 480.000000 640.000000
10 0.962491 0.606583 0.937762 0.505864 0.987221 0.707303 480.000000 640.000000
11 0.059071 0.529244 0.042639 0.466141 0.075503 0.592346 480.000000 640.000000
12 0.352685 0.555002 0.327052 0.491122 0.378317 0.618883 480.000000 640.000000
13 0.163800 0.442264 0.144348 0.383222 0.183251 0.501306 480.000000 640.000000
14 0.172937 0.652834 0.153907 0.567969 0.191967 0.737700 480.000000 640.000000
15 0.924422 0.522736 0.900803 0.465592 0.948041 0.579879 480.000000 640.000000
16 0.515106 0.440742 0.501734 0.381008 0.528477 0.500476 480.000000 640.000000
18 0.396929 0.475714 0.376575 0.399728 0.417283 0.551701 480.000000 640.000000
19 0.085664 0.582125 0.058950 0.503245 0.112378 0.661005 480.000000 640.000000
20 0.365464 0.469744 0.347972 0.407156 0.382956 0.532333 480.000000 640.000000
21 0.225598 0.557223 0.210148 0.500282 0.241048 0.614163 480.000000 640.000000
22 0.183866 0.503665 0.163842 0.439658 0.203890 0.567672 480.000000 640.000000
23 0.835495 0.552509 0.814652 0.486461 0.856337 0.618557 480.000000 640.000000
24 0.113772 0.459168 0.099059 0.398894 0.128485 0.519442 480.000000 640.000000
25 0.684694 0.468904 0.660410 0.379043 0.708978 0.558766 480.000000 640.000000
27 0.336198 0.448264 0.319792 0.390625 0.352604 0.505903 480.000000 640.000000
