1 0.697914 0.596301 0.682848 0.534017 0.712980 0.658586 480.000000 640.000000
2 0.470228 0.613731 0.446538 0.545613 0.493917 0.681850 480.000000 640.000000
4 0.984335 0.612232 0.968204 0.556164 1.000465 0.668299 480.000000 640.000000
5 0.943351 0.583792 0.920273 0.519520 0.966429 0.648064 480.000000 640.000000
6 0.757984 0.643339 0.732677 0.564172 0.783292 0.722506 480.000000 640.000000
7 0.577962 0.636404 0.552613 0.556556 0.603312 0.716252 480.000000 640.000000
9 0.839880 0.528202 0.819118 0.464438 0.860642 0.591965 480.000000 640.000000
19 0.273593 0.589650 0.251071 0.517505 0.296115 0.661795 480.000000 640.000000
30 0.163404 0.580806 0.144468 0.533650 0.182340 0.627962 480.000000 640.000000
21 0.418786 0.560193 0.399926 0.503168 0.437646 0.617217 480.000000 640.000000
3 0.036838 0.457559 0.018484 0.399298 0.055193 0.515820 480.000000 640.000000
16 0.728320 0.450817 0.705794 0.390170 0.750846 0.511465 480.000000 640.000000
62 0.127360 0.446768 0.106057 0.388042 0.148664 0.505493 480.000000 640.000000
58 0.066454 0.600584 0.034766 0.488376 0.098143 0.712793 480.000000 640.000000
35 0.357451 0.649684 0.327265 0.569477 0.387636 0.729891 480.000000 640.000000
14 0.346184 0.654423 0.326969 0.574666 0.365400 0.734181 480.000000 640.000000
20 0.554259 0.476904 0.528586 0.401285 0.579932 0.552523 480.000000 640.000000
8 0.292047 0.468807 0.274384 0.404522 0.309710 0.533092 480.000000 640.000000
72 0.215981 0.459296 0.189766 0.400103 0.242196 0.518488 480.000000 640.000000
73 0.066417 0.635351 0.035421 0.557919 0.097413 0.712783 480.000000 640.000000
68 0.057688 0.553677 0.037094 0.489544 0.078281 0.617809 480.000000 640.000000
74 0.010824 0.596875 0.000000 0.535764 0.021647 0.657986 480.000000 640.000000
