1 0.603998 0.601618 0.572937 0.538569 0.635059 0.664667 480.000000 640.000000
2 0.387382 0.616000 0.357331 0.549802 0.417433 0.682198 480.000000 640.000000
4 0.920662 0.604864 0.896125 0.541132 0.945199 0.668596 480.000000 640.000000
5 0.867059 0.581836 0.843210 0.519452 0.890908 0.644220 480.000000 640.000000
6 0.689870 0.646728 0.665441 0.563832 0.714298 0.729623 480.000000 640.000000
7 0.509816 0.640181 0.481512 0.563591 0.538120 0.716770 480.000000 640.000000
9 0.769509 0.534665 0.744230 0.480387 0.794788 0.588942 480.000000 640.000000
19 0.198511 0.571511 0.172913 0.483342 0.224108 0.659681 480.000000 640.000000
23 0.951772 0.565744 0.936656 0.507176 0.966888 0.624313 480.000000 640.000000
30 0.097475 0.606303 0.074498 0.535899 0.120451 0.676707 480.000000 640.000000
21 0.346773 0.556184 0.333050 0.499475 0.360496 0.612892 480.000000 640.000000
41 0.971285 0.493785 0.951139 0.431719 0.991431 0.555851 480.000000 640.000000
8 0.307663 0.463779 0.281375 0.411274 0.333952 0.516283 480.000000 640.000000
20 0.477984 0.480176 0.457402 0.413136 0.498567 0.547217 480.000000 640.000000
34 0.603531 0.466410 0.584906 0.409003 0.622155 0.523817 480.000000 640.000000
22 0.018338 0.499547 -0.001532 0.434052 0.038208 0.565042 480.000000 640.000000
35 0.287228 0.638352 0.264475 0.565842 0.309981 0.710862 480.000000 640.000000
18 0.505141 0.482604 0.487476 0.413049 0.522806 0.552159 480.000000 640.000000
3 0.125611 0.451894 0.097102 0.391595 0.154120 0.512194 480.000000 640.000000
38 0.040267 0.440909 0.025341 0.383660 0.055192 0.498158 480.000000 640.000000
24 0.218729 0.458036 0.197426 0.386970 0.240032 0.529102 480.000000 640.000000
16 0.647803 0.446410 0.630199 0.386495 0.665407 0.506325 480.000000 640.000000
54 0.495511 0.565445 0.480127 0.514137 0.510895 0.616754 480.000000 640.000000
56 0.961458 0.495139 0.933333 0.434028 0.989583 0.556250 480.000000 640.000000
