1 0.831274 0.603114 0.817647 0.533498 0.844900 0.672730 480.000000 640.000000
2 0.573042 0.609197 0.544724 0.542562 0.601360 0.675833 480.000000 640.000000
6 0.845540 0.637440 0.825289 0.557115 0.865791 0.717765 480.000000 640.000000
7 0.664448 0.640472 0.634846 0.568598 0.694050 0.712347 480.000000 640.000000
9 0.936463 0.532088 0.911880 0.468285 0.961046 0.595890 480.000000 640.000000
30 0.258356 0.600390 0.233398 0.532363 0.283314 0.668417 480.000000 640.000000
21 0.514033 0.560766 0.493839 0.503774 0.534228 0.617758 480.000000 640.000000
16 0.829298 0.446263 0.813693 0.382488 0.844902 0.510037 480.000000 640.000000
58 0.177541 0.650459 0.155313 0.585977 0.199769 0.714941 480.000000 640.000000
35 0.440298 0.652727 0.420393 0.566377 0.460204 0.739077 480.000000 640.000000
72 0.084043 0.472663 0.058791 0.419432 0.109294 0.525894 480.000000 640.000000
74 0.116713 0.596068 0.096699 0.533027 0.136727 0.659108 480.000000 640.000000
34 0.492450 0.457073 0.474707 0.399466 0.510192 0.514679 480.000000 640.000000
54 0.691730 0.564862 0.674919 0.503507 0.708540 0.626216 480.000000 640.000000
19 0.370037 0.593985 0.343315 0.524995 0.396759 0.662975 480.000000 640.000000
82 0.052007 0.531966 0.026917 0.474178 0.077096 0.589755 480.000000 640.000000
68 0.198791 0.550840 0.179887 0.485216 0.217695 0.616465 480.000000 640.000000
20 0.653195 0.495996 0.623219 0.423112 0.683171 0.568880 480.000000 640.000000
25 0.961248 0.441678 0.944019 0.381459 0.978478 0.501897 480.000000 640.000000
88 0.375449 0.453960 0.363081 0.404125 0.387818 0.503796 480.000000 640.000000
62 0.017251 0.448732 -0.000616 0.388404 0.035118 0.509060 480.000000 640.000000
93 0.021164 0.600534 0.000814 0.538179 0.041513 0.662889 480.000000 640.000000
83 0.669232 0.500853 0.651212 0.438930 0.687253 0.562777 480.000000 640.000000
