1 0.475340 0.603762 0.449564 0.539976 0.501116 0.667548 480.000000 640.000000
2 0.280946 0.616084 0.262783 0.548516 0.299108 0.683652 480.000000 640.000000
4 0.830879 0.597931 0.814495 0.533524 0.847263 0.662337 480.000000 640.000000
5 0.759671 0.578512 0.733724 0.516376 0.785618 0.640649 480.000000 640.000000
6 0.605074 0.643397 0.589025 0.565466 0.621122 0.721328 480.000000 640.000000
7 0.430619 0.643486 0.399628 0.571215 0.461609 0.715757 480.000000 640.000000
9 0.677627 0.532806 0.662956 0.477910 0.692299 0.587703 480.000000 640.000000
10 0.975185 0.604329 0.949857 0.529212 1.000514 0.679446 480.000000 640.000000
11 0.087129 0.532836 0.069374 0.468276 0.104885 0.597396 480.000000 640.000000
12 0.385695 0.559903 0.364889 0.501489 0.406502 0.618316 480.000000 640.000000
14 0.195080 0.652999 0.173311 0.570563 0.216849 0.735435 480.000000 640.000000
15 0.953158 0.520941 0.930939 0.462072 0.975377 0.579810 480.000000 640.000000
16 0.543661 0.445533 0.521901 0.385678 0.565421 0.505389 480.000000 640.000000
18 0.424629 0.475552 0.403997 0.400413 0.445261 0.550691 480.000000 640.000000
19 0.112669 0.588375 0.093834 0.518209 0.131505 0.658542 480.000000 640.000000
20 0.390391 0.466586 0.373671 0.405793 0.407110 0.527379 480.000000 640.000000
22 0.143909 0.487856 0.113745 0.406930 0.174072 0.568782 480.000000 640.000000
23 0.862525 0.558742 0.839624 0.498872 0.885427 0.618612 480.000000 640.000000
25 0.707374 0.444076 0.692938 0.381667 0.721810 0.506484 480.000000 640.000000
29 0.309933 0.445527 0.290798 0.387979 0.329069 0.503076 480.000000 640.000000
30 0.014784 0.605017 0.000124 0.539330 0.029445 0.670705 480.000000 640.000000
21 0.255224 0.554513 0.240358 0.499374 0.270089 0.609651 480.000000 640.000000
34 0.672613 0.457947 0.655340 0.410521 0.689887 0.505373 480.000000 640.000000
35 0.202624 0.649100 0.173865 0.567537 0.231382 0.730663 480.000000 640.000000
36 0.673438 0.499306 0.655208 0.411111 0.691667 0.587500 480.000000 640.000000
