1 0.540607 0.601560 0.515007 0.537858 0.566208 0.665263 480.000000 640.000000
2 0.330768 0.614088 0.308010 0.545700 0.353526 0.682476 480.000000 640.000000
4 0.873841 0.602903 0.851051 0.538606 0.896631 0.667200 480.000000 640.000000
5 0.810122 0.576397 0.792130 0.514469 0.828113 0.638325 480.000000 640.000000
6 0.644955 0.647731 0.626762 0.566818 0.663147 0.728644 480.000000 640.000000
7 0.469294 0.644285 0.441740 0.572713 0.496847 0.715857 480.000000 640.000000
9 0.717088 0.526827 0.692436 0.465929 0.741739 0.587725 480.000000 640.000000
11 0.137354 0.514183 0.120546 0.468895 0.154163 0.559472 480.000000 640.000000
12 0.429267 0.570721 0.407930 0.522345 0.450605 0.619096 480.000000 640.000000
15 0.984871 0.508852 0.968706 0.438763 1.001036 0.578940 480.000000 640.000000
16 0.590068 0.441302 0.576351 0.382559 0.603785 0.500045 480.000000 640.000000
18 0.463649 0.474435 0.445509 0.400502 0.481789 0.548368 480.000000 640.000000
19 0.152259 0.589836 0.126171 0.519699 0.178347 0.659973 480.000000 640.000000
23 0.907433 0.528576 0.885281 0.436787 0.929584 0.620365 480.000000 640.000000
25 0.747926 0.441102 0.732338 0.379879 0.763515 0.502326 480.000000 640.000000
29 0.266706 0.446336 0.243895 0.385334 0.289517 0.507338 480.000000 640.000000
30 0.047706 0.605798 0.022893 0.538307 0.072519 0.673289 480.000000 640.000000
21 0.295446 0.554945 0.279506 0.499495 0.311385 0.610394 480.000000 640.000000
24 0.178207 0.457093 0.153470 0.388000 0.202945 0.526186 480.000000 640.000000
14 0.228407 0.682919 0.210660 0.628774 0.246154 0.737064 480.000000 640.000000
41 0.911210 0.491621 0.889310 0.429120 0.933110 0.554122 480.000000 640.000000
8 0.374210 0.464560 0.361493 0.412499 0.386927 0.516620 480.000000 640.000000
20 0.432223 0.477470 0.415701 0.409151 0.448744 0.545788 480.000000 640.000000
34 0.641903 0.465529 0.625529 0.408910 0.658277 0.522148 480.000000 640.000000
22 0.085621 0.503983 0.068871 0.442084 0.102371 0.565883 480.000000 640.000000
35 0.241464 0.652122 0.211565 0.568331 0.271364 0.735912 480.000000 640.000000
38 0.097798 0.436511 0.083385 0.381043 0.112212 0.491980 480.000000 640.000000
