1 0.688547 0.597620 0.665067 0.534273 0.712027 0.660966 480.000000 640.000000
2 0.459368 0.613489 0.441351 0.544973 0.477385 0.682005 480.000000 640.000000
4 0.981714 0.602491 0.962699 0.536372 1.000729 0.668609 480.000000 640.000000
5 0.935513 0.583381 0.917096 0.518919 0.953931 0.647842 480.000000 640.000000
6 0.749805 0.643759 0.722618 0.565999 0.776993 0.721518 480.000000 640.000000
7 0.564073 0.636553 0.541046 0.556369 0.587099 0.716737 480.000000 640.000000
9 0.830339 0.527434 0.814678 0.463742 0.845999 0.591126 480.000000 640.000000
19 0.268054 0.593732 0.246934 0.524134 0.289173 0.663331 480.000000 640.000000
30 0.157938 0.597970 0.138337 0.534679 0.177538 0.661261 480.000000 640.000000
21 0.411716 0.559312 0.396061 0.501394 0.427370 0.617231 480.000000 640.000000
3 0.046953 0.454177 0.028426 0.392525 0.065480 0.515829 480.000000 640.000000
16 0.720112 0.451684 0.704233 0.390525 0.735990 0.512843 480.000000 640.000000
25 0.860624 0.447254 0.844361 0.388461 0.876887 0.506048 480.000000 640.000000
62 0.135060 0.446127 0.118179 0.386129 0.151941 0.506125 480.000000 640.000000
58 0.060887 0.606955 0.030117 0.501119 0.091657 0.712791 480.000000 640.000000
35 0.348965 0.648653 0.319977 0.568788 0.377952 0.728519 480.000000 640.000000
14 0.339065 0.656081 0.314459 0.575488 0.363670 0.736674 480.000000 640.000000
20 0.542932 0.482792 0.524195 0.414971 0.561670 0.550613 480.000000 640.000000
8 0.284728 0.468890 0.263534 0.405023 0.305922 0.532756 480.000000 640.000000
72 0.221526 0.459800 0.195662 0.401830 0.247389 0.517770 480.000000 640.000000
73 0.062728 0.638889 0.032878 0.565278 0.092578 0.712500 480.000000 640.000000
