1 0.844252 0.614662 0.826668 0.536609 0.861837 0.692715 480.000000 640.000000
2 0.587304 0.605623 0.571122 0.538555 0.603486 0.672691 480.000000 640.000000
6 0.855662 0.639917 0.831214 0.561284 0.880109 0.718551 480.000000 640.000000
7 0.669578 0.641477 0.643164 0.569888 0.695992 0.713066 480.000000 640.000000
9 0.951139 0.532019 0.929533 0.468263 0.972744 0.595775 480.000000 640.000000
30 0.268245 0.595078 0.248173 0.528200 0.288318 0.661955 480.000000 640.000000
21 0.520055 0.562174 0.500017 0.505274 0.540094 0.619074 480.000000 640.000000
16 0.839430 0.451030 0.816465 0.392051 0.862395 0.510009 480.000000 640.000000
58 0.189117 0.655269 0.163184 0.593787 0.215050 0.716751 480.000000 640.000000
35 0.448354 0.652664 0.422852 0.563133 0.473857 0.742196 480.000000 640.000000
72 0.061763 0.456757 0.046480 0.400371 0.077047 0.513143 480.000000 640.000000
74 0.131061 0.594627 0.115541 0.527640 0.146581 0.661613 480.000000 640.000000
34 0.484587 0.456595 0.464872 0.400307 0.504302 0.512883 480.000000 640.000000
54 0.704128 0.564979 0.681469 0.506663 0.726787 0.623295 480.000000 640.000000
19 0.379424 0.592677 0.359246 0.526423 0.399602 0.658931 480.000000 640.000000
82 0.060057 0.534965 0.041731 0.479648 0.078383 0.590281 480.000000 640.000000
68 0.219261 0.547932 0.193200 0.483907 0.245321 0.611957 480.000000 640.000000
25 0.975220 0.439530 0.956889 0.373900 0.993551 0.505159 480.000000 640.000000
62 0.012952 0.450909 -0.000558 0.391729 0.026461 0.510089 480.000000 640.000000
93 0.032320 0.597970 0.013080 0.537519 0.051561 0.658422 480.000000 640.000000
94 0.024482 0.664447 0.000448 0.601729 0.048515 0.727166 480.000000 640.000000
