1 0.625045 0.599675 0.608063 0.535643 0.642028 0.663707 480.000000 640.000000
2 0.403279 0.611579 0.385843 0.545048 0.420715 0.678110 480.000000 640.000000
4 0.942865 0.604827 0.925268 0.541402 0.960462 0.668252 480.000000 640.000000
5 0.884390 0.581966 0.865090 0.519629 0.903691 0.644302 480.000000 640.000000
6 0.703328 0.646570 0.676147 0.568875 0.730509 0.724265 480.000000 640.000000
7 0.523202 0.643186 0.498343 0.568910 0.548061 0.717462 480.000000 640.000000
9 0.784376 0.526413 0.765532 0.466158 0.803219 0.586669 480.000000 640.000000
19 0.221262 0.572472 0.194486 0.483473 0.248038 0.661471 480.000000 640.000000
23 0.972904 0.569205 0.953022 0.509660 0.992786 0.628749 480.000000 640.000000
30 0.114401 0.610050 0.088683 0.538653 0.140120 0.681448 480.000000 640.000000
21 0.362663 0.557455 0.343359 0.500286 0.381966 0.614624 480.000000 640.000000
41 0.982435 0.486820 0.964400 0.424469 1.000470 0.549171 480.000000 640.000000
8 0.287764 0.459361 0.273341 0.402592 0.302186 0.516130 480.000000 640.000000
34 0.594711 0.462530 0.578740 0.407123 0.610682 0.517937 480.000000 640.000000
3 0.106915 0.454282 0.092909 0.394301 0.120921 0.514263 480.000000 640.000000
38 0.023565 0.441999 0.005378 0.385143 0.041753 0.498856 480.000000 640.000000
16 0.665195 0.444616 0.650496 0.384836 0.679893 0.504397 480.000000 640.000000
14 0.298031 0.650788 0.272761 0.564217 0.323301 0.737358 480.000000 640.000000
25 0.816088 0.445429 0.798363 0.389312 0.833812 0.501546 480.000000 640.000000
59 0.245412 0.473796 0.223822 0.423528 0.267003 0.524065 480.000000 640.000000
60 0.534439 0.471617 0.512565 0.404949 0.556312 0.538285 480.000000 640.000000
61 0.500293 0.481174 0.481641 0.410946 0.518946 0.551401 480.000000 640.000000
62 0.187852 0.444344 0.173015 0.387641 0.202689 0.501046 480.000000 640.000000
58 0.009392 0.644839 0.000150 0.581815 0.018634 0.707863 480.000000 640.000000
64 0.006437 0.545139 0.000000 0.527083 0.012874 0.563194 480.000000 640.000000
20 0.509826 0.488134 0.481007 0.411604 0.538645 0.564665 480.000000 640.000000
35 0.304113 0.641218 0.281509 0.562909 0.326718 0.719527 480.000000 640.000000
