1 0.597996 0.601172 0.569896 0.537812 0.626097 0.664533 480.000000 640.000000
2 0.382029 0.615041 0.355895 0.548611 0.408163 0.681470 480.000000 640.000000
4 0.919658 0.604768 0.897501 0.541364 0.941816 0.668172 480.000000 640.000000
5 0.858427 0.580686 0.840327 0.517096 0.876527 0.644276 480.000000 640.000000
6 0.687075 0.645844 0.663873 0.562938 0.710276 0.728750 480.000000 640.000000
7 0.506962 0.642978 0.478297 0.571175 0.535626 0.714781 480.000000 640.000000
9 0.763295 0.527119 0.744807 0.466765 0.781782 0.587473 480.000000 640.000000
19 0.191535 0.580244 0.165555 0.500613 0.217515 0.659875 480.000000 640.000000
23 0.945347 0.550349 0.929482 0.503351 0.961213 0.597346 480.000000 640.000000
30 0.088125 0.589333 0.068698 0.537248 0.107551 0.641418 480.000000 640.000000
21 0.340118 0.556701 0.327682 0.499771 0.352554 0.613632 480.000000 640.000000
41 0.964940 0.490772 0.939897 0.424892 0.989982 0.556653 480.000000 640.000000
8 0.314483 0.458657 0.294411 0.401833 0.334554 0.515482 480.000000 640.000000
20 0.473499 0.478777 0.455285 0.411452 0.491713 0.546103 480.000000 640.000000
34 0.607113 0.466775 0.589622 0.410338 0.624603 0.523212 480.000000 640.000000
22 0.022874 0.498741 0.005813 0.431034 0.039935 0.566447 480.000000 640.000000
35 0.282051 0.646184 0.255294 0.568083 0.308808 0.724286 480.000000 640.000000
18 0.503324 0.471197 0.485750 0.403545 0.520898 0.538849 480.000000 640.000000
14 0.271768 0.655346 0.252972 0.574770 0.290564 0.735921 480.000000 640.000000
52 0.638209 0.446343 0.626467 0.386511 0.649951 0.506176 480.000000 640.000000
3 0.129378 0.450992 0.105518 0.391861 0.153238 0.510123 480.000000 640.000000
38 0.044723 0.441203 0.030332 0.386345 0.059115 0.496061 480.000000 640.000000
54 0.484812 0.561992 0.472096 0.513654 0.497529 0.610329 480.000000 640.000000
24 0.222224 0.460202 0.203948 0.389275 0.240501 0.531128 480.000000 640.000000
