2 0.616116 0.607783 0.584338 0.542925 0.647894 0.672641 480.000000 640.000000
6 0.879868 0.625581 0.857726 0.534851 0.902010 0.716311 480.000000 640.000000
7 0.697465 0.645002 0.670692 0.575906 0.724237 0.714097 480.000000 640.000000
9 0.972228 0.533069 0.947097 0.470004 0.997360 0.596135 480.000000 640.000000
30 0.290914 0.598585 0.267392 0.527787 0.314437 0.669382 480.000000 640.000000
21 0.547079 0.562152 0.526135 0.506056 0.568023 0.618248 480.000000 640.000000
16 0.867861 0.450336 0.852832 0.390329 0.882889 0.510344 480.000000 640.000000
35 0.483439 0.641625 0.459329 0.565705 0.507550 0.717544 480.000000 640.000000
72 0.030055 0.478288 0.005710 0.423071 0.054400 0.533505 480.000000 640.000000
74 0.158124 0.593108 0.135295 0.526776 0.180953 0.659440 480.000000 640.000000
34 0.471210 0.455867 0.456815 0.398947 0.485606 0.512787 480.000000 640.000000
54 0.733794 0.566327 0.713452 0.504630 0.754136 0.628023 480.000000 640.000000
19 0.405227 0.592697 0.379682 0.521637 0.430771 0.663757 480.000000 640.000000
82 0.084998 0.529189 0.060362 0.472804 0.109634 0.585573 480.000000 640.000000
68 0.249229 0.548193 0.230132 0.482432 0.268325 0.613955 480.000000 640.000000
94 0.056938 0.652586 0.030908 0.577250 0.082968 0.727922 480.000000 640.000000
20 0.687936 0.490261 0.655453 0.416081 0.720419 0.564440 480.000000 640.000000
99 0.062920 0.593960 0.038712 0.537708 0.087127 0.650212 480.000000 640.000000
96 0.414132 0.531494 0.394333 0.454468 0.433930 0.608519 480.000000 640.000000
102 0.407057 0.446171 0.395990 0.404130 0.418124 0.488212 480.000000 640.000000
58 0.221973 0.652915 0.198039 0.588557 0.245906 0.717273 480.000000 640.000000
