1 0.730517 0.597273 0.708263 0.534752 0.752772 0.659794 480.000000 640.000000
2 0.492633 0.611271 0.473257 0.542363 0.512009 0.680178 480.000000 640.000000
5 0.969389 0.583705 0.951463 0.519556 0.987315 0.647853 480.000000 640.000000
6 0.775451 0.640323 0.750818 0.565740 0.800084 0.714906 480.000000 640.000000
7 0.594224 0.646945 0.571668 0.579173 0.616779 0.714718 480.000000 640.000000
9 0.862344 0.530327 0.845977 0.469126 0.878712 0.591529 480.000000 640.000000
19 0.299558 0.592035 0.273444 0.521729 0.325672 0.662340 480.000000 640.000000
30 0.191747 0.596888 0.167793 0.535995 0.215700 0.657782 480.000000 640.000000
21 0.442883 0.560026 0.429388 0.502244 0.456379 0.617807 480.000000 640.000000
3 0.014089 0.457495 -0.000436 0.397607 0.028614 0.517382 480.000000 640.000000
16 0.753116 0.450314 0.739271 0.389904 0.766962 0.510725 480.000000 640.000000
62 0.097498 0.445411 0.082480 0.385011 0.112517 0.505812 480.000000 640.000000
58 0.094732 0.633701 0.072595 0.553732 0.116870 0.713669 480.000000 640.000000
35 0.371023 0.651557 0.345951 0.565239 0.396095 0.737876 480.000000 640.000000
8 0.307280 0.470907 0.281799 0.404898 0.332761 0.536916 480.000000 640.000000
72 0.178276 0.459672 0.150445 0.399924 0.206106 0.519420 480.000000 640.000000
68 0.095673 0.544782 0.077906 0.487122 0.113440 0.602442 480.000000 640.000000
74 0.034102 0.601200 0.015457 0.535363 0.052748 0.667037 480.000000 640.000000
25 0.892956 0.442422 0.874432 0.381073 0.911480 0.503772 480.000000 640.000000
20 0.577239 0.484613 0.561181 0.414383 0.593297 0.554843 480.000000 640.000000
34 0.539689 0.460638 0.524173 0.403293 0.555205 0.517984 480.000000 640.000000
60 0.600047 0.508201 0.572973 0.414267 0.627121 0.602135 480.000000 640.000000
78 0.305729 0.532639 0.275521 0.404514 0.335938 0.660764 480.000000 640.000000
