1 0.837222 0.612616 0.822856 0.534465 0.851588 0.690767 480.000000 640.000000
2 0.577929 0.607526 0.555465 0.540108 0.600394 0.674943 480.000000 640.000000
6 0.851896 0.638215 0.829649 0.557816 0.874144 0.718614 480.000000 640.000000
7 0.665925 0.640894 0.635871 0.568987 0.695980 0.712801 480.000000 640.000000
9 0.943632 0.530866 0.921484 0.467368 0.965780 0.594365 480.000000 640.000000
30 0.263045 0.598298 0.240401 0.530700 0.285690 0.665896 480.000000 640.000000
21 0.516373 0.561672 0.494060 0.505158 0.538687 0.618187 480.000000 640.000000
16 0.835012 0.449281 0.816081 0.386698 0.853944 0.511864 480.000000 640.000000
58 0.185003 0.652571 0.159832 0.588723 0.210174 0.716419 480.000000 640.000000
35 0.443970 0.652130 0.421945 0.563518 0.465994 0.740743 480.000000 640.000000
72 0.075007 0.467230 0.051885 0.406942 0.098130 0.527518 480.000000 640.000000
74 0.122870 0.595249 0.106105 0.529754 0.139635 0.660744 480.000000 640.000000
34 0.488282 0.456543 0.468485 0.399539 0.508079 0.513547 480.000000 640.000000
54 0.697850 0.564507 0.677204 0.504888 0.718496 0.624126 480.000000 640.000000
19 0.373087 0.594172 0.351393 0.527235 0.394780 0.661110 480.000000 640.000000
82 0.054500 0.532197 0.030852 0.473884 0.078148 0.590510 480.000000 640.000000
68 0.207794 0.550596 0.186032 0.484031 0.229557 0.617161 480.000000 640.000000
20 0.665585 0.501061 0.635777 0.406227 0.695393 0.595896 480.000000 640.000000
25 0.968252 0.438440 0.950893 0.375098 0.985612 0.501782 480.000000 640.000000
62 0.012642 0.447138 -0.000842 0.390213 0.026126 0.504063 480.000000 640.000000
93 0.026578 0.600552 0.005183 0.538597 0.047973 0.662507 480.000000 640.000000
83 0.671247 0.511623 0.649323 0.433668 0.693171 0.589578 480.000000 640.000000
94 0.022298 0.656424 0.000000 0.585069 0.044596 0.727778 480.000000 640.000000
