2 0.590091 0.605486 0.573451 0.537530 0.606731 0.673442 480.000000 640.000000
6 0.856521 0.631973 0.831263 0.545149 0.881778 0.718797 480.000000 640.000000
7 0.671776 0.640584 0.646308 0.567547 0.697244 0.713622 480.000000 640.000000
9 0.953308 0.532018 0.931590 0.468638 0.975026 0.595397 480.000000 640.000000
30 0.270698 0.594756 0.250375 0.528253 0.291022 0.661259 480.000000 640.000000
21 0.521995 0.561785 0.504123 0.504874 0.539868 0.618696 480.000000 640.000000
16 0.842015 0.452068 0.818545 0.393171 0.865485 0.510964 480.000000 640.000000
58 0.190513 0.655115 0.164575 0.593434 0.216450 0.716795 480.000000 640.000000
35 0.449661 0.672965 0.424196 0.605647 0.475126 0.740283 480.000000 640.000000
72 0.058798 0.454750 0.043812 0.399676 0.073784 0.509823 480.000000 640.000000
74 0.134081 0.594447 0.117882 0.527820 0.150279 0.661074 480.000000 640.000000
34 0.483768 0.456614 0.464766 0.400164 0.502770 0.513065 480.000000 640.000000
54 0.706006 0.564743 0.684384 0.506477 0.727628 0.623008 480.000000 640.000000
19 0.382398 0.593948 0.361891 0.526665 0.402905 0.661232 480.000000 640.000000
82 0.061312 0.536608 0.044626 0.484485 0.077998 0.588731 480.000000 640.000000
68 0.222331 0.548972 0.195203 0.483703 0.249459 0.614241 480.000000 640.000000
25 0.976566 0.440806 0.959335 0.375248 0.993798 0.506363 480.000000 640.000000
62 0.011313 0.453984 -0.000492 0.396456 0.023117 0.511513 480.000000 640.000000
93 0.036169 0.596834 0.018819 0.535582 0.053518 0.658087 480.000000 640.000000
94 0.026765 0.662438 0.000741 0.597788 0.052790 0.727088 480.000000 640.000000
96 0.392708 0.523958 0.366667 0.463194 0.418750 0.584722 480.000000 640.000000
97 0.270247 0.571875 0.250391 0.527778 0.290104 0.615972 480.000000 640.000000
