1 0.692739 0.596075 0.673351 0.533990 0.712126 0.658160 480.000000 640.000000
2 0.463179 0.612768 0.443585 0.544706 0.482774 0.680831 480.000000 640.000000
4 0.982227 0.603695 0.963786 0.537435 1.000667 0.669955 480.000000 640.000000
5 0.938364 0.583482 0.918770 0.519140 0.957958 0.647824 480.000000 640.000000
6 0.753388 0.643924 0.726121 0.565367 0.780655 0.722481 480.000000 640.000000
7 0.567071 0.635876 0.543816 0.554636 0.590326 0.717115 480.000000 640.000000
9 0.832729 0.527287 0.816860 0.463997 0.848597 0.590577 480.000000 640.000000
19 0.270111 0.591918 0.249483 0.520504 0.290739 0.663333 480.000000 640.000000
30 0.159653 0.596825 0.140583 0.534227 0.178723 0.659422 480.000000 640.000000
21 0.414914 0.559793 0.397600 0.502039 0.432228 0.617547 480.000000 640.000000
3 0.041898 0.455928 0.021195 0.395837 0.062602 0.516019 480.000000 640.000000
16 0.723559 0.451487 0.704845 0.390765 0.742274 0.512210 480.000000 640.000000
25 0.862223 0.452208 0.846477 0.400450 0.877969 0.503966 480.000000 640.000000
62 0.131157 0.446626 0.112165 0.387433 0.150149 0.505819 480.000000 640.000000
58 0.063275 0.602100 0.032542 0.491501 0.094007 0.712699 480.000000 640.000000
35 0.351797 0.645874 0.321583 0.568958 0.382011 0.722789 480.000000 640.000000
14 0.342351 0.654536 0.318376 0.572791 0.366327 0.736282 480.000000 640.000000
20 0.554390 0.479936 0.526491 0.406630 0.582290 0.553242 480.000000 640.000000
8 0.287688 0.469168 0.268024 0.404884 0.307352 0.533453 480.000000 640.000000
72 0.220125 0.458902 0.192764 0.399606 0.247487 0.518197 480.000000 640.000000
73 0.063835 0.638305 0.034418 0.564005 0.093252 0.712606 480.000000 640.000000
68 0.053518 0.550085 0.033377 0.484836 0.073660 0.615334 480.000000 640.000000
