2 0.608870 0.606509 0.582201 0.539700 0.635539 0.673317 480.000000 640.000000
6 0.859984 0.622593 0.835383 0.533865 0.884585 0.711322 480.000000 640.000000
7 0.680266 0.641510 0.661777 0.568908 0.698756 0.714113 480.000000 640.000000
9 0.960185 0.532910 0.934019 0.470576 0.986350 0.595244 480.000000 640.000000
30 0.281325 0.599304 0.259224 0.527492 0.303426 0.671115 480.000000 640.000000
21 0.534843 0.561488 0.521253 0.504670 0.548433 0.618307 480.000000 640.000000
16 0.853980 0.450923 0.838841 0.390162 0.869119 0.511685 480.000000 640.000000
58 0.208051 0.646893 0.183724 0.579667 0.232379 0.714118 480.000000 640.000000
35 0.472111 0.650916 0.442936 0.564562 0.501286 0.737270 480.000000 640.000000
72 0.040740 0.470681 0.019795 0.406497 0.061686 0.534866 480.000000 640.000000
74 0.150461 0.595426 0.126593 0.530125 0.174329 0.660728 480.000000 640.000000
34 0.478737 0.456796 0.463318 0.399656 0.494155 0.513935 480.000000 640.000000
54 0.719003 0.563922 0.702231 0.504144 0.735776 0.623699 480.000000 640.000000
19 0.395944 0.564612 0.371394 0.467591 0.420494 0.661632 480.000000 640.000000
82 0.070821 0.529409 0.053677 0.468654 0.087966 0.590163 480.000000 640.000000
68 0.236602 0.547984 0.215026 0.482292 0.258178 0.613676 480.000000 640.000000
62 0.004324 0.464050 -0.000056 0.417968 0.008703 0.510132 480.000000 640.000000
94 0.037854 0.644536 0.018832 0.561705 0.056876 0.727367 480.000000 640.000000
20 0.682160 0.481424 0.651790 0.400329 0.712529 0.562518 480.000000 640.000000
99 0.044857 0.592708 0.026725 0.534375 0.062988 0.651042 480.000000 640.000000
100 0.203906 0.648438 0.184375 0.585764 0.223438 0.711111 480.000000 640.000000
