1 0.445370 0.603443 0.428906 0.539883 0.461835 0.667003 480.000000 640.000000
2 0.249486 0.619040 0.218068 0.552361 0.280905 0.685719 480.000000 640.000000
3 0.257201 0.449317 0.238228 0.389914 0.276175 0.508719 480.000000 640.000000
4 0.803358 0.599213 0.777587 0.535242 0.829128 0.663185 480.000000 640.000000
5 0.736565 0.575044 0.718460 0.511740 0.754670 0.638348 480.000000 640.000000
6 0.587683 0.648211 0.563434 0.571401 0.611932 0.725020 480.000000 640.000000
7 0.404054 0.642664 0.384188 0.571303 0.423920 0.714026 480.000000 640.000000
8 0.456309 0.465429 0.444299 0.411561 0.468319 0.519297 480.000000 640.000000
9 0.659454 0.523080 0.637176 0.457896 0.681731 0.588265 480.000000 640.000000
10 0.969647 0.614771 0.940476 0.523181 0.998817 0.706362 480.000000 640.000000
11 0.064102 0.532924 0.047464 0.466307 0.080741 0.599541 480.000000 640.000000
12 0.355975 0.558729 0.332191 0.499304 0.379759 0.618155 480.000000 640.000000
13 0.160882 0.443401 0.138632 0.383795 0.183132 0.503007 480.000000 640.000000
14 0.177143 0.652123 0.157150 0.566300 0.197136 0.737946 480.000000 640.000000
15 0.929660 0.522311 0.908607 0.461084 0.950714 0.583539 480.000000 640.000000
16 0.519147 0.441154 0.505359 0.380975 0.532935 0.501333 480.000000 640.000000
18 0.404050 0.475439 0.379758 0.399963 0.428342 0.550915 480.000000 640.000000
19 0.087453 0.585480 0.061448 0.508271 0.113457 0.662689 480.000000 640.000000
20 0.366060 0.473694 0.346540 0.408275 0.385580 0.539112 480.000000 640.000000
21 0.229265 0.552908 0.212567 0.491274 0.245963 0.614543 480.000000 640.000000
22 0.176014 0.510324 0.163711 0.453686 0.188317 0.566962 480.000000 640.000000
23 0.845305 0.556851 0.827768 0.495499 0.862842 0.618204 480.000000 640.000000
24 0.119420 0.460004 0.105506 0.398853 0.133334 0.521156 480.000000 640.000000
25 0.685510 0.466061 0.664007 0.378466 0.707012 0.553656 480.000000 640.000000
28 0.332813 0.446528 0.319531 0.388889 0.346094 0.504167 480.000000 640.000000
