1 0.447361 0.602475 0.432818 0.538933 0.461905 0.666018 480.000000 640.000000
2 0.250819 0.618716 0.220755 0.552016 0.280884 0.685416 480.000000 640.000000
3 0.255361 0.449120 0.234948 0.389730 0.275773 0.508509 480.000000 640.000000
4 0.804292 0.599497 0.778950 0.535723 0.829635 0.663272 480.000000 640.000000
5 0.738648 0.575354 0.720919 0.512206 0.756378 0.638502 480.000000 640.000000
6 0.588110 0.648370 0.563768 0.571075 0.612452 0.725666 480.000000 640.000000
7 0.406338 0.642870 0.386264 0.570770 0.426413 0.714971 480.000000 640.000000
8 0.453918 0.466335 0.441203 0.414310 0.466633 0.518360 480.000000 640.000000
9 0.660084 0.525665 0.636218 0.462963 0.683949 0.588367 480.000000 640.000000
10 0.971116 0.616804 0.942083 0.529166 1.000149 0.704442 480.000000 640.000000
11 0.066288 0.532806 0.049550 0.466362 0.083026 0.599250 480.000000 640.000000
12 0.357723 0.555888 0.336143 0.494165 0.379302 0.617611 480.000000 640.000000
13 0.157729 0.442104 0.136467 0.383601 0.178990 0.500607 480.000000 640.000000
14 0.179444 0.651603 0.157804 0.566167 0.201085 0.737039 480.000000 640.000000
15 0.932204 0.521642 0.913328 0.460769 0.951080 0.582515 480.000000 640.000000
16 0.521848 0.442300 0.508538 0.382143 0.535158 0.502458 480.000000 640.000000
18 0.405439 0.475925 0.381565 0.400535 0.429312 0.551316 480.000000 640.000000
19 0.089567 0.584879 0.064816 0.507550 0.114318 0.662207 480.000000 640.000000
20 0.368137 0.474916 0.349737 0.408016 0.386538 0.541816 480.000000 640.000000
21 0.231673 0.552739 0.215144 0.491083 0.248201 0.614396 480.000000 640.000000
22 0.171457 0.505789 0.159150 0.444300 0.183764 0.567278 480.000000 640.000000
23 0.848110 0.558049 0.831447 0.497774 0.864772 0.618324 480.000000 640.000000
24 0.121926 0.459938 0.108035 0.398720 0.135817 0.521156 480.000000 640.000000
25 0.683515 0.465220 0.662331 0.377649 0.704699 0.552791 480.000000 640.000000
