1 0.839519 0.614111 0.824720 0.535524 0.854319 0.692698 480.000000 640.000000
2 0.580977 0.606862 0.561603 0.539922 0.600352 0.673801 480.000000 640.000000
6 0.853621 0.638387 0.830545 0.557887 0.876698 0.718887 480.000000 640.000000
7 0.666834 0.641619 0.637523 0.570176 0.696145 0.713063 480.000000 640.000000
9 0.946649 0.531144 0.925122 0.467864 0.968175 0.594424 480.000000 640.000000
30 0.264054 0.597713 0.242425 0.529364 0.285683 0.666062 480.000000 640.000000
21 0.517350 0.561840 0.495019 0.505076 0.539682 0.618604 480.000000 640.000000
16 0.837165 0.450288 0.815607 0.389138 0.858724 0.511438 480.000000 640.000000
58 0.187160 0.653349 0.161658 0.589543 0.212662 0.717154 480.000000 640.000000
35 0.444697 0.651931 0.421927 0.562687 0.467468 0.741175 480.000000 640.000000
72 0.069691 0.458259 0.050731 0.402214 0.088650 0.514304 480.000000 640.000000
74 0.125919 0.594171 0.110237 0.528558 0.141601 0.659783 480.000000 640.000000
34 0.487018 0.456344 0.466930 0.399399 0.507105 0.513288 480.000000 640.000000
54 0.700749 0.564803 0.678887 0.505593 0.722611 0.624013 480.000000 640.000000
19 0.374823 0.593592 0.354008 0.527298 0.395638 0.659886 480.000000 640.000000
82 0.058105 0.533246 0.035138 0.474881 0.081071 0.591610 480.000000 640.000000
68 0.212356 0.549693 0.188650 0.483693 0.236062 0.615693 480.000000 640.000000
20 0.670112 0.494782 0.643329 0.407658 0.696896 0.581906 480.000000 640.000000
25 0.971454 0.437850 0.952193 0.374255 0.990715 0.501445 480.000000 640.000000
62 0.012056 0.449547 -0.000734 0.391299 0.024846 0.507795 480.000000 640.000000
93 0.029845 0.599327 0.009219 0.538658 0.050471 0.659997 480.000000 640.000000
94 0.023338 0.656645 0.000295 0.585437 0.046380 0.727853 480.000000 640.000000
