5 0.631140 0.569592 0.608561 0.502896 0.653718 0.636288 480.000000 640.000000
6 0.275072 0.545477 0.253435 0.475175 0.296710 0.615779 480.000000 640.000000
21 0.135303 0.541322 0.113872 0.475187 0.156733 0.607456 480.000000 640.000000
13 0.329733 0.476238 0.310082 0.421133 0.349384 0.531343 480.000000 640.000000
4 0.656178 0.459967 0.634511 0.390117 0.677845 0.529817 480.000000 640.000000
9 0.386409 0.442991 0.364548 0.381025 0.408270 0.504957 480.000000 640.000000
29 0.073911 0.573875 0.054968 0.509979 0.092853 0.637771 480.000000 640.000000
3 0.802043 0.471775 0.782472 0.409128 0.821614 0.534421 480.000000 640.000000
14 0.146563 0.452582 0.129838 0.393157 0.163289 0.512008 480.000000 640.000000
2 0.561989 0.520540 0.544345 0.461407 0.579634 0.579673 480.000000 640.000000
33 0.777054 0.462299 0.758941 0.406876 0.795167 0.517722 480.000000 640.000000
8 0.591369 0.497003 0.575495 0.436029 0.607243 0.557978 480.000000 640.000000
34 0.330548 0.493230 0.312056 0.454899 0.349039 0.531561 480.000000 640.000000
