2 0.732922 0.525185 0.715236 0.466063 0.750608 0.584308 480.000000 640.000000
3 0.810064 0.450425 0.790180 0.390200 0.829947 0.510650 480.000000 640.000000
4 0.655571 0.471783 0.639343 0.407355 0.671800 0.536211 480.000000 640.000000
5 0.501952 0.569108 0.477025 0.500703 0.526878 0.637513 480.000000 640.000000
6 0.135047 0.548330 0.108204 0.482465 0.161890 0.614195 480.000000 640.000000
8 0.447856 0.498532 0.433080 0.436335 0.462631 0.560730 480.000000 640.000000
13 0.498631 0.465413 0.486691 0.410900 0.510571 0.519927 480.000000 640.000000
14 0.293976 0.455359 0.276511 0.390767 0.311441 0.519951 480.000000 640.000000
9 0.538488 0.443162 0.516417 0.382345 0.560559 0.503980 480.000000 640.000000
20 0.962855 0.467717 0.943907 0.407628 0.981802 0.527805 480.000000 640.000000
21 0.014093 0.515779 0.000209 0.437327 0.027976 0.594231 480.000000 640.000000
