5 0.612076 0.568673 0.587625 0.502037 0.636527 0.635309 480.000000 640.000000
6 0.263223 0.543777 0.240500 0.472975 0.285947 0.614578 480.000000 640.000000
21 0.123003 0.540925 0.098900 0.474234 0.147107 0.607615 480.000000 640.000000
13 0.342790 0.473149 0.325047 0.416217 0.360534 0.530081 480.000000 640.000000
4 0.666342 0.449283 0.646344 0.387956 0.686341 0.510610 480.000000 640.000000
9 0.402712 0.439821 0.388801 0.378263 0.416623 0.501379 480.000000 640.000000
29 0.058784 0.574823 0.041032 0.511428 0.076536 0.638219 480.000000 640.000000
3 0.793674 0.474014 0.767974 0.409345 0.819374 0.538684 480.000000 640.000000
14 0.164567 0.460091 0.141847 0.393672 0.187287 0.526510 480.000000 640.000000
2 0.575065 0.512561 0.553810 0.445293 0.596321 0.579828 480.000000 640.000000
