1 0.987434 0.622085 0.974842 0.565855 1.000026 0.678314 480.000000 640.000000
2 0.813595 0.525951 0.797579 0.466089 0.829612 0.585813 480.000000 640.000000
3 0.882841 0.451576 0.867098 0.390379 0.898584 0.512774 480.000000 640.000000
4 0.593514 0.473551 0.572151 0.412807 0.614876 0.534294 480.000000 640.000000
5 0.448291 0.567156 0.425461 0.499566 0.471122 0.634745 480.000000 640.000000
6 0.066356 0.540153 0.039958 0.462582 0.092755 0.617724 480.000000 640.000000
8 0.382140 0.498445 0.356701 0.436218 0.407578 0.560673 480.000000 640.000000
10 0.609427 0.437013 0.594623 0.382727 0.624232 0.491300 480.000000 640.000000
12 0.464391 0.581696 0.451095 0.547960 0.477688 0.615432 480.000000 640.000000
13 0.571045 0.463017 0.554373 0.408132 0.587717 0.517903 480.000000 640.000000
14 0.358042 0.452041 0.341916 0.389733 0.374167 0.514348 480.000000 640.000000
15 0.061098 0.520611 0.029732 0.423744 0.092463 0.617478 480.000000 640.000000
16 0.049520 0.479514 0.027946 0.414931 0.071094 0.544097 480.000000 640.000000
