2 0.671631 0.525705 0.656123 0.466306 0.687139 0.585103 480.000000 640.000000
3 0.753709 0.448948 0.736436 0.388840 0.770982 0.509057 480.000000 640.000000
5 0.546879 0.568167 0.527212 0.500890 0.566546 0.635443 480.000000 640.000000
6 0.183847 0.544673 0.163645 0.474729 0.204048 0.614617 480.000000 640.000000
8 0.501528 0.496644 0.478051 0.434967 0.525005 0.558321 480.000000 640.000000
14 0.240429 0.458758 0.217054 0.388985 0.263803 0.528530 480.000000 640.000000
20 0.895286 0.469212 0.873270 0.412284 0.917302 0.526139 480.000000 640.000000
21 0.048962 0.533090 0.022690 0.467119 0.075233 0.599061 480.000000 640.000000
13 0.437322 0.472267 0.417844 0.413984 0.456799 0.530549 480.000000 640.000000
4 0.715358 0.473763 0.691494 0.409426 0.739223 0.538099 480.000000 640.000000
9 0.481714 0.439565 0.470088 0.377703 0.493340 0.501427 480.000000 640.000000
