2 0.641011 0.525725 0.617829 0.466398 0.664193 0.585051 480.000000 640.000000
5 0.570985 0.567847 0.546507 0.500196 0.595464 0.635498 480.000000 640.000000
6 0.212858 0.554595 0.187277 0.493042 0.238439 0.616149 480.000000 640.000000
8 0.526109 0.498344 0.510495 0.440018 0.541723 0.556670 480.000000 640.000000
20 0.861050 0.467809 0.835544 0.410536 0.886556 0.525083 480.000000 640.000000
21 0.078048 0.533517 0.057892 0.466315 0.098204 0.600720 480.000000 640.000000
13 0.405821 0.473166 0.383690 0.415126 0.427951 0.531205 480.000000 640.000000
4 0.726645 0.447921 0.711854 0.388790 0.741435 0.507051 480.000000 640.000000
9 0.457607 0.444929 0.433903 0.383648 0.481311 0.506210 480.000000 640.000000
29 0.018717 0.575489 0.000086 0.514515 0.037348 0.636464 480.000000 640.000000
3 0.737306 0.472223 0.724182 0.409212 0.750429 0.535235 480.000000 640.000000
