5 0.632830 0.569070 0.610656 0.502393 0.655005 0.635746 480.000000 640.000000
6 0.278832 0.544598 0.255199 0.473505 0.302465 0.615691 480.000000 640.000000
21 0.139614 0.540863 0.119065 0.474396 0.160163 0.607331 480.000000 640.000000
13 0.326535 0.474775 0.310034 0.418004 0.343035 0.531545 480.000000 640.000000
4 0.654467 0.453298 0.634335 0.389990 0.674599 0.516606 480.000000 640.000000
9 0.384546 0.443072 0.361485 0.382092 0.407606 0.504051 480.000000 640.000000
29 0.077934 0.574338 0.057251 0.510184 0.098616 0.638493 480.000000 640.000000
3 0.807374 0.470921 0.789821 0.407483 0.824928 0.534359 480.000000 640.000000
14 0.145000 0.448119 0.128690 0.393047 0.161309 0.503192 480.000000 640.000000
2 0.558968 0.520965 0.543445 0.461237 0.574492 0.580693 480.000000 640.000000
33 0.776201 0.461590 0.757976 0.405689 0.794426 0.517491 480.000000 640.000000
8 0.595386 0.497179 0.579736 0.435959 0.611036 0.558400 480.000000 640.000000
34 0.327409 0.494213 0.312031 0.456529 0.342788 0.531896 480.000000 640.000000
