5 0.606429 0.567737 0.582450 0.499453 0.630408 0.636021 480.000000 640.000000
6 0.252603 0.540843 0.225685 0.464106 0.279521 0.617581 480.000000 640.000000
8 0.567118 0.497526 0.552580 0.437657 0.581657 0.557395 480.000000 640.000000
20 0.811532 0.463474 0.793693 0.404147 0.829371 0.522802 480.000000 640.000000
21 0.112307 0.543277 0.092762 0.476783 0.131852 0.609772 480.000000 640.000000
13 0.359563 0.471698 0.346539 0.415459 0.372588 0.527937 480.000000 640.000000
4 0.681387 0.449855 0.665628 0.389070 0.697146 0.510640 480.000000 640.000000
9 0.410782 0.442420 0.392884 0.381955 0.428679 0.502885 480.000000 640.000000
29 0.050974 0.576057 0.026189 0.513642 0.075759 0.638473 480.000000 640.000000
3 0.780123 0.470628 0.765490 0.406375 0.794756 0.534882 480.000000 640.000000
14 0.173815 0.461070 0.152802 0.391386 0.194829 0.530753 480.000000 640.000000
2 0.591388 0.506322 0.578160 0.463938 0.604615 0.548706 480.000000 640.000000
