2 0.743823 0.525150 0.728556 0.466408 0.759090 0.583892 480.000000 640.000000
3 0.816609 0.451252 0.792195 0.391599 0.841024 0.510906 480.000000 640.000000
4 0.645252 0.472295 0.625507 0.408064 0.664998 0.536527 480.000000 640.000000
5 0.498786 0.568356 0.474285 0.501683 0.523286 0.635029 480.000000 640.000000
6 0.126347 0.547763 0.101635 0.481078 0.151059 0.614449 480.000000 640.000000
8 0.439666 0.500433 0.421827 0.438676 0.457506 0.562190 480.000000 640.000000
13 0.507263 0.465259 0.488600 0.410357 0.525926 0.520161 480.000000 640.000000
14 0.304040 0.453722 0.282275 0.391186 0.325805 0.516258 480.000000 640.000000
16 0.005977 0.496769 -0.000127 0.416035 0.012081 0.577503 480.000000 640.000000
9 0.545585 0.440632 0.530129 0.380709 0.561041 0.500554 480.000000 640.000000
20 0.971913 0.470507 0.950021 0.413922 0.993806 0.527092 480.000000 640.000000
