5 0.661264 0.568415 0.639439 0.503437 0.683089 0.633394 480.000000 640.000000
6 0.310824 0.541325 0.290989 0.469715 0.330659 0.612935 480.000000 640.000000
21 0.169198 0.537432 0.143410 0.467942 0.194985 0.606922 480.000000 640.000000
13 0.284934 0.469587 0.272780 0.415528 0.297088 0.523645 480.000000 640.000000
9 0.346536 0.441914 0.325869 0.381271 0.367203 0.502558 480.000000 640.000000
29 0.108932 0.577066 0.092479 0.518781 0.125386 0.635352 480.000000 640.000000
3 0.840909 0.471325 0.819408 0.406381 0.862410 0.536269 480.000000 640.000000
2 0.518830 0.516575 0.504514 0.457266 0.533146 0.575884 480.000000 640.000000
33 0.735225 0.459903 0.715273 0.402455 0.755177 0.517352 480.000000 640.000000
8 0.626566 0.502494 0.606452 0.444755 0.646680 0.560233 480.000000 640.000000
14 0.115441 0.471283 0.096314 0.399144 0.134567 0.543423 480.000000 640.000000
4 0.611733 0.448148 0.591575 0.388864 0.631891 0.507431 480.000000 640.000000
