5 0.604539 0.565315 0.581685 0.494788 0.627394 0.635841 480.000000 640.000000
6 0.251511 0.542351 0.224936 0.466848 0.278085 0.617854 480.000000 640.000000
8 0.565693 0.497082 0.550866 0.436488 0.580519 0.557676 480.000000 640.000000
20 0.815457 0.463671 0.795010 0.404619 0.835904 0.522724 480.000000 640.000000
21 0.109629 0.542544 0.090169 0.475676 0.129088 0.609411 480.000000 640.000000
13 0.363197 0.472876 0.347830 0.415293 0.378564 0.530460 480.000000 640.000000
4 0.683709 0.449887 0.668367 0.389691 0.699050 0.510084 480.000000 640.000000
9 0.415706 0.443243 0.395204 0.382125 0.436208 0.504360 480.000000 640.000000
29 0.050304 0.576072 0.025332 0.513188 0.075275 0.638957 480.000000 640.000000
3 0.777992 0.470829 0.762855 0.406641 0.793130 0.535018 480.000000 640.000000
14 0.175843 0.460291 0.156848 0.391237 0.194838 0.529346 480.000000 640.000000
2 0.593717 0.495027 0.581086 0.463706 0.606347 0.526349 480.000000 640.000000
