2 0.643588 0.525751 0.619502 0.466536 0.667674 0.584966 480.000000 640.000000
5 0.570203 0.568111 0.545913 0.500637 0.594493 0.635585 480.000000 640.000000
6 0.211547 0.548969 0.185905 0.482153 0.237188 0.615785 480.000000 640.000000
8 0.523599 0.499128 0.508388 0.440061 0.538810 0.558195 480.000000 640.000000
20 0.862558 0.467984 0.837517 0.410709 0.887599 0.525259 480.000000 640.000000
21 0.074976 0.533185 0.057070 0.466345 0.092881 0.600026 480.000000 640.000000
13 0.407150 0.472802 0.385160 0.415415 0.429139 0.530190 480.000000 640.000000
4 0.727922 0.451481 0.713198 0.389925 0.742647 0.513037 480.000000 640.000000
9 0.459310 0.445440 0.434738 0.383559 0.483881 0.507321 480.000000 640.000000
29 0.017545 0.574985 0.000199 0.514480 0.034891 0.635490 480.000000 640.000000
3 0.736407 0.470960 0.722902 0.408585 0.749912 0.533336 480.000000 640.000000
