5 0.693029 0.566716 0.670538 0.499660 0.715520 0.633771 480.000000 640.000000
6 0.347289 0.541442 0.326823 0.472582 0.367755 0.610302 480.000000 640.000000
21 0.204763 0.533929 0.178323 0.468970 0.231203 0.598888 480.000000 640.000000
13 0.242610 0.474774 0.227553 0.418634 0.257667 0.530915 480.000000 640.000000
9 0.308744 0.442709 0.285931 0.381701 0.331556 0.503717 480.000000 640.000000
29 0.143597 0.571768 0.127442 0.507341 0.159752 0.636196 480.000000 640.000000
3 0.877627 0.472318 0.854905 0.409781 0.900348 0.534854 480.000000 640.000000
2 0.473798 0.514820 0.458380 0.455569 0.489216 0.574071 480.000000 640.000000
33 0.689188 0.427611 0.673148 0.400401 0.705228 0.454822 480.000000 640.000000
14 0.080140 0.463562 0.063157 0.399645 0.097123 0.527479 480.000000 640.000000
4 0.574901 0.448977 0.549775 0.390138 0.600027 0.507816 480.000000 640.000000
41 0.679167 0.482292 0.648958 0.401389 0.709375 0.563194 480.000000 640.000000
