5 0.607919 0.568438 0.583541 0.501572 0.632297 0.635304 480.000000 640.000000
6 0.256311 0.541695 0.232033 0.465487 0.280590 0.617904 480.000000 640.000000
8 0.578381 0.509944 0.557780 0.443464 0.598981 0.576425 480.000000 640.000000
20 0.805754 0.469059 0.794983 0.406916 0.816526 0.531201 480.000000 640.000000
21 0.118932 0.541682 0.097545 0.474277 0.140320 0.609086 480.000000 640.000000
13 0.348491 0.473205 0.335090 0.416446 0.361893 0.529964 480.000000 640.000000
4 0.674531 0.448751 0.657715 0.389636 0.691347 0.507866 480.000000 640.000000
9 0.405083 0.440350 0.390991 0.378992 0.419174 0.501708 480.000000 640.000000
29 0.054328 0.575460 0.032505 0.512678 0.076150 0.638241 480.000000 640.000000
3 0.788957 0.473267 0.767055 0.409465 0.810859 0.537069 480.000000 640.000000
14 0.169898 0.460924 0.147532 0.392250 0.192264 0.529599 480.000000 640.000000
