2 0.665638 0.525109 0.650665 0.465544 0.680611 0.584674 480.000000 640.000000
3 0.748223 0.450181 0.729682 0.390341 0.766765 0.510022 480.000000 640.000000
5 0.556101 0.567985 0.532595 0.501163 0.579607 0.634806 480.000000 640.000000
6 0.188681 0.543827 0.169320 0.474309 0.208042 0.613346 480.000000 640.000000
8 0.504842 0.499577 0.480007 0.440913 0.529676 0.558242 480.000000 640.000000
14 0.238861 0.458973 0.216463 0.391437 0.261260 0.526509 480.000000 640.000000
20 0.889020 0.467337 0.870128 0.410036 0.907912 0.524639 480.000000 640.000000
21 0.052653 0.534062 0.030526 0.468095 0.074780 0.600029 480.000000 640.000000
13 0.431392 0.471750 0.415536 0.414197 0.447247 0.529303 480.000000 640.000000
4 0.718244 0.473584 0.692745 0.410216 0.743743 0.536952 480.000000 640.000000
9 0.480377 0.440814 0.468387 0.377105 0.492367 0.504524 480.000000 640.000000
