5 0.628307 0.569747 0.606406 0.503611 0.650208 0.635883 480.000000 640.000000
6 0.272574 0.545388 0.251573 0.476566 0.293576 0.614210 480.000000 640.000000
21 0.131677 0.541936 0.108687 0.476072 0.154667 0.607799 480.000000 640.000000
13 0.332585 0.476463 0.311147 0.421524 0.354023 0.531402 480.000000 640.000000
4 0.657380 0.450964 0.633690 0.391087 0.681071 0.510841 480.000000 640.000000
9 0.388436 0.443385 0.368321 0.381851 0.408550 0.504920 480.000000 640.000000
29 0.070233 0.573886 0.053090 0.510082 0.087376 0.637689 480.000000 640.000000
3 0.798925 0.472815 0.777766 0.409828 0.820084 0.535803 480.000000 640.000000
14 0.150144 0.454034 0.131929 0.394085 0.168359 0.513984 480.000000 640.000000
2 0.564801 0.520585 0.544404 0.463067 0.585197 0.578102 480.000000 640.000000
33 0.777387 0.462938 0.759630 0.408269 0.795145 0.517607 480.000000 640.000000
8 0.589792 0.499030 0.573334 0.439897 0.606251 0.558163 480.000000 640.000000
34 0.332813 0.493750 0.312240 0.454861 0.353385 0.532639 480.000000 640.000000
