2 0.769315 0.525117 0.750831 0.465717 0.787800 0.584517 480.000000 640.000000
3 0.844929 0.450747 0.827113 0.389611 0.862746 0.511884 480.000000 640.000000
4 0.624845 0.471180 0.607644 0.407020 0.642046 0.535339 480.000000 640.000000
5 0.474564 0.567470 0.455133 0.499032 0.493996 0.635908 480.000000 640.000000
6 0.101806 0.549997 0.074066 0.482720 0.129546 0.617275 480.000000 640.000000
8 0.420280 0.499146 0.401678 0.437971 0.438882 0.560322 480.000000 640.000000
13 0.532358 0.465066 0.516820 0.408190 0.547895 0.521942 480.000000 640.000000
14 0.323602 0.457532 0.308683 0.391735 0.338522 0.523328 480.000000 640.000000
16 0.020472 0.478964 -0.000614 0.415326 0.041558 0.542603 480.000000 640.000000
9 0.569281 0.440058 0.550251 0.379862 0.588311 0.500253 480.000000 640.000000
18 0.668181 0.349860 0.660485 0.316965 0.675876 0.382755 480.000000 640.000000
19 0.496418 0.577208 0.484771 0.536104 0.508065 0.618311 480.000000 640.000000
20 0.990625 0.472917 0.981250 0.420486 1.000000 0.525347 480.000000 640.000000
