5 0.637112 0.571026 0.616367 0.506891 0.657857 0.635160 480.000000 640.000000
6 0.287520 0.543991 0.261989 0.474514 0.313051 0.613468 480.000000 640.000000
21 0.143764 0.514172 0.124753 0.420430 0.162774 0.607915 480.000000 640.000000
13 0.316300 0.473518 0.304308 0.416192 0.328293 0.530844 480.000000 640.000000
4 0.646070 0.452931 0.629023 0.387918 0.663118 0.517945 480.000000 640.000000
9 0.376038 0.443415 0.355794 0.382804 0.396281 0.504026 480.000000 640.000000
29 0.087531 0.573906 0.062567 0.510400 0.112495 0.637412 480.000000 640.000000
3 0.817673 0.471370 0.801667 0.407266 0.833679 0.535473 480.000000 640.000000
2 0.550670 0.520093 0.535384 0.460513 0.565955 0.579673 480.000000 640.000000
33 0.768871 0.459370 0.750556 0.400702 0.787187 0.518038 480.000000 640.000000
8 0.603131 0.499817 0.587468 0.440941 0.618794 0.558692 480.000000 640.000000
