5 0.648868 0.569103 0.628030 0.504142 0.669706 0.634065 480.000000 640.000000
6 0.305823 0.520170 0.281325 0.425892 0.330322 0.614449 480.000000 640.000000
21 0.163821 0.539166 0.134326 0.470594 0.193316 0.607738 480.000000 640.000000
13 0.294718 0.468490 0.281473 0.416441 0.307963 0.520538 480.000000 640.000000
4 0.626716 0.440676 0.609951 0.387919 0.643482 0.493433 480.000000 640.000000
9 0.359051 0.441674 0.346909 0.379995 0.371193 0.503354 480.000000 640.000000
29 0.099897 0.571382 0.082536 0.508909 0.117258 0.633855 480.000000 640.000000
3 0.835823 0.471711 0.809160 0.408160 0.862487 0.535261 480.000000 640.000000
2 0.530293 0.519304 0.508386 0.459409 0.552201 0.579200 480.000000 640.000000
33 0.745221 0.460872 0.719998 0.403412 0.770445 0.518332 480.000000 640.000000
8 0.620181 0.485039 0.595232 0.408275 0.645131 0.561803 480.000000 640.000000
14 0.126262 0.460190 0.106241 0.397886 0.146284 0.522495 480.000000 640.000000
