2 0.717000 0.525270 0.692830 0.466646 0.741169 0.583895 480.000000 640.000000
3 0.795711 0.448417 0.778687 0.387013 0.812735 0.509821 480.000000 640.000000
4 0.672612 0.471832 0.650730 0.408376 0.694494 0.535287 480.000000 640.000000
5 0.517426 0.567213 0.494371 0.500588 0.540480 0.633837 480.000000 640.000000
6 0.144508 0.544881 0.124076 0.474323 0.164940 0.615439 480.000000 640.000000
8 0.464985 0.499688 0.442469 0.439411 0.487502 0.559966 480.000000 640.000000
13 0.485050 0.465169 0.470220 0.413547 0.499880 0.516792 480.000000 640.000000
14 0.278350 0.458195 0.257843 0.387528 0.298856 0.528861 480.000000 640.000000
9 0.526046 0.438538 0.512075 0.382841 0.540018 0.494235 480.000000 640.000000
20 0.941731 0.470825 0.915175 0.414305 0.968286 0.527345 480.000000 640.000000
21 0.018266 0.530976 0.000076 0.466879 0.036455 0.595074 480.000000 640.000000
19 0.511207 0.568063 0.494289 0.502194 0.528125 0.633932 480.000000 640.000000
