5 0.642683 0.569778 0.619041 0.503778 0.666326 0.635777 480.000000 640.000000
6 0.292032 0.546464 0.266640 0.478262 0.317424 0.614665 480.000000 640.000000
21 0.152685 0.536895 0.132626 0.465368 0.172745 0.608421 480.000000 640.000000
13 0.309990 0.473579 0.294371 0.416238 0.325609 0.530921 480.000000 640.000000
4 0.639532 0.446124 0.622862 0.386982 0.656202 0.505265 480.000000 640.000000
9 0.370390 0.443576 0.354765 0.382064 0.386015 0.505088 480.000000 640.000000
29 0.090914 0.574344 0.064991 0.510027 0.116837 0.638660 480.000000 640.000000
3 0.823736 0.471589 0.803732 0.408211 0.843741 0.534967 480.000000 640.000000
2 0.539160 0.519112 0.518998 0.459983 0.559322 0.578242 480.000000 640.000000
33 0.760440 0.459145 0.742207 0.401037 0.778672 0.517253 480.000000 640.000000
8 0.608101 0.501789 0.591360 0.443225 0.624842 0.560353 480.000000 640.000000
14 0.132250 0.461320 0.115950 0.395464 0.148550 0.527177 480.000000 640.000000
