5 0.697446 0.568259 0.677704 0.502003 0.717187 0.634515 480.000000 640.000000
6 0.356129 0.540860 0.332968 0.470566 0.379291 0.611153 480.000000 640.000000
21 0.209933 0.530196 0.187892 0.461206 0.231975 0.599187 480.000000 640.000000
13 0.238361 0.478301 0.221559 0.425365 0.255164 0.531237 480.000000 640.000000
9 0.302612 0.443579 0.278079 0.383775 0.327146 0.503383 480.000000 640.000000
29 0.153033 0.571377 0.133448 0.507511 0.172617 0.635243 480.000000 640.000000
3 0.889651 0.471578 0.874755 0.408697 0.904548 0.534459 480.000000 640.000000
2 0.462570 0.515464 0.440122 0.456415 0.485019 0.574512 480.000000 640.000000
14 0.072765 0.464838 0.052461 0.398728 0.093068 0.530949 480.000000 640.000000
4 0.569283 0.448833 0.550832 0.389829 0.587734 0.507837 480.000000 640.000000
8 0.673267 0.499451 0.657266 0.436923 0.689268 0.561979 480.000000 640.000000
