5 0.715154 0.568260 0.690556 0.497618 0.739752 0.638902 480.000000 640.000000
6 0.379437 0.547875 0.359059 0.484284 0.399816 0.611466 480.000000 640.000000
21 0.236188 0.525400 0.211666 0.452996 0.260710 0.597804 480.000000 640.000000
9 0.276769 0.442558 0.262673 0.381785 0.290864 0.503331 480.000000 640.000000
29 0.172223 0.570520 0.150469 0.505859 0.193977 0.635182 480.000000 640.000000
3 0.915868 0.474955 0.887927 0.412634 0.943810 0.537277 480.000000 640.000000
2 0.437752 0.512603 0.422860 0.453011 0.452645 0.572194 480.000000 640.000000
14 0.055765 0.463713 0.036580 0.399094 0.074950 0.528331 480.000000 640.000000
4 0.539882 0.450723 0.516262 0.391191 0.563502 0.510255 480.000000 640.000000
8 0.692615 0.508789 0.670837 0.449789 0.714392 0.567789 480.000000 640.000000
42 0.654106 0.459109 0.635816 0.401666 0.672397 0.516553 480.000000 640.000000
45 0.207321 0.476142 0.193882 0.419957 0.220761 0.532327 480.000000 640.000000
