2 0.677392 0.526404 0.657297 0.467167 0.697486 0.585640 480.000000 640.000000
3 0.760137 0.448741 0.743190 0.387718 0.777084 0.509765 480.000000 640.000000
5 0.544510 0.566708 0.518826 0.499949 0.570194 0.633467 480.000000 640.000000
6 0.180113 0.545135 0.156106 0.473627 0.204120 0.616643 480.000000 640.000000
8 0.496373 0.496548 0.474410 0.434560 0.518336 0.558535 480.000000 640.000000
14 0.244046 0.459061 0.223523 0.388612 0.264569 0.529509 480.000000 640.000000
20 0.899736 0.470004 0.873981 0.412994 0.925492 0.527013 480.000000 640.000000
21 0.046662 0.533020 0.018981 0.466833 0.074343 0.599207 480.000000 640.000000
13 0.441454 0.471668 0.419304 0.415361 0.463603 0.527974 480.000000 640.000000
4 0.708261 0.471539 0.690448 0.408224 0.726074 0.534854 480.000000 640.000000
28 0.495052 0.469097 0.470833 0.380208 0.519271 0.557986 480.000000 640.000000
