5 0.699126 0.569163 0.678146 0.501990 0.720107 0.636336 480.000000 640.000000
6 0.363022 0.541327 0.338229 0.472524 0.387814 0.610130 480.000000 640.000000
21 0.214328 0.529085 0.197660 0.460530 0.230996 0.597639 480.000000 640.000000
13 0.236909 0.476979 0.220603 0.421404 0.253215 0.532554 480.000000 640.000000
9 0.295864 0.444102 0.277338 0.383743 0.314389 0.504461 480.000000 640.000000
29 0.160522 0.571984 0.136893 0.508692 0.184152 0.635277 480.000000 640.000000
3 0.894624 0.471696 0.878688 0.408259 0.910561 0.535133 480.000000 640.000000
2 0.458533 0.515264 0.434018 0.456240 0.483049 0.574288 480.000000 640.000000
14 0.069206 0.465930 0.046278 0.399873 0.092133 0.531987 480.000000 640.000000
4 0.564993 0.448573 0.548553 0.388232 0.581432 0.508915 480.000000 640.000000
8 0.674730 0.488435 0.652847 0.414845 0.696613 0.562024 480.000000 640.000000
