5 0.719701 0.569769 0.695169 0.501302 0.744233 0.638237 480.000000 640.000000
6 0.388640 0.540882 0.367573 0.471281 0.409707 0.610483 480.000000 640.000000
21 0.242338 0.531138 0.214867 0.464624 0.269810 0.597651 480.000000 640.000000
9 0.266128 0.434843 0.251753 0.383617 0.280504 0.486070 480.000000 640.000000
29 0.178749 0.569687 0.162435 0.508701 0.195064 0.630674 480.000000 640.000000
3 0.925083 0.474622 0.901154 0.410462 0.949012 0.538781 480.000000 640.000000
2 0.425935 0.513223 0.405008 0.455075 0.446862 0.571371 480.000000 640.000000
14 0.044773 0.465390 0.024942 0.399696 0.064605 0.531083 480.000000 640.000000
4 0.533085 0.451839 0.510158 0.392075 0.556012 0.511603 480.000000 640.000000
8 0.704731 0.493729 0.686453 0.449972 0.723010 0.537486 480.000000 640.000000
42 0.640417 0.459891 0.619691 0.404132 0.661144 0.515650 480.000000 640.000000
13 0.196297 0.476505 0.173736 0.417552 0.218858 0.535457 480.000000 640.000000
