2 0.741075 0.525488 0.725707 0.466341 0.756442 0.584636 480.000000 640.000000
3 0.815288 0.451559 0.791694 0.391461 0.838883 0.511658 480.000000 640.000000
4 0.649157 0.472475 0.631564 0.408220 0.666750 0.536730 480.000000 640.000000
5 0.499977 0.569560 0.475405 0.503850 0.524548 0.635271 480.000000 640.000000
6 0.129597 0.547569 0.103383 0.481114 0.155810 0.614023 480.000000 640.000000
8 0.442291 0.500178 0.426867 0.437008 0.457714 0.563347 480.000000 640.000000
13 0.501773 0.464814 0.485358 0.410415 0.518188 0.519214 480.000000 640.000000
14 0.302222 0.454700 0.280935 0.390986 0.323510 0.518414 480.000000 640.000000
9 0.544194 0.441168 0.527837 0.381215 0.560550 0.501121 480.000000 640.000000
20 0.969557 0.469589 0.948641 0.412573 0.990473 0.526605 480.000000 640.000000
21 0.008590 0.505208 0.000090 0.417361 0.017090 0.593056 480.000000 640.000000
