5 0.703607 0.568595 0.683499 0.500439 0.723715 0.636750 480.000000 640.000000
6 0.367561 0.544095 0.341142 0.477063 0.393981 0.611126 480.000000 640.000000
21 0.227195 0.532628 0.207285 0.467955 0.247105 0.597301 480.000000 640.000000
9 0.292232 0.443249 0.277002 0.382959 0.307461 0.503539 480.000000 640.000000
29 0.164368 0.572457 0.139551 0.509023 0.189184 0.635892 480.000000 640.000000
3 0.901202 0.472016 0.883330 0.408556 0.919074 0.535476 480.000000 640.000000
2 0.455552 0.516011 0.432766 0.456618 0.478337 0.575404 480.000000 640.000000
14 0.068395 0.464965 0.046998 0.399721 0.089793 0.530208 480.000000 640.000000
4 0.559440 0.448039 0.543185 0.387753 0.575694 0.508324 480.000000 640.000000
8 0.681525 0.503556 0.664684 0.441707 0.698366 0.565404 480.000000 640.000000
42 0.664202 0.460489 0.645450 0.404169 0.682955 0.516808 480.000000 640.000000
43 0.226953 0.511806 0.207682 0.426389 0.246224 0.597222 480.000000 640.000000
