2 0.801088 0.525491 0.779364 0.465908 0.822812 0.585074 480.000000 640.000000
3 0.873775 0.451828 0.853919 0.390386 0.893631 0.513270 480.000000 640.000000
4 0.599238 0.477751 0.573374 0.420347 0.625101 0.535156 480.000000 640.000000
5 0.453660 0.566060 0.430350 0.499524 0.476970 0.632596 480.000000 640.000000
6 0.070939 0.546647 0.047123 0.477088 0.094755 0.616205 480.000000 640.000000
8 0.390197 0.499365 0.364446 0.437626 0.415948 0.561104 480.000000 640.000000
10 0.599423 0.417638 0.587993 0.381142 0.610853 0.454134 480.000000 640.000000
13 0.563846 0.465701 0.551276 0.409477 0.576417 0.521926 480.000000 640.000000
14 0.348501 0.460685 0.328537 0.389667 0.368464 0.531702 480.000000 640.000000
16 0.043922 0.479694 0.025010 0.416098 0.062834 0.543291 480.000000 640.000000
