5 0.665443 0.568480 0.644689 0.504771 0.686197 0.632190 480.000000 640.000000
6 0.318400 0.542352 0.296063 0.470256 0.340736 0.614447 480.000000 640.000000
21 0.173786 0.536300 0.152896 0.466605 0.194676 0.605996 480.000000 640.000000
13 0.279621 0.472006 0.267238 0.416331 0.292004 0.527682 480.000000 640.000000
9 0.340291 0.436983 0.320576 0.381921 0.360006 0.492044 480.000000 640.000000
29 0.116753 0.570616 0.096328 0.503113 0.137179 0.638119 480.000000 640.000000
3 0.848938 0.470697 0.831797 0.405796 0.866079 0.535598 480.000000 640.000000
2 0.512876 0.516248 0.498479 0.456386 0.527273 0.576111 480.000000 640.000000
33 0.730476 0.460015 0.712155 0.402754 0.748796 0.517277 480.000000 640.000000
8 0.634141 0.501687 0.617555 0.444091 0.650726 0.559283 480.000000 640.000000
14 0.108232 0.462900 0.091892 0.399726 0.124573 0.526073 480.000000 640.000000
4 0.609429 0.448815 0.591461 0.387576 0.627397 0.510053 480.000000 640.000000
