2 0.752548 0.526214 0.731011 0.466749 0.774085 0.585679 480.000000 640.000000
3 0.822438 0.452500 0.799347 0.391123 0.845530 0.513877 480.000000 640.000000
4 0.640010 0.472023 0.615471 0.407776 0.664549 0.536270 480.000000 640.000000
5 0.491525 0.567851 0.469012 0.500735 0.514038 0.634968 480.000000 640.000000
6 0.116694 0.547607 0.094962 0.480360 0.138425 0.614853 480.000000 640.000000
8 0.432966 0.502302 0.408538 0.442279 0.457394 0.562326 480.000000 640.000000
13 0.516004 0.465635 0.496723 0.410880 0.535285 0.520390 480.000000 640.000000
14 0.308461 0.458168 0.285349 0.393469 0.331572 0.522868 480.000000 640.000000
16 0.015145 0.485022 -0.000536 0.425133 0.030827 0.544910 480.000000 640.000000
9 0.553948 0.438015 0.541348 0.379295 0.566548 0.496735 480.000000 640.000000
20 0.977087 0.472044 0.954299 0.416695 0.999875 0.527394 480.000000 640.000000
