2 0.622164 0.524605 0.606208 0.465546 0.638121 0.583664 480.000000 640.000000
5 0.582724 0.568923 0.559735 0.501445 0.605714 0.636401 480.000000 640.000000
6 0.227342 0.544627 0.204328 0.473058 0.250356 0.616196 480.000000 640.000000
8 0.541382 0.500507 0.518957 0.443015 0.563807 0.557999 480.000000 640.000000
20 0.843572 0.465717 0.824985 0.408667 0.862159 0.522767 480.000000 640.000000
21 0.087978 0.537822 0.061225 0.470998 0.114730 0.604646 480.000000 640.000000
13 0.384388 0.473243 0.367625 0.415105 0.401151 0.531382 480.000000 640.000000
4 0.705408 0.449176 0.685652 0.388987 0.725164 0.509364 480.000000 640.000000
9 0.440985 0.441953 0.429777 0.382254 0.452194 0.501652 480.000000 640.000000
29 0.022924 0.574715 0.005522 0.510491 0.040325 0.638939 480.000000 640.000000
3 0.755105 0.473086 0.729066 0.409797 0.781144 0.536375 480.000000 640.000000
14 0.195328 0.459865 0.173682 0.392036 0.216974 0.527693 480.000000 640.000000
