2 0.780009 0.524793 0.764642 0.466043 0.795376 0.583543 480.000000 640.000000
3 0.852914 0.452352 0.833008 0.391269 0.872819 0.513436 480.000000 640.000000
4 0.616882 0.469906 0.601024 0.405153 0.632739 0.534660 480.000000 640.000000
5 0.468953 0.565757 0.444921 0.497970 0.492985 0.633545 480.000000 640.000000
6 0.097188 0.549650 0.069086 0.482386 0.125290 0.616915 480.000000 640.000000
8 0.410110 0.499793 0.395903 0.439821 0.424316 0.559765 480.000000 640.000000
13 0.540166 0.465819 0.520839 0.410254 0.559493 0.521384 480.000000 640.000000
14 0.334290 0.458952 0.314799 0.394022 0.353782 0.523883 480.000000 640.000000
16 0.025794 0.477380 0.007516 0.412562 0.044073 0.542199 480.000000 640.000000
9 0.576630 0.440976 0.556185 0.380754 0.597076 0.501198 480.000000 640.000000
18 0.668997 0.348669 0.660424 0.316888 0.677570 0.380450 480.000000 640.000000
