5 0.686946 0.566286 0.661782 0.496916 0.712110 0.635655 480.000000 640.000000
6 0.345088 0.541144 0.324519 0.473996 0.365658 0.608293 480.000000 640.000000
21 0.203924 0.533872 0.177111 0.468700 0.230737 0.599043 480.000000 640.000000
13 0.246015 0.474186 0.232470 0.416998 0.259559 0.531374 480.000000 640.000000
9 0.311457 0.442229 0.291690 0.380399 0.331223 0.504059 480.000000 640.000000
29 0.141273 0.570423 0.125234 0.507065 0.157312 0.633781 480.000000 640.000000
3 0.875479 0.472984 0.851435 0.410880 0.899524 0.535089 480.000000 640.000000
2 0.476816 0.514687 0.461575 0.455674 0.492057 0.573700 480.000000 640.000000
33 0.691197 0.433678 0.674982 0.400775 0.707412 0.466582 480.000000 640.000000
8 0.660820 0.506498 0.641952 0.448236 0.679688 0.564760 480.000000 640.000000
14 0.085160 0.461463 0.064619 0.399447 0.105701 0.523478 480.000000 640.000000
4 0.576354 0.449309 0.550692 0.390531 0.602017 0.508087 480.000000 640.000000
