2 0.757933 0.525901 0.733483 0.467331 0.782383 0.584471 480.000000 640.000000
3 0.833236 0.449305 0.815043 0.386010 0.851430 0.512599 480.000000 640.000000
4 0.635497 0.472664 0.612316 0.408910 0.658677 0.536418 480.000000 640.000000
5 0.489215 0.567164 0.464618 0.500275 0.513812 0.634054 480.000000 640.000000
6 0.112755 0.546410 0.093601 0.480079 0.131909 0.612741 480.000000 640.000000
8 0.428154 0.497501 0.402938 0.435632 0.453370 0.559369 480.000000 640.000000
13 0.519595 0.464895 0.501670 0.408845 0.537521 0.520945 480.000000 640.000000
14 0.313757 0.458212 0.292875 0.391500 0.334638 0.524924 480.000000 640.000000
16 0.019638 0.496108 -0.000885 0.448910 0.040160 0.543307 480.000000 640.000000
9 0.560582 0.435808 0.547481 0.380333 0.573683 0.491283 480.000000 640.000000
20 0.979875 0.471157 0.959865 0.414697 0.999886 0.527616 480.000000 640.000000
