2 0.630235 0.524303 0.614514 0.465192 0.645955 0.583413 480.000000 640.000000
5 0.575520 0.568275 0.549320 0.500356 0.601720 0.636195 480.000000 640.000000
6 0.217627 0.554716 0.194980 0.492503 0.240274 0.616928 480.000000 640.000000
8 0.537833 0.499977 0.517295 0.442504 0.558372 0.557450 480.000000 640.000000
20 0.851412 0.464956 0.832364 0.406121 0.870461 0.523791 480.000000 640.000000
21 0.085994 0.536307 0.059258 0.469280 0.112731 0.603335 480.000000 640.000000
13 0.392625 0.473466 0.374862 0.414698 0.410387 0.532235 480.000000 640.000000
4 0.716171 0.446610 0.701668 0.386510 0.730675 0.506711 480.000000 640.000000
9 0.449066 0.443042 0.435353 0.382949 0.462778 0.503136 480.000000 640.000000
29 0.019684 0.574482 0.000159 0.511540 0.039210 0.637423 480.000000 640.000000
3 0.748873 0.472693 0.727348 0.408875 0.770398 0.536511 480.000000 640.000000
14 0.202883 0.460353 0.180400 0.389435 0.225365 0.531270 480.000000 640.000000
