2 0.718703 0.525091 0.693844 0.466540 0.743562 0.583643 480.000000 640.000000
3 0.797944 0.448831 0.780965 0.386338 0.814923 0.511325 480.000000 640.000000
4 0.670139 0.471713 0.650197 0.408358 0.690080 0.535069 480.000000 640.000000
5 0.509911 0.568159 0.492172 0.500307 0.527650 0.636010 480.000000 640.000000
6 0.142222 0.547669 0.119874 0.480381 0.164571 0.614957 480.000000 640.000000
8 0.462448 0.499033 0.441411 0.437682 0.483486 0.560383 480.000000 640.000000
13 0.486648 0.466800 0.473893 0.413195 0.499402 0.520405 480.000000 640.000000
14 0.280202 0.458063 0.260801 0.387764 0.299603 0.528362 480.000000 640.000000
9 0.529208 0.439242 0.513149 0.383774 0.545267 0.494710 480.000000 640.000000
20 0.943750 0.470690 0.918083 0.414197 0.969417 0.527183 480.000000 640.000000
21 0.018091 0.531185 0.000087 0.467006 0.036095 0.595364 480.000000 640.000000
