5 0.694479 0.568075 0.672621 0.501913 0.716337 0.634236 480.000000 640.000000
6 0.352705 0.541576 0.330977 0.470616 0.374433 0.612536 480.000000 640.000000
21 0.207762 0.535883 0.184202 0.472401 0.231321 0.599366 480.000000 640.000000
13 0.236676 0.476406 0.217375 0.422191 0.255978 0.530620 480.000000 640.000000
9 0.303400 0.443648 0.277830 0.383098 0.328970 0.504198 480.000000 640.000000
29 0.149124 0.571399 0.131548 0.507056 0.166700 0.635742 480.000000 640.000000
3 0.884700 0.471791 0.867235 0.408792 0.902164 0.534790 480.000000 640.000000
2 0.465783 0.515346 0.445390 0.455650 0.486177 0.575041 480.000000 640.000000
14 0.075208 0.464567 0.056898 0.399102 0.093518 0.530032 480.000000 640.000000
4 0.571610 0.449805 0.550458 0.390475 0.592762 0.509135 480.000000 640.000000
8 0.671510 0.500923 0.655543 0.441307 0.687477 0.560539 480.000000 640.000000
