2 0.715784 0.526494 0.692936 0.466696 0.738631 0.586292 480.000000 640.000000
3 0.792884 0.449430 0.774082 0.388443 0.811685 0.510416 480.000000 640.000000
4 0.674494 0.471655 0.651803 0.409537 0.697186 0.533773 480.000000 640.000000
5 0.520875 0.566618 0.496192 0.500464 0.545557 0.632771 480.000000 640.000000
6 0.146473 0.546294 0.127168 0.476754 0.165778 0.615835 480.000000 640.000000
8 0.469512 0.493019 0.442981 0.426228 0.496043 0.559810 480.000000 640.000000
13 0.485086 0.467125 0.470503 0.414840 0.499669 0.519409 480.000000 640.000000
14 0.277335 0.458000 0.256348 0.388125 0.298322 0.527874 480.000000 640.000000
9 0.522831 0.437365 0.510349 0.382039 0.535313 0.492692 480.000000 640.000000
20 0.940346 0.471579 0.914124 0.415275 0.966569 0.527884 480.000000 640.000000
21 0.018386 0.530783 0.000062 0.467102 0.036711 0.594465 480.000000 640.000000
19 0.512903 0.567478 0.495432 0.501400 0.530373 0.633557 480.000000 640.000000
