5 0.678517 0.568424 0.653273 0.501076 0.703762 0.635771 480.000000 640.000000
6 0.340950 0.541444 0.317994 0.474579 0.363906 0.608309 480.000000 640.000000
21 0.200693 0.535339 0.176004 0.471055 0.225382 0.599623 480.000000 640.000000
13 0.255538 0.474895 0.241375 0.417160 0.269702 0.532631 480.000000 640.000000
9 0.321738 0.438230 0.306835 0.377379 0.336640 0.499081 480.000000 640.000000
29 0.134888 0.572545 0.116969 0.508924 0.152807 0.636166 480.000000 640.000000
3 0.871708 0.473173 0.845375 0.409473 0.898041 0.536874 480.000000 640.000000
2 0.485548 0.518038 0.469263 0.456469 0.501834 0.579607 480.000000 640.000000
33 0.700583 0.452584 0.681921 0.403175 0.719244 0.501994 480.000000 640.000000
8 0.652954 0.506920 0.632419 0.451030 0.673490 0.562809 480.000000 640.000000
14 0.090244 0.462401 0.067125 0.399348 0.113362 0.525454 480.000000 640.000000
4 0.583730 0.449785 0.559554 0.391092 0.607905 0.508478 480.000000 640.000000
