5 0.694611 0.566839 0.671821 0.500940 0.717400 0.632739 480.000000 640.000000
6 0.349756 0.540365 0.329141 0.469493 0.370372 0.611237 480.000000 640.000000
21 0.206174 0.534819 0.181169 0.469935 0.231179 0.599704 480.000000 640.000000
13 0.239113 0.474933 0.221820 0.419189 0.256406 0.530677 480.000000 640.000000
9 0.305917 0.443046 0.281831 0.382367 0.330003 0.503725 480.000000 640.000000
29 0.146002 0.571306 0.129765 0.506937 0.162238 0.635675 480.000000 640.000000
3 0.880759 0.472250 0.860289 0.409547 0.901230 0.534952 480.000000 640.000000
2 0.469107 0.515506 0.450984 0.455932 0.487231 0.575080 480.000000 640.000000
14 0.077259 0.464270 0.061015 0.398742 0.093503 0.529797 480.000000 640.000000
4 0.573412 0.450390 0.549880 0.390856 0.596944 0.509925 480.000000 640.000000
8 0.669198 0.501043 0.651221 0.436506 0.687174 0.565580 480.000000 640.000000
