5 0.655618 0.569060 0.636896 0.503958 0.674340 0.634163 480.000000 640.000000
6 0.308664 0.539537 0.288335 0.469173 0.328992 0.609901 480.000000 640.000000
21 0.167793 0.538084 0.140572 0.468680 0.195015 0.607489 480.000000 640.000000
13 0.287605 0.471583 0.274930 0.415995 0.300280 0.527170 480.000000 640.000000
9 0.347943 0.439717 0.330111 0.380541 0.365774 0.498892 480.000000 640.000000
29 0.106543 0.578443 0.090258 0.521760 0.122828 0.635126 480.000000 640.000000
3 0.839324 0.471590 0.816599 0.407341 0.862048 0.535839 480.000000 640.000000
2 0.521798 0.517080 0.507034 0.457880 0.536563 0.576281 480.000000 640.000000
33 0.738341 0.460291 0.716142 0.402656 0.760541 0.517927 480.000000 640.000000
8 0.622546 0.502679 0.600973 0.443439 0.644118 0.561919 480.000000 640.000000
14 0.119147 0.467087 0.098556 0.399065 0.139738 0.535109 480.000000 640.000000
4 0.615093 0.445531 0.594708 0.388731 0.635479 0.502330 480.000000 640.000000
