2 0.638450 0.525260 0.616663 0.466129 0.660238 0.584391 480.000000 640.000000
5 0.572597 0.567754 0.547372 0.500044 0.597823 0.635464 480.000000 640.000000
6 0.213921 0.556975 0.188202 0.497400 0.239639 0.616551 480.000000 640.000000
8 0.528802 0.498291 0.512763 0.440016 0.544840 0.556565 480.000000 640.000000
20 0.859242 0.467734 0.834235 0.410237 0.884249 0.525231 480.000000 640.000000
21 0.081145 0.533921 0.058456 0.466589 0.103834 0.601253 480.000000 640.000000
13 0.403950 0.473554 0.382118 0.414594 0.425782 0.532514 480.000000 640.000000
4 0.725480 0.446969 0.709928 0.388439 0.741032 0.505498 480.000000 640.000000
9 0.457072 0.444286 0.435281 0.383946 0.478864 0.504627 480.000000 640.000000
29 0.019396 0.575236 0.000112 0.513629 0.038681 0.636842 480.000000 640.000000
3 0.739071 0.473328 0.725358 0.409863 0.752784 0.536794 480.000000 640.000000
