2 0.682944 0.526494 0.658508 0.468235 0.707380 0.584752 480.000000 640.000000
3 0.766168 0.449254 0.748455 0.388858 0.783881 0.509651 480.000000 640.000000
5 0.538599 0.567859 0.511561 0.499197 0.565637 0.636521 480.000000 640.000000
6 0.175726 0.545741 0.149367 0.474967 0.202086 0.616514 480.000000 640.000000
8 0.489915 0.496024 0.473635 0.434233 0.506195 0.557816 480.000000 640.000000
14 0.252479 0.459120 0.235800 0.390277 0.269157 0.527963 480.000000 640.000000
20 0.905469 0.469513 0.880633 0.411610 0.930305 0.527416 480.000000 640.000000
21 0.042070 0.532369 0.017265 0.465845 0.066875 0.598892 480.000000 640.000000
13 0.447250 0.469992 0.428086 0.413659 0.466413 0.526325 480.000000 640.000000
25 0.489583 0.470486 0.470833 0.382639 0.508333 0.558333 480.000000 640.000000
26 0.697917 0.466667 0.681250 0.404861 0.714583 0.528472 480.000000 640.000000
27 0.702604 0.465625 0.690625 0.405903 0.714583 0.525347 480.000000 640.000000
