5 0.609484 0.568453 0.585296 0.501757 0.633671 0.635150 480.000000 640.000000
6 0.259463 0.543187 0.236040 0.470361 0.282887 0.616014 480.000000 640.000000
21 0.121221 0.541301 0.098284 0.473913 0.144158 0.608689 480.000000 640.000000
13 0.345517 0.473499 0.330032 0.416614 0.361002 0.530384 480.000000 640.000000
4 0.669996 0.448811 0.651592 0.388417 0.688401 0.509204 480.000000 640.000000
9 0.405025 0.440465 0.392342 0.379461 0.417707 0.501469 480.000000 640.000000
29 0.056087 0.575157 0.036230 0.512094 0.075944 0.638221 480.000000 640.000000
3 0.791204 0.473169 0.767532 0.409068 0.814876 0.537271 480.000000 640.000000
14 0.167817 0.461322 0.145250 0.393442 0.190384 0.529202 480.000000 640.000000
2 0.577473 0.512137 0.557738 0.446765 0.597208 0.577509 480.000000 640.000000
