2 0.749914 0.526136 0.731249 0.466482 0.768579 0.585790 480.000000 640.000000
3 0.820312 0.452975 0.796860 0.392471 0.843763 0.513479 480.000000 640.000000
4 0.640159 0.472155 0.616172 0.408351 0.664146 0.535960 480.000000 640.000000
5 0.495048 0.567787 0.470895 0.500302 0.519200 0.635272 480.000000 640.000000
6 0.119176 0.546589 0.097579 0.479912 0.140774 0.613267 480.000000 640.000000
8 0.434675 0.502543 0.411960 0.442785 0.457390 0.562302 480.000000 640.000000
13 0.514568 0.465211 0.496175 0.411105 0.532962 0.519316 480.000000 640.000000
14 0.304864 0.448458 0.286420 0.393273 0.323308 0.503644 480.000000 640.000000
16 0.011373 0.485836 -0.000444 0.424973 0.023190 0.546700 480.000000 640.000000
9 0.550323 0.439296 0.536835 0.379276 0.563812 0.499316 480.000000 640.000000
20 0.976792 0.471841 0.954003 0.416492 0.999582 0.527189 480.000000 640.000000
