5 0.614035 0.568743 0.591193 0.502590 0.636878 0.634896 480.000000 640.000000
6 0.266197 0.546099 0.243984 0.477209 0.288409 0.614990 480.000000 640.000000
21 0.124341 0.541251 0.099884 0.474828 0.148797 0.607674 480.000000 640.000000
13 0.339680 0.473021 0.319412 0.416073 0.359948 0.529968 480.000000 640.000000
4 0.663990 0.449919 0.643035 0.389151 0.684945 0.510687 480.000000 640.000000
9 0.400225 0.440276 0.385585 0.378286 0.414864 0.502265 480.000000 640.000000
29 0.060850 0.574488 0.044072 0.510970 0.077629 0.638006 480.000000 640.000000
3 0.794309 0.473162 0.768119 0.409198 0.820500 0.537126 480.000000 640.000000
14 0.161968 0.453850 0.139790 0.394702 0.184146 0.512997 480.000000 640.000000
2 0.573874 0.512710 0.550693 0.445151 0.597055 0.580269 480.000000 640.000000
