2 0.663358 0.525471 0.648414 0.465994 0.678302 0.584948 480.000000 640.000000
3 0.747560 0.450545 0.730248 0.390795 0.764872 0.510295 480.000000 640.000000
5 0.558840 0.567823 0.534324 0.501113 0.583355 0.634534 480.000000 640.000000
6 0.192123 0.545999 0.170483 0.480892 0.213763 0.611107 480.000000 640.000000
8 0.506251 0.499742 0.481789 0.441659 0.530713 0.557824 480.000000 640.000000
14 0.237917 0.457242 0.217570 0.391195 0.258263 0.523289 480.000000 640.000000
20 0.886802 0.466128 0.868096 0.408139 0.905507 0.524117 480.000000 640.000000
21 0.055153 0.534398 0.035077 0.468713 0.075229 0.600082 480.000000 640.000000
13 0.428314 0.469851 0.415793 0.413772 0.440835 0.525930 480.000000 640.000000
4 0.718296 0.473571 0.693584 0.410700 0.743009 0.536443 480.000000 640.000000
9 0.478021 0.441490 0.464169 0.377411 0.491873 0.505569 480.000000 640.000000
