2 0.684536 0.527213 0.660762 0.469682 0.708311 0.584744 480.000000 640.000000
3 0.767411 0.449861 0.748227 0.390127 0.786594 0.509595 480.000000 640.000000
4 0.688616 0.496162 0.663988 0.406161 0.713245 0.586163 480.000000 640.000000
5 0.536987 0.567464 0.510578 0.499148 0.563397 0.635781 480.000000 640.000000
6 0.174524 0.545836 0.147951 0.475467 0.201097 0.616205 480.000000 640.000000
8 0.487144 0.495194 0.472383 0.432697 0.501906 0.557691 480.000000 640.000000
14 0.256187 0.458359 0.238428 0.388644 0.273947 0.528075 480.000000 640.000000
9 0.499310 0.431676 0.487349 0.383617 0.511271 0.479735 480.000000 640.000000
20 0.909778 0.469613 0.886518 0.411936 0.933038 0.527291 480.000000 640.000000
21 0.039981 0.532090 0.017279 0.465529 0.062683 0.598652 480.000000 640.000000
13 0.449342 0.470186 0.431163 0.413291 0.467521 0.527081 480.000000 640.000000
24 0.497917 0.413194 0.488021 0.383681 0.507812 0.442708 480.000000 640.000000
