2 0.738090 0.525606 0.722319 0.466309 0.753862 0.584903 480.000000 640.000000
3 0.813904 0.451900 0.790999 0.390715 0.836810 0.513086 480.000000 640.000000
4 0.652644 0.472306 0.635810 0.407590 0.669477 0.537022 480.000000 640.000000
5 0.501068 0.569067 0.476480 0.502561 0.525656 0.635574 480.000000 640.000000
6 0.132668 0.547940 0.105845 0.481577 0.159490 0.614302 480.000000 640.000000
8 0.445143 0.499157 0.429942 0.438177 0.460343 0.560138 480.000000 640.000000
13 0.500933 0.464407 0.487945 0.410430 0.513920 0.518385 480.000000 640.000000
14 0.299261 0.455986 0.278012 0.389998 0.320509 0.521973 480.000000 640.000000
9 0.540513 0.442947 0.520236 0.381861 0.560789 0.504034 480.000000 640.000000
20 0.965639 0.469239 0.945864 0.411830 0.985414 0.526649 480.000000 640.000000
21 0.011425 0.511063 0.000156 0.428784 0.022694 0.593341 480.000000 640.000000
