2 0.647237 0.525470 0.623912 0.466298 0.670562 0.584642 480.000000 640.000000
5 0.566533 0.568524 0.543176 0.501495 0.589890 0.635552 480.000000 640.000000
6 0.206584 0.546393 0.181410 0.477080 0.231757 0.615705 480.000000 640.000000
8 0.518297 0.499643 0.502508 0.440337 0.534087 0.558948 480.000000 640.000000
14 0.227050 0.458464 0.207664 0.398220 0.246435 0.518709 480.000000 640.000000
20 0.867820 0.467586 0.844577 0.409612 0.891063 0.525560 480.000000 640.000000
21 0.069063 0.532636 0.053953 0.466403 0.084173 0.598868 480.000000 640.000000
13 0.411107 0.472585 0.391886 0.415236 0.430328 0.529934 480.000000 640.000000
4 0.729777 0.464032 0.710987 0.393489 0.748567 0.534576 480.000000 640.000000
9 0.462839 0.445059 0.441156 0.382010 0.484523 0.508107 480.000000 640.000000
29 0.014646 0.574176 0.000216 0.514007 0.029077 0.634345 480.000000 640.000000
