2 0.725236 0.524969 0.703732 0.466570 0.746739 0.583368 480.000000 640.000000
3 0.806066 0.448411 0.788256 0.386909 0.823876 0.509913 480.000000 640.000000
4 0.660269 0.472340 0.643800 0.406922 0.676739 0.537757 480.000000 640.000000
5 0.504358 0.567871 0.481855 0.499737 0.526861 0.636005 480.000000 640.000000
6 0.137970 0.548164 0.111318 0.481922 0.164623 0.614406 480.000000 640.000000
8 0.451936 0.498689 0.436163 0.437419 0.467708 0.559958 480.000000 640.000000
13 0.492338 0.465516 0.481770 0.411141 0.502907 0.519890 480.000000 640.000000
14 0.288457 0.455001 0.271746 0.388833 0.305168 0.521170 480.000000 640.000000
9 0.537116 0.439775 0.518788 0.384045 0.555444 0.495504 480.000000 640.000000
20 0.954363 0.469330 0.933919 0.411129 0.974807 0.527531 480.000000 640.000000
21 0.016753 0.530667 0.000230 0.466514 0.033276 0.594819 480.000000 640.000000
