5 0.608099 0.568385 0.583263 0.501065 0.632935 0.635705 480.000000 640.000000
6 0.254721 0.541408 0.228671 0.465353 0.280772 0.617462 480.000000 640.000000
8 0.575228 0.505853 0.554714 0.441548 0.595741 0.570159 480.000000 640.000000
20 0.804608 0.464921 0.793244 0.406269 0.815971 0.523574 480.000000 640.000000
21 0.116457 0.542042 0.096640 0.474011 0.136273 0.610073 480.000000 640.000000
13 0.351711 0.471847 0.339283 0.416010 0.364139 0.527683 480.000000 640.000000
4 0.677675 0.449233 0.661431 0.389828 0.693920 0.508639 480.000000 640.000000
9 0.406307 0.441288 0.390355 0.380218 0.422260 0.502358 480.000000 640.000000
29 0.052857 0.575653 0.029608 0.513021 0.076107 0.638285 480.000000 640.000000
3 0.784829 0.471662 0.766644 0.408062 0.803013 0.535263 480.000000 640.000000
14 0.171384 0.461082 0.149344 0.392155 0.193424 0.530009 480.000000 640.000000
2 0.586195 0.510178 0.572215 0.454632 0.600175 0.565724 480.000000 640.000000
