1 0.981594 0.614483 0.963292 0.550347 0.999895 0.678619 480.000000 640.000000
2 0.831103 0.527011 0.808965 0.467917 0.853242 0.586104 480.000000 640.000000
3 0.897191 0.454741 0.870769 0.393787 0.923614 0.515696 480.000000 640.000000
4 0.574558 0.472187 0.557798 0.409693 0.591317 0.534681 480.000000 640.000000
5 0.433138 0.566797 0.409371 0.497978 0.456905 0.635615 480.000000 640.000000
6 0.053342 0.558402 0.026384 0.499447 0.080299 0.617357 480.000000 640.000000
8 0.373168 0.474251 0.349992 0.388992 0.396345 0.559510 480.000000 640.000000
9 0.593481 0.467252 0.577825 0.408814 0.609138 0.525691 480.000000 640.000000
10 0.620465 0.441643 0.604308 0.383855 0.636621 0.499430 480.000000 640.000000
11 0.451823 0.581597 0.442708 0.548611 0.460938 0.614583 480.000000 640.000000
