2 0.765134 0.525457 0.744796 0.466507 0.785472 0.584406 480.000000 640.000000
3 0.843323 0.450629 0.825696 0.388350 0.860950 0.512908 480.000000 640.000000
4 0.629101 0.472033 0.608901 0.406849 0.649301 0.537217 480.000000 640.000000
5 0.478612 0.567835 0.457468 0.499644 0.499756 0.636026 480.000000 640.000000
6 0.103876 0.549638 0.078053 0.482464 0.129699 0.616813 480.000000 640.000000
8 0.423410 0.499060 0.402065 0.438898 0.444756 0.559221 480.000000 640.000000
13 0.528930 0.463815 0.515717 0.406825 0.542143 0.520804 480.000000 640.000000
14 0.320338 0.457084 0.303390 0.390501 0.337287 0.523666 480.000000 640.000000
16 0.020688 0.481117 -0.001015 0.417799 0.042390 0.544436 480.000000 640.000000
9 0.566350 0.437643 0.547792 0.381331 0.584908 0.493955 480.000000 640.000000
19 0.496671 0.577188 0.482197 0.537029 0.511146 0.617347 480.000000 640.000000
20 0.988466 0.469013 0.977008 0.410753 0.999924 0.527272 480.000000 640.000000
