5 0.634039 0.569333 0.612719 0.503122 0.655360 0.635543 480.000000 640.000000
6 0.282575 0.543589 0.257743 0.472651 0.307408 0.614528 480.000000 640.000000
21 0.142576 0.540706 0.123311 0.473425 0.161841 0.607988 480.000000 640.000000
13 0.322058 0.474462 0.307495 0.418200 0.336622 0.530724 480.000000 640.000000
4 0.651818 0.452827 0.631902 0.388776 0.671734 0.516878 480.000000 640.000000
9 0.381262 0.443108 0.358053 0.382048 0.404472 0.504167 480.000000 640.000000
29 0.081760 0.573851 0.059197 0.510059 0.104323 0.637643 480.000000 640.000000
3 0.810994 0.471289 0.795626 0.407324 0.826363 0.535253 480.000000 640.000000
14 0.142744 0.444810 0.127371 0.392552 0.158117 0.497069 480.000000 640.000000
2 0.556598 0.519742 0.542176 0.461152 0.571021 0.578332 480.000000 640.000000
33 0.774061 0.461122 0.755427 0.404587 0.792695 0.517657 480.000000 640.000000
8 0.598881 0.499117 0.583305 0.438940 0.614457 0.559293 480.000000 640.000000
