2 0.776731 0.524170 0.761346 0.465467 0.792117 0.582873 480.000000 640.000000
3 0.849802 0.451215 0.831860 0.389642 0.867745 0.512788 480.000000 640.000000
4 0.619908 0.470624 0.604690 0.406343 0.635127 0.534905 480.000000 640.000000
5 0.470440 0.566743 0.448541 0.498108 0.492338 0.635379 480.000000 640.000000
6 0.099305 0.549967 0.070527 0.482771 0.128084 0.617163 480.000000 640.000000
8 0.412482 0.498204 0.398587 0.439481 0.426377 0.556928 480.000000 640.000000
13 0.536614 0.465718 0.519344 0.410364 0.553884 0.521073 480.000000 640.000000
14 0.329831 0.458196 0.311673 0.393011 0.347988 0.523381 480.000000 640.000000
16 0.022819 0.477753 0.003054 0.412831 0.042585 0.542675 480.000000 640.000000
9 0.574259 0.441343 0.553405 0.381321 0.595113 0.501365 480.000000 640.000000
18 0.668425 0.349371 0.660540 0.317187 0.676310 0.381556 480.000000 640.000000
19 0.490365 0.578819 0.480729 0.539583 0.500000 0.618056 480.000000 640.000000
