5 0.607450 0.568203 0.582371 0.500286 0.632530 0.636120 480.000000 640.000000
6 0.253602 0.541216 0.226690 0.465610 0.280514 0.616822 480.000000 640.000000
8 0.568255 0.498198 0.553447 0.439297 0.583062 0.557099 480.000000 640.000000
20 0.807358 0.463681 0.791576 0.405167 0.823140 0.522194 480.000000 640.000000
21 0.114261 0.542868 0.094959 0.475592 0.133563 0.610144 480.000000 640.000000
13 0.356242 0.470599 0.343976 0.416020 0.368508 0.525179 480.000000 640.000000
4 0.680663 0.449895 0.664048 0.389114 0.697278 0.510676 480.000000 640.000000
9 0.408607 0.441916 0.391501 0.381010 0.425714 0.502822 480.000000 640.000000
29 0.051663 0.576075 0.027669 0.513838 0.075657 0.638312 480.000000 640.000000
3 0.782612 0.471049 0.766343 0.406770 0.798881 0.535328 480.000000 640.000000
14 0.172618 0.461394 0.151227 0.391261 0.194008 0.531527 480.000000 640.000000
2 0.588551 0.503763 0.574780 0.459923 0.602322 0.547603 480.000000 640.000000
