5 0.684991 0.568391 0.663560 0.501898 0.706423 0.634884 480.000000 640.000000
6 0.342515 0.539866 0.320855 0.473438 0.364175 0.606293 480.000000 640.000000
21 0.202223 0.535607 0.176244 0.471480 0.228202 0.599734 480.000000 640.000000
13 0.251168 0.474104 0.238098 0.416594 0.264239 0.531615 480.000000 640.000000
9 0.319060 0.439584 0.303872 0.377552 0.334247 0.501616 480.000000 640.000000
29 0.137047 0.572065 0.120891 0.507989 0.153203 0.636141 480.000000 640.000000
3 0.873358 0.473034 0.847288 0.410146 0.899429 0.535922 480.000000 640.000000
2 0.482421 0.515390 0.467433 0.455819 0.497409 0.574961 480.000000 640.000000
33 0.697860 0.449538 0.679906 0.402392 0.715815 0.496684 480.000000 640.000000
8 0.655108 0.507773 0.634277 0.451503 0.675939 0.564042 480.000000 640.000000
14 0.089215 0.462521 0.066528 0.399842 0.111902 0.525201 480.000000 640.000000
4 0.581196 0.449838 0.556921 0.391214 0.605471 0.508463 480.000000 640.000000
