1 0.994593 0.629897 0.989242 0.582004 0.999945 0.677790 480.000000 640.000000
2 0.804618 0.525314 0.785058 0.465479 0.824178 0.585150 480.000000 640.000000
3 0.878937 0.451642 0.861734 0.390365 0.896141 0.512919 480.000000 640.000000
4 0.598049 0.477029 0.572594 0.419527 0.623505 0.534530 480.000000 640.000000
5 0.453930 0.562962 0.429019 0.499741 0.478841 0.626182 480.000000 640.000000
6 0.069997 0.547182 0.046765 0.477068 0.093228 0.617297 480.000000 640.000000
8 0.388524 0.499566 0.362867 0.438229 0.414182 0.560904 480.000000 640.000000
10 0.601679 0.419221 0.589914 0.381958 0.613444 0.456483 480.000000 640.000000
13 0.563956 0.463848 0.548371 0.408785 0.579540 0.518910 480.000000 640.000000
14 0.352047 0.459768 0.334628 0.389505 0.369465 0.530030 480.000000 640.000000
16 0.045525 0.479954 0.025866 0.415977 0.065185 0.543931 480.000000 640.000000
