2 0.616335 0.523982 0.599415 0.465817 0.633254 0.582148 480.000000 640.000000
5 0.590427 0.568258 0.569132 0.502340 0.611722 0.634176 480.000000 640.000000
6 0.236023 0.538967 0.210517 0.470999 0.261529 0.606935 480.000000 640.000000
8 0.546963 0.500715 0.525302 0.444018 0.568623 0.557413 480.000000 640.000000
20 0.832098 0.464158 0.810497 0.405110 0.853699 0.523206 480.000000 640.000000
21 0.091926 0.537823 0.067613 0.469913 0.116238 0.605733 480.000000 640.000000
13 0.376606 0.473625 0.356109 0.416410 0.397102 0.530839 480.000000 640.000000
4 0.698709 0.450058 0.674971 0.390692 0.722447 0.509424 480.000000 640.000000
9 0.431664 0.440853 0.417727 0.381245 0.445602 0.500461 480.000000 640.000000
29 0.029483 0.574641 0.012618 0.510758 0.046348 0.638524 480.000000 640.000000
3 0.760184 0.472365 0.736501 0.408948 0.783866 0.535782 480.000000 640.000000
14 0.194557 0.454916 0.172225 0.393764 0.216889 0.516068 480.000000 640.000000
