2 0.681447 0.526694 0.657749 0.468389 0.705145 0.584999 480.000000 640.000000
3 0.764034 0.449036 0.747542 0.388844 0.780526 0.509227 480.000000 640.000000
5 0.539249 0.567809 0.512732 0.499479 0.565765 0.636140 480.000000 640.000000
6 0.177024 0.544404 0.150671 0.472348 0.203378 0.616460 480.000000 640.000000
8 0.492575 0.495687 0.475617 0.433237 0.509534 0.558136 480.000000 640.000000
14 0.249428 0.458311 0.232610 0.389155 0.266246 0.527467 480.000000 640.000000
20 0.902859 0.469703 0.877064 0.411717 0.928654 0.527689 480.000000 640.000000
21 0.043853 0.532751 0.017738 0.466461 0.069967 0.599042 480.000000 640.000000
13 0.445714 0.470174 0.425331 0.413605 0.466097 0.526743 480.000000 640.000000
4 0.700031 0.477868 0.682859 0.407214 0.717202 0.548522 480.000000 640.000000
