2 0.655152 0.525193 0.636577 0.465680 0.673726 0.584706 480.000000 640.000000
3 0.747594 0.450375 0.732473 0.391849 0.762715 0.508901 480.000000 640.000000
5 0.561776 0.567379 0.538111 0.501098 0.585441 0.633661 480.000000 640.000000
6 0.197153 0.547819 0.174875 0.480379 0.219430 0.615259 480.000000 640.000000
8 0.509708 0.500276 0.487466 0.442540 0.531950 0.558012 480.000000 640.000000
14 0.234200 0.456561 0.213588 0.393380 0.254811 0.519741 480.000000 640.000000
20 0.880351 0.466573 0.862416 0.407742 0.898286 0.525405 480.000000 640.000000
21 0.061534 0.533716 0.045978 0.467958 0.077090 0.599474 480.000000 640.000000
13 0.419398 0.470881 0.403567 0.413696 0.435229 0.528067 480.000000 640.000000
4 0.719215 0.472719 0.696894 0.409312 0.741536 0.536126 480.000000 640.000000
9 0.472472 0.442578 0.458102 0.378226 0.486841 0.506930 480.000000 640.000000
29 0.006415 0.574306 0.000037 0.514236 0.012793 0.634375 480.000000 640.000000
