5 0.643331 0.569888 0.619977 0.503594 0.666685 0.636182 480.000000 640.000000
6 0.297151 0.544619 0.271893 0.474897 0.322409 0.614342 480.000000 640.000000
21 0.159174 0.538575 0.133134 0.468315 0.185215 0.608835 480.000000 640.000000
13 0.304673 0.473287 0.285099 0.416529 0.324247 0.530046 480.000000 640.000000
4 0.634639 0.445280 0.618073 0.386816 0.651204 0.503744 480.000000 640.000000
9 0.366764 0.442273 0.354448 0.381856 0.379080 0.502690 480.000000 640.000000
29 0.093854 0.572898 0.070008 0.509216 0.117699 0.636579 480.000000 640.000000
3 0.830582 0.472044 0.805550 0.407784 0.855615 0.536304 480.000000 640.000000
2 0.534556 0.519272 0.511075 0.460251 0.558038 0.578293 480.000000 640.000000
33 0.752408 0.460726 0.729202 0.403822 0.775614 0.517629 480.000000 640.000000
8 0.611567 0.502702 0.592466 0.444864 0.630668 0.560539 480.000000 640.000000
14 0.127616 0.460665 0.109504 0.393654 0.145729 0.527676 480.000000 640.000000
38 0.298438 0.517708 0.272396 0.420833 0.324479 0.614583 480.000000 640.000000
