2 0.754430 0.526395 0.730967 0.467428 0.777894 0.585363 480.000000 640.000000
3 0.825603 0.451208 0.803420 0.389341 0.847786 0.513074 480.000000 640.000000
4 0.639404 0.472257 0.614384 0.408051 0.664423 0.536463 480.000000 640.000000
5 0.488241 0.567410 0.467501 0.500643 0.508981 0.634177 480.000000 640.000000
6 0.114830 0.547316 0.093815 0.480379 0.135845 0.614253 480.000000 640.000000
8 0.430940 0.500409 0.405268 0.439666 0.456612 0.561153 480.000000 640.000000
13 0.516748 0.465512 0.497193 0.410848 0.536303 0.520177 480.000000 640.000000
14 0.310155 0.458136 0.286788 0.392131 0.333522 0.524140 480.000000 640.000000
16 0.016810 0.483129 -0.000660 0.421828 0.034280 0.544430 480.000000 640.000000
9 0.556404 0.438785 0.544277 0.379367 0.568531 0.498202 480.000000 640.000000
20 0.977300 0.471839 0.954709 0.415758 0.999891 0.527919 480.000000 640.000000
