1 0.985166 0.619983 0.970292 0.559273 1.000039 0.680693 480.000000 640.000000
2 0.816487 0.525989 0.801086 0.466735 0.831888 0.585243 480.000000 640.000000
3 0.885050 0.451054 0.870560 0.391142 0.899541 0.510967 480.000000 640.000000
4 0.590372 0.472579 0.571284 0.410388 0.609460 0.534770 480.000000 640.000000
5 0.446716 0.567391 0.423890 0.499219 0.469541 0.635563 480.000000 640.000000
6 0.063097 0.534269 0.035826 0.450824 0.090367 0.617715 480.000000 640.000000
8 0.375302 0.494293 0.347944 0.428217 0.402661 0.560368 480.000000 640.000000
10 0.613067 0.439212 0.596889 0.383642 0.629245 0.494783 480.000000 640.000000
12 0.462816 0.581270 0.449005 0.547453 0.476626 0.615087 480.000000 640.000000
13 0.571585 0.463440 0.556583 0.409554 0.586586 0.517326 480.000000 640.000000
14 0.360394 0.436652 0.345237 0.388947 0.375552 0.484358 480.000000 640.000000
15 0.061475 0.520833 0.031803 0.423958 0.091146 0.617708 480.000000 640.000000
