5 0.665575 0.569294 0.644981 0.505743 0.686169 0.632845 480.000000 640.000000
6 0.314888 0.541711 0.295037 0.469415 0.334738 0.614008 480.000000 640.000000
21 0.171443 0.536911 0.147787 0.466932 0.195099 0.606889 480.000000 640.000000
13 0.282114 0.471994 0.270323 0.415761 0.293904 0.528227 480.000000 640.000000
9 0.345346 0.441990 0.323403 0.381720 0.367290 0.502260 480.000000 640.000000
29 0.112815 0.569610 0.093949 0.501071 0.131681 0.638148 480.000000 640.000000
3 0.844233 0.470527 0.824600 0.405773 0.863865 0.535280 480.000000 640.000000
2 0.515928 0.516815 0.501563 0.456771 0.530292 0.576859 480.000000 640.000000
33 0.732428 0.459968 0.713689 0.402819 0.751167 0.517116 480.000000 640.000000
8 0.630074 0.504266 0.612270 0.447313 0.647879 0.561220 480.000000 640.000000
14 0.111561 0.465733 0.094950 0.399546 0.128173 0.531920 480.000000 640.000000
4 0.610186 0.448792 0.591832 0.388358 0.628539 0.509226 480.000000 640.000000
