5 0.600064 0.552930 0.578872 0.469999 0.621256 0.635862 480.000000 640.000000
6 0.248080 0.543781 0.221667 0.469787 0.274493 0.617776 480.000000 640.000000
8 0.562009 0.496482 0.546667 0.435561 0.577351 0.557404 480.000000 640.000000
20 0.820859 0.465100 0.796526 0.407506 0.845192 0.522695 480.000000 640.000000
21 0.106040 0.538991 0.085919 0.471916 0.126161 0.606066 480.000000 640.000000
13 0.369743 0.474544 0.351393 0.416602 0.388094 0.532487 480.000000 640.000000
4 0.689765 0.450305 0.670487 0.390663 0.709043 0.509948 480.000000 640.000000
9 0.421237 0.443669 0.397966 0.382577 0.444509 0.504761 480.000000 640.000000
29 0.047055 0.575781 0.022888 0.512796 0.071222 0.638767 480.000000 640.000000
3 0.772807 0.470450 0.755986 0.405929 0.789628 0.534972 480.000000 640.000000
14 0.179993 0.460294 0.163167 0.391823 0.196818 0.528764 480.000000 640.000000
