2 0.710649 0.525878 0.693200 0.466613 0.728097 0.585143 480.000000 640.000000
3 0.785754 0.450480 0.764196 0.389792 0.807311 0.511168 480.000000 640.000000
4 0.676100 0.471136 0.653783 0.409787 0.698418 0.532484 480.000000 640.000000
5 0.524755 0.567057 0.499199 0.500757 0.550311 0.633356 480.000000 640.000000
6 0.150467 0.546604 0.130765 0.477968 0.170170 0.615240 480.000000 640.000000
8 0.471330 0.499275 0.444497 0.438746 0.498162 0.559803 480.000000 640.000000
14 0.274332 0.460190 0.251039 0.389757 0.297625 0.530622 480.000000 640.000000
9 0.516275 0.440093 0.504850 0.380476 0.527699 0.499710 480.000000 640.000000
20 0.937274 0.472707 0.914236 0.416273 0.960311 0.529141 480.000000 640.000000
21 0.018425 0.530555 0.000325 0.463652 0.036526 0.597457 480.000000 640.000000
22 0.474740 0.449653 0.461719 0.415278 0.487760 0.484028 480.000000 640.000000
