5 0.714047 0.568616 0.689576 0.498620 0.738517 0.638612 480.000000 640.000000
6 0.377577 0.544417 0.355703 0.477972 0.399451 0.610863 480.000000 640.000000
21 0.232165 0.526054 0.209193 0.454339 0.255137 0.597768 480.000000 640.000000
9 0.280628 0.441686 0.268242 0.380975 0.293015 0.502396 480.000000 640.000000
29 0.170338 0.571431 0.146894 0.506746 0.193781 0.636116 480.000000 640.000000
3 0.914187 0.474631 0.887257 0.411976 0.941117 0.537287 480.000000 640.000000
2 0.441130 0.513074 0.427437 0.453771 0.454823 0.572378 480.000000 640.000000
14 0.050634 0.462216 0.031758 0.398799 0.069511 0.525633 480.000000 640.000000
4 0.542506 0.449953 0.520082 0.390848 0.564931 0.509059 480.000000 640.000000
8 0.691148 0.509225 0.669935 0.450819 0.712362 0.567630 480.000000 640.000000
42 0.655521 0.459488 0.638056 0.403251 0.672987 0.515726 480.000000 640.000000
45 0.209375 0.475000 0.197396 0.420486 0.221354 0.529514 480.000000 640.000000
