2 0.668432 0.524783 0.653336 0.465594 0.683528 0.583972 480.000000 640.000000
3 0.749425 0.449851 0.731234 0.389770 0.767617 0.509932 480.000000 640.000000
5 0.550102 0.568376 0.530216 0.501267 0.569988 0.635485 480.000000 640.000000
6 0.186024 0.544717 0.167138 0.473919 0.204909 0.615514 480.000000 640.000000
8 0.503243 0.498448 0.478782 0.438795 0.527704 0.558101 480.000000 640.000000
14 0.239466 0.458587 0.216055 0.390761 0.262877 0.526413 480.000000 640.000000
20 0.891639 0.468197 0.872180 0.411501 0.911097 0.524893 480.000000 640.000000
21 0.050726 0.533636 0.026358 0.467506 0.075094 0.599767 480.000000 640.000000
13 0.433420 0.471909 0.414688 0.415305 0.452152 0.528512 480.000000 640.000000
4 0.716342 0.473641 0.692250 0.410059 0.740435 0.537223 480.000000 640.000000
9 0.480906 0.440153 0.469922 0.376938 0.491889 0.503369 480.000000 640.000000
