5 0.644547 0.570299 0.621081 0.503977 0.668012 0.636620 480.000000 640.000000
6 0.301182 0.543155 0.275544 0.471802 0.326820 0.614508 480.000000 640.000000
21 0.159541 0.538910 0.129093 0.468803 0.189988 0.609017 480.000000 640.000000
13 0.299037 0.465674 0.282819 0.417759 0.315255 0.513588 480.000000 640.000000
4 0.632286 0.445767 0.615368 0.386772 0.649204 0.504761 480.000000 640.000000
9 0.364384 0.442114 0.352878 0.381730 0.375889 0.502497 480.000000 640.000000
29 0.095652 0.572422 0.073706 0.509297 0.117597 0.635547 480.000000 640.000000
3 0.832332 0.471949 0.806105 0.407683 0.858558 0.536216 480.000000 640.000000
2 0.533313 0.519233 0.509623 0.460454 0.557003 0.578012 480.000000 640.000000
33 0.748981 0.460728 0.724753 0.403757 0.773209 0.517700 480.000000 640.000000
8 0.615205 0.502603 0.593260 0.444300 0.637149 0.560906 480.000000 640.000000
14 0.127269 0.460807 0.108916 0.394532 0.145622 0.527082 480.000000 640.000000
