2 0.611789 0.521553 0.596542 0.465985 0.627036 0.577121 480.000000 640.000000
5 0.599128 0.568086 0.572889 0.502951 0.625366 0.633221 480.000000 640.000000
6 0.238332 0.543436 0.214969 0.470784 0.261695 0.616088 480.000000 640.000000
8 0.552428 0.499501 0.533878 0.442026 0.570977 0.556976 480.000000 640.000000
20 0.825140 0.465600 0.800740 0.408502 0.849539 0.522697 480.000000 640.000000
21 0.097595 0.537670 0.075319 0.469821 0.119870 0.605519 480.000000 640.000000
13 0.373147 0.473827 0.350735 0.416970 0.395559 0.530684 480.000000 640.000000
4 0.694659 0.449778 0.670406 0.389523 0.718913 0.510033 480.000000 640.000000
9 0.426743 0.442641 0.407991 0.382060 0.445495 0.503222 480.000000 640.000000
29 0.037422 0.575551 0.016684 0.511645 0.058160 0.639456 480.000000 640.000000
3 0.763491 0.471873 0.743237 0.407610 0.783745 0.536136 480.000000 640.000000
14 0.189998 0.459237 0.169381 0.393368 0.210615 0.525105 480.000000 640.000000
31 0.610417 0.500694 0.597396 0.465625 0.623437 0.535764 480.000000 640.000000
