2 0.625464 0.523958 0.610704 0.464841 0.640225 0.583075 480.000000 640.000000
5 0.579741 0.569152 0.555546 0.500859 0.603935 0.637444 480.000000 640.000000
6 0.223007 0.546149 0.202215 0.475169 0.243799 0.617128 480.000000 640.000000
8 0.540342 0.500036 0.518231 0.442669 0.562453 0.557404 480.000000 640.000000
20 0.846005 0.466069 0.827478 0.410032 0.864532 0.522106 480.000000 640.000000
21 0.087418 0.537429 0.060346 0.470321 0.114491 0.604538 480.000000 640.000000
13 0.386880 0.473713 0.370322 0.415362 0.403437 0.532064 480.000000 640.000000
4 0.708862 0.448486 0.690244 0.387787 0.727480 0.509185 480.000000 640.000000
9 0.443700 0.442521 0.431886 0.382879 0.455514 0.502164 480.000000 640.000000
29 0.021500 0.574840 0.003157 0.510987 0.039842 0.638694 480.000000 640.000000
3 0.753693 0.473027 0.728495 0.409115 0.778891 0.536939 480.000000 640.000000
14 0.197304 0.460618 0.175337 0.391817 0.219272 0.529418 480.000000 640.000000
