2 0.618624 0.524844 0.601574 0.465808 0.635675 0.583880 480.000000 640.000000
5 0.584436 0.568821 0.564356 0.502120 0.604516 0.635522 480.000000 640.000000
6 0.230891 0.544284 0.206578 0.471837 0.255203 0.616730 480.000000 640.000000
8 0.542779 0.500215 0.520325 0.442442 0.565232 0.557988 480.000000 640.000000
20 0.839973 0.465343 0.822753 0.408357 0.857193 0.522328 480.000000 640.000000
21 0.088784 0.537739 0.062768 0.470107 0.114799 0.605371 480.000000 640.000000
13 0.381309 0.473749 0.363248 0.415234 0.399370 0.532263 480.000000 640.000000
4 0.702057 0.449691 0.680524 0.389914 0.723590 0.509468 480.000000 640.000000
9 0.437770 0.441509 0.425988 0.381097 0.449553 0.501921 480.000000 640.000000
29 0.025331 0.573768 0.008251 0.510793 0.042411 0.636743 480.000000 640.000000
3 0.755976 0.473050 0.729945 0.410240 0.782008 0.535860 480.000000 640.000000
14 0.195201 0.460046 0.172839 0.392602 0.217563 0.527491 480.000000 640.000000
