5 0.716469 0.568356 0.691158 0.497703 0.741781 0.639010 480.000000 640.000000
6 0.381366 0.542684 0.362052 0.473641 0.400680 0.611727 480.000000 640.000000
21 0.238946 0.529100 0.212678 0.460118 0.265214 0.598083 480.000000 640.000000
9 0.273791 0.441996 0.259393 0.381891 0.288188 0.502102 480.000000 640.000000
29 0.174343 0.569303 0.154903 0.504195 0.193783 0.634410 480.000000 640.000000
3 0.917734 0.475287 0.890391 0.413091 0.945078 0.537483 480.000000 640.000000
2 0.433616 0.512452 0.417099 0.452978 0.450133 0.571927 480.000000 640.000000
14 0.051671 0.463157 0.027979 0.399226 0.075363 0.527088 480.000000 640.000000
4 0.537628 0.451244 0.512636 0.391552 0.562621 0.510936 480.000000 640.000000
8 0.695075 0.509305 0.672418 0.450766 0.717731 0.567843 480.000000 640.000000
42 0.651839 0.459690 0.633266 0.402047 0.670412 0.517332 480.000000 640.000000
45 0.205253 0.478242 0.190283 0.423324 0.220222 0.533159 480.000000 640.000000
46 0.204297 0.499306 0.188932 0.465972 0.219661 0.532639 480.000000 640.000000
