5 0.635080 0.570545 0.614437 0.506354 0.655723 0.634737 480.000000 640.000000
6 0.285668 0.542034 0.260029 0.471160 0.311308 0.612908 480.000000 640.000000
21 0.144450 0.542452 0.126270 0.477148 0.162629 0.607755 480.000000 640.000000
13 0.319043 0.474094 0.305861 0.416893 0.332224 0.531294 480.000000 640.000000
4 0.648846 0.447843 0.630747 0.387636 0.666945 0.508050 480.000000 640.000000
9 0.379880 0.443327 0.357796 0.382930 0.401964 0.503723 480.000000 640.000000
29 0.085379 0.573878 0.061419 0.510461 0.109339 0.637294 480.000000 640.000000
3 0.814708 0.471168 0.799694 0.406776 0.829721 0.535560 480.000000 640.000000
14 0.140622 0.446060 0.125091 0.391890 0.156152 0.500231 480.000000 640.000000
2 0.553723 0.520827 0.538924 0.461520 0.568523 0.580135 480.000000 640.000000
33 0.771535 0.459980 0.753128 0.402036 0.789942 0.517923 480.000000 640.000000
8 0.600783 0.499608 0.585928 0.440055 0.615639 0.559160 480.000000 640.000000
