1 0.548868 0.596652 0.526252 0.533649 0.571483 0.659656 480.000000 640.000000
3 0.206689 0.868667 0.188253 0.790569 0.225126 0.946765 480.000000 640.000000
4 0.239384 0.589906 0.218847 0.531331 0.259920 0.648482 480.000000 640.000000
6 0.319302 0.663243 0.290247 0.588293 0.348356 0.738193 480.000000 640.000000
7 0.421972 0.499991 0.402469 0.440972 0.441474 0.559009 480.000000 640.000000
8 0.418840 0.583568 0.391399 0.514541 0.446280 0.652595 480.000000 640.000000
10 0.554654 0.494505 0.539853 0.435465 0.569456 0.553545 480.000000 640.000000
11 0.891992 0.562235 0.866949 0.485639 0.917036 0.638830 480.000000 640.000000
16 0.286843 0.534268 0.273928 0.473147 0.299757 0.595388 480.000000 640.000000
18 0.267576 0.561908 0.247522 0.506937 0.287630 0.616878 480.000000 640.000000
19 0.173875 0.460560 0.156092 0.399984 0.191658 0.521136 480.000000 640.000000
23 0.463339 0.512446 0.440087 0.448845 0.486591 0.576048 480.000000 640.000000
24 0.658890 0.451717 0.633834 0.388988 0.683946 0.514447 480.000000 640.000000
20 0.128733 0.547766 0.102757 0.483282 0.154710 0.612251 480.000000 640.000000
21 0.982312 0.478470 0.963772 0.408806 1.000852 0.548133 480.000000 640.000000
32 0.095358 0.527000 0.081339 0.468063 0.109376 0.585937 480.000000 640.000000
15 0.334017 0.507401 0.307551 0.446486 0.360482 0.568316 480.000000 640.000000
34 0.040222 0.612803 0.020383 0.532124 0.060061 0.693481 480.000000 640.000000
2 0.791116 0.550341 0.770755 0.491872 0.811477 0.608810 480.000000 640.000000
25 0.718180 0.523879 0.696004 0.461249 0.740355 0.586508 480.000000 640.000000
22 0.499883 0.464167 0.478706 0.410596 0.521060 0.517739 480.000000 640.000000
5 0.338489 0.626454 0.321537 0.559913 0.355441 0.692995 480.000000 640.000000
