1 0.636946 0.599301 0.609282 0.537238 0.664610 0.661365 480.000000 640.000000
3 0.288164 0.920315 0.269615 0.840503 0.306713 1.000126 480.000000 640.000000
8 0.518607 0.581245 0.504962 0.516664 0.532252 0.645827 480.000000 640.000000
10 0.473314 0.495385 0.452030 0.434969 0.494599 0.555801 480.000000 640.000000
11 0.971072 0.565499 0.946605 0.494787 0.995539 0.636211 480.000000 640.000000
23 0.374725 0.500861 0.355292 0.440938 0.394158 0.560784 480.000000 640.000000
24 0.760798 0.464013 0.741602 0.400588 0.779994 0.527437 480.000000 640.000000
15 0.259478 0.468034 0.238933 0.401779 0.280023 0.534289 480.000000 640.000000
34 0.136848 0.623200 0.116917 0.539321 0.156779 0.707079 480.000000 640.000000
2 0.892470 0.542178 0.873699 0.483789 0.911241 0.600568 480.000000 640.000000
38 0.396330 0.641738 0.366343 0.549728 0.426317 0.733749 480.000000 640.000000
22 0.572017 0.463925 0.549978 0.410268 0.594056 0.517581 480.000000 640.000000
25 0.628011 0.511797 0.613070 0.458051 0.642953 0.565543 480.000000 640.000000
44 0.214380 0.552768 0.187942 0.482969 0.240818 0.622567 480.000000 640.000000
20 0.204776 0.519939 0.188234 0.468989 0.221318 0.570890 480.000000 640.000000
40 0.971653 0.564854 0.951750 0.498556 0.991556 0.631152 480.000000 640.000000
46 0.328560 0.495590 0.314640 0.434835 0.342479 0.556345 480.000000 640.000000
4 0.349526 0.580048 0.325414 0.514025 0.373638 0.646070 480.000000 640.000000
48 0.358073 0.578819 0.326302 0.512500 0.389844 0.645139 480.000000 640.000000
49 0.007286 0.550694 0.000020 0.487847 0.014551 0.613542 480.000000 640.000000
