1 0.476344 0.596585 0.450148 0.534616 0.502540 0.658554 480.000000 640.000000
2 0.700600 0.556740 0.684192 0.496580 0.717009 0.616899 480.000000 640.000000
3 0.135761 0.830051 0.117911 0.754382 0.153611 0.905720 480.000000 640.000000
4 0.147142 0.589571 0.127385 0.528628 0.166899 0.650513 480.000000 640.000000
5 0.280416 0.630573 0.263911 0.562487 0.296922 0.698658 480.000000 640.000000
6 0.251966 0.659663 0.235635 0.584551 0.268297 0.734775 480.000000 640.000000
7 0.504990 0.506730 0.484580 0.446271 0.525399 0.567188 480.000000 640.000000
8 0.333789 0.589666 0.306701 0.527133 0.360877 0.652199 480.000000 640.000000
9 0.986007 0.485408 0.971928 0.432918 1.000086 0.537898 480.000000 640.000000
10 0.620253 0.497968 0.605895 0.437784 0.634610 0.558152 480.000000 640.000000
11 0.814025 0.567460 0.787089 0.490435 0.840962 0.644485 480.000000 640.000000
12 0.919123 0.487254 0.896344 0.427457 0.941901 0.547051 480.000000 640.000000
14 0.012155 0.534128 0.000165 0.473833 0.024146 0.594422 480.000000 640.000000
15 0.413422 0.510475 0.387010 0.450147 0.439835 0.570803 480.000000 640.000000
16 0.216927 0.532463 0.203038 0.472046 0.230816 0.592880 480.000000 640.000000
18 0.196543 0.561123 0.176491 0.504835 0.216596 0.617411 480.000000 640.000000
19 0.102853 0.463080 0.082569 0.401823 0.123136 0.524337 480.000000 640.000000
21 0.904732 0.464365 0.890507 0.403506 0.918957 0.525225 480.000000 640.000000
22 0.438930 0.465879 0.422208 0.413942 0.455651 0.517816 480.000000 640.000000
23 0.544271 0.517708 0.521354 0.453819 0.567187 0.581597 480.000000 640.000000
24 0.571354 0.448958 0.548958 0.385764 0.593750 0.512153 480.000000 640.000000
20 0.058468 0.554734 0.031068 0.474086 0.085867 0.635381 480.000000 640.000000
