1 0.707300 0.597927 0.687232 0.534690 0.727368 0.661163 480.000000 640.000000
3 0.352325 0.941722 0.333099 0.883920 0.371550 0.999524 480.000000 640.000000
8 0.596211 0.578183 0.579798 0.514691 0.612625 0.641676 480.000000 640.000000
10 0.417904 0.483345 0.404144 0.433263 0.431663 0.533427 480.000000 640.000000
24 0.845197 0.475273 0.818349 0.412465 0.872046 0.538081 480.000000 640.000000
34 0.216353 0.627542 0.188758 0.549801 0.243947 0.705282 480.000000 640.000000
2 0.975758 0.526564 0.956392 0.462412 0.995123 0.590716 480.000000 640.000000
22 0.636311 0.465911 0.613098 0.413411 0.659523 0.518411 480.000000 640.000000
25 0.550205 0.514375 0.527793 0.454169 0.572617 0.574582 480.000000 640.000000
44 0.271322 0.560421 0.249296 0.484866 0.293347 0.635976 480.000000 640.000000
49 0.067658 0.559282 0.042449 0.488686 0.092866 0.629879 480.000000 640.000000
51 0.170384 0.494969 0.148761 0.433160 0.192006 0.556777 480.000000 640.000000
55 0.047674 0.617416 0.031281 0.551411 0.064067 0.683422 480.000000 640.000000
57 0.414454 0.549289 0.393461 0.485177 0.435447 0.613402 480.000000 640.000000
20 0.303595 0.528505 0.282441 0.471353 0.324750 0.585657 480.000000 640.000000
38 0.451705 0.639720 0.428052 0.551201 0.475358 0.728239 480.000000 640.000000
15 0.326403 0.460093 0.305642 0.400969 0.347163 0.519217 480.000000 640.000000
4 0.438537 0.569216 0.425809 0.524839 0.451265 0.613593 480.000000 640.000000
66 0.251743 0.493261 0.235423 0.433889 0.268064 0.552633 480.000000 640.000000
67 0.029488 0.630180 0.006856 0.558190 0.052121 0.702171 480.000000 640.000000
