1 0.531362 0.593688 0.511225 0.532100 0.551499 0.655277 480.000000 640.000000
3 0.192254 0.860239 0.173604 0.777965 0.210904 0.942514 480.000000 640.000000
4 0.220300 0.589285 0.201814 0.528429 0.238786 0.650142 480.000000 640.000000
5 0.322507 0.623220 0.309548 0.557207 0.335466 0.689233 480.000000 640.000000
6 0.306611 0.660421 0.282474 0.583150 0.330748 0.737693 480.000000 640.000000
7 0.440220 0.500247 0.425755 0.437225 0.454685 0.563269 480.000000 640.000000
8 0.396971 0.588514 0.380941 0.525530 0.413001 0.651497 480.000000 640.000000
10 0.569511 0.496754 0.547256 0.437454 0.591765 0.556053 480.000000 640.000000
11 0.867989 0.564410 0.846434 0.489231 0.889543 0.639589 480.000000 640.000000
14 0.007677 0.500201 -0.000032 0.440205 0.015386 0.560197 480.000000 640.000000
16 0.269035 0.535157 0.245829 0.468090 0.292242 0.602223 480.000000 640.000000
18 0.249311 0.560223 0.234076 0.506368 0.264545 0.614078 480.000000 640.000000
19 0.155183 0.460729 0.135030 0.399379 0.175336 0.522079 480.000000 640.000000
23 0.482425 0.497897 0.465229 0.423086 0.499620 0.572708 480.000000 640.000000
24 0.637493 0.448379 0.622861 0.383991 0.652126 0.512767 480.000000 640.000000
20 0.112264 0.547934 0.089295 0.480947 0.135232 0.614921 480.000000 640.000000
21 0.964107 0.478250 0.941177 0.411360 0.987036 0.545140 480.000000 640.000000
32 0.075734 0.533366 0.054393 0.469942 0.097074 0.596791 480.000000 640.000000
15 0.351071 0.506055 0.334694 0.442146 0.367447 0.569965 480.000000 640.000000
34 0.028101 0.614436 0.000312 0.534003 0.055891 0.694869 480.000000 640.000000
2 0.768211 0.551214 0.747538 0.493490 0.788884 0.608938 480.000000 640.000000
35 0.740367 0.524712 0.727798 0.464134 0.752936 0.585290 480.000000 640.000000
