1 0.730284 0.596247 0.708368 0.534485 0.752199 0.658010 480.000000 640.000000
3 0.376467 0.947627 0.357530 0.895258 0.395403 0.999995 480.000000 640.000000
8 0.624586 0.580215 0.598818 0.518530 0.650353 0.641900 480.000000 640.000000
10 0.395471 0.491809 0.382522 0.432660 0.408421 0.550958 480.000000 640.000000
24 0.882863 0.476745 0.859707 0.414399 0.906018 0.539092 480.000000 640.000000
34 0.247932 0.633112 0.218306 0.555384 0.277559 0.710840 480.000000 640.000000
22 0.658126 0.465914 0.642113 0.412997 0.674140 0.518832 480.000000 640.000000
25 0.527585 0.504748 0.512295 0.449720 0.542875 0.559777 480.000000 640.000000
44 0.300122 0.563695 0.274010 0.490200 0.326233 0.637190 480.000000 640.000000
49 0.082721 0.538271 0.066732 0.486234 0.098711 0.590309 480.000000 640.000000
51 0.139526 0.493481 0.114399 0.433372 0.164652 0.553591 480.000000 640.000000
57 0.430535 0.553064 0.407420 0.491987 0.453651 0.614141 480.000000 640.000000
20 0.332765 0.524961 0.317245 0.461709 0.348285 0.588213 480.000000 640.000000
38 0.471268 0.599325 0.445585 0.526528 0.496951 0.672122 480.000000 640.000000
15 0.348507 0.457932 0.334591 0.398027 0.362423 0.517836 480.000000 640.000000
4 0.469596 0.564009 0.452241 0.524189 0.486952 0.603829 480.000000 640.000000
66 0.223566 0.494110 0.200096 0.436306 0.247036 0.551915 480.000000 640.000000
67 0.054346 0.632079 0.034962 0.562400 0.073730 0.701758 480.000000 640.000000
68 0.941389 0.513579 0.911910 0.449736 0.970868 0.577422 480.000000 640.000000
60 0.451151 0.525639 0.439750 0.468665 0.462553 0.582613 480.000000 640.000000
70 0.265060 0.496316 0.248362 0.436434 0.281759 0.556198 480.000000 640.000000
11 0.989425 0.540526 0.978897 0.491197 0.999953 0.589855 480.000000 640.000000
75 0.435677 0.541319 0.408854 0.468403 0.462500 0.614236 480.000000 640.000000
55 0.075760 0.618697 0.045126 0.551773 0.106394 0.685621 480.000000 640.000000
