1 0.721699 0.598201 0.696377 0.537839 0.747022 0.658563 480.000000 640.000000
3 0.369801 0.944595 0.350934 0.889691 0.388669 0.999498 480.000000 640.000000
8 0.619298 0.580868 0.592846 0.518265 0.645751 0.643471 480.000000 640.000000
10 0.398240 0.492310 0.383152 0.432919 0.413328 0.551701 480.000000 640.000000
24 0.872317 0.474154 0.856531 0.410173 0.888103 0.538135 480.000000 640.000000
34 0.238429 0.630288 0.210686 0.549686 0.266172 0.710891 480.000000 640.000000
2 0.985187 0.534428 0.969699 0.477446 1.000675 0.591410 480.000000 640.000000
22 0.650441 0.464036 0.637023 0.408787 0.663860 0.519285 480.000000 640.000000
25 0.535984 0.508777 0.522065 0.450051 0.549902 0.567503 480.000000 640.000000
44 0.300087 0.578625 0.278641 0.520165 0.321532 0.637085 480.000000 640.000000
49 0.077945 0.552974 0.061706 0.486031 0.094185 0.619917 480.000000 640.000000
51 0.146091 0.492335 0.125542 0.431458 0.166640 0.553211 480.000000 640.000000
57 0.425055 0.559949 0.403896 0.505709 0.446214 0.614189 480.000000 640.000000
20 0.327025 0.527137 0.307105 0.464943 0.346944 0.589330 480.000000 640.000000
38 0.467506 0.617640 0.438891 0.542728 0.496120 0.692551 480.000000 640.000000
15 0.342505 0.458438 0.327865 0.399279 0.357145 0.517598 480.000000 640.000000
4 0.461755 0.565754 0.444608 0.525178 0.478901 0.606330 480.000000 640.000000
66 0.233690 0.495519 0.216870 0.438685 0.250510 0.552354 480.000000 640.000000
67 0.046104 0.632844 0.024887 0.563466 0.067321 0.702221 480.000000 640.000000
68 0.947363 0.512026 0.921165 0.447716 0.973561 0.576337 480.000000 640.000000
55 0.068946 0.612517 0.050031 0.549477 0.087861 0.675557 480.000000 640.000000
60 0.445275 0.511856 0.433753 0.467273 0.456797 0.556439 480.000000 640.000000
70 0.273152 0.499382 0.257468 0.434986 0.288837 0.563779 480.000000 640.000000
72 0.286979 0.543750 0.266406 0.484028 0.307552 0.603472 480.000000 640.000000
