1 0.655417 0.598115 0.636273 0.536154 0.674562 0.660075 480.000000 640.000000
3 0.306526 0.924925 0.286888 0.849629 0.326163 1.000221 480.000000 640.000000
8 0.539640 0.582978 0.512621 0.519590 0.566658 0.646366 480.000000 640.000000
10 0.462931 0.493437 0.447877 0.433414 0.477986 0.553460 480.000000 640.000000
11 0.986787 0.559134 0.973067 0.482958 1.000508 0.635311 480.000000 640.000000
23 0.349224 0.498210 0.333712 0.437182 0.364736 0.559239 480.000000 640.000000
24 0.789219 0.466016 0.767609 0.402017 0.810830 0.530015 480.000000 640.000000
15 0.274029 0.460034 0.260649 0.399936 0.287408 0.520131 480.000000 640.000000
34 0.161522 0.626567 0.133348 0.545906 0.189696 0.707228 480.000000 640.000000
2 0.916314 0.541537 0.889894 0.483209 0.942734 0.599864 480.000000 640.000000
38 0.414100 0.642354 0.400579 0.555345 0.427622 0.729362 480.000000 640.000000
22 0.589304 0.463654 0.577743 0.409802 0.600865 0.517506 480.000000 640.000000
25 0.607397 0.509904 0.592752 0.453512 0.622041 0.566296 480.000000 640.000000
44 0.229404 0.559536 0.203513 0.483740 0.255296 0.635332 480.000000 640.000000
46 0.304848 0.493362 0.282747 0.433067 0.326950 0.553656 480.000000 640.000000
4 0.366825 0.582345 0.344344 0.518803 0.389307 0.645887 480.000000 640.000000
49 0.015633 0.553767 0.000256 0.487399 0.031010 0.620134 480.000000 640.000000
43 0.397076 0.654150 0.372504 0.579123 0.421648 0.729177 480.000000 640.000000
16 0.384018 0.529546 0.372260 0.468060 0.395777 0.591032 480.000000 640.000000
