1 0.558838 0.598385 0.532403 0.536831 0.585272 0.659938 480.000000 640.000000
3 0.219580 0.883274 0.199891 0.800469 0.239269 0.966079 480.000000 640.000000
4 0.259674 0.588156 0.238654 0.528803 0.280694 0.647509 480.000000 640.000000
6 0.326662 0.660467 0.304772 0.583300 0.348551 0.737635 480.000000 640.000000
7 0.408184 0.499902 0.392850 0.435902 0.423518 0.563903 480.000000 640.000000
8 0.439539 0.587927 0.413701 0.522059 0.465376 0.653796 480.000000 640.000000
10 0.538170 0.495686 0.516488 0.437976 0.559851 0.553395 480.000000 640.000000
11 0.895894 0.562481 0.872230 0.485413 0.919558 0.639550 480.000000 640.000000
16 0.299716 0.540178 0.278644 0.474052 0.320788 0.606303 480.000000 640.000000
18 0.280838 0.561841 0.269370 0.507855 0.292305 0.615827 480.000000 640.000000
19 0.185859 0.462875 0.160719 0.403154 0.210998 0.522595 480.000000 640.000000
23 0.452917 0.506125 0.435715 0.445381 0.470119 0.566869 480.000000 640.000000
24 0.671922 0.453093 0.649553 0.392654 0.694291 0.513531 480.000000 640.000000
20 0.136654 0.545427 0.118579 0.481614 0.154729 0.609241 480.000000 640.000000
32 0.113308 0.533782 0.097231 0.471217 0.129385 0.596346 480.000000 640.000000
15 0.318472 0.504162 0.301227 0.441380 0.335717 0.566943 480.000000 640.000000
34 0.057348 0.617797 0.035448 0.534936 0.079248 0.700658 480.000000 640.000000
2 0.802920 0.547380 0.779603 0.487554 0.826237 0.607207 480.000000 640.000000
25 0.705261 0.519413 0.687923 0.463285 0.722598 0.575542 480.000000 640.000000
22 0.503853 0.464546 0.482634 0.411087 0.525073 0.518005 480.000000 640.000000
5 0.347783 0.627786 0.332294 0.559831 0.363271 0.695741 480.000000 640.000000
12 0.987651 0.486253 0.974903 0.424864 1.000399 0.547641 480.000000 640.000000
