1 0.508580 0.591804 0.486540 0.525469 0.530621 0.658139 480.000000 640.000000
2 0.737408 0.552419 0.723058 0.495203 0.751757 0.609635 480.000000 640.000000
3 0.171653 0.849593 0.148806 0.768406 0.194499 0.930779 480.000000 640.000000
4 0.189832 0.589055 0.166141 0.528183 0.213524 0.649927 480.000000 640.000000
5 0.307700 0.626389 0.289461 0.560933 0.325939 0.691845 480.000000 640.000000
6 0.281148 0.659104 0.253587 0.582894 0.308710 0.735314 480.000000 640.000000
7 0.462968 0.507547 0.438966 0.449791 0.486971 0.565302 480.000000 640.000000
8 0.373276 0.572747 0.348511 0.493317 0.398042 0.652177 480.000000 640.000000
10 0.592216 0.494956 0.578119 0.435966 0.606312 0.553945 480.000000 640.000000
11 0.848938 0.564445 0.827068 0.486101 0.870809 0.642789 480.000000 640.000000
14 0.028578 0.508496 0.008045 0.453831 0.049111 0.563161 480.000000 640.000000
15 0.378640 0.496121 0.360370 0.445654 0.396910 0.546588 480.000000 640.000000
16 0.246749 0.533926 0.234491 0.471354 0.259008 0.596499 480.000000 640.000000
18 0.226508 0.559467 0.208720 0.503752 0.244296 0.615182 480.000000 640.000000
19 0.130223 0.460028 0.116478 0.399034 0.143969 0.521022 480.000000 640.000000
22 0.457327 0.462957 0.445040 0.413639 0.469613 0.512275 480.000000 640.000000
23 0.511534 0.511945 0.493813 0.449832 0.529254 0.574058 480.000000 640.000000
24 0.607946 0.450770 0.587966 0.387828 0.627926 0.513712 480.000000 640.000000
25 0.762286 0.523539 0.742588 0.463299 0.781985 0.583778 480.000000 640.000000
20 0.089490 0.544212 0.065002 0.480916 0.113978 0.607508 480.000000 640.000000
31 0.767188 0.517014 0.752083 0.463889 0.782292 0.570139 480.000000 640.000000
21 0.949588 0.476381 0.924782 0.404572 0.974394 0.548189 480.000000 640.000000
