1 0.698498 0.595454 0.679299 0.534306 0.717696 0.656603 480.000000 640.000000
3 0.344299 0.937205 0.325027 0.874343 0.363571 1.000068 480.000000 640.000000
8 0.586100 0.580546 0.562094 0.518281 0.610106 0.642811 480.000000 640.000000
10 0.422791 0.484235 0.408022 0.432454 0.437559 0.536016 480.000000 640.000000
23 0.309442 0.485778 0.293726 0.405776 0.325159 0.565781 480.000000 640.000000
24 0.838335 0.472695 0.813355 0.407861 0.863315 0.537529 480.000000 640.000000
34 0.210243 0.629585 0.178013 0.551311 0.242473 0.707860 480.000000 640.000000
2 0.960618 0.537720 0.939547 0.478176 0.981688 0.597264 480.000000 640.000000
22 0.631264 0.462926 0.611625 0.407726 0.650903 0.518125 480.000000 640.000000
25 0.561994 0.511456 0.544809 0.452943 0.579179 0.569969 480.000000 640.000000
44 0.270415 0.562752 0.247306 0.488414 0.293523 0.637089 480.000000 640.000000
49 0.055717 0.551761 0.032461 0.488606 0.078973 0.614916 480.000000 640.000000
51 0.177648 0.495579 0.150840 0.433445 0.204456 0.557712 480.000000 640.000000
55 0.034857 0.625073 0.003591 0.552262 0.066123 0.697884 480.000000 640.000000
57 0.395303 0.560944 0.376604 0.507739 0.414002 0.614149 480.000000 640.000000
20 0.289807 0.520366 0.276680 0.457758 0.302935 0.582975 480.000000 640.000000
63 0.987375 0.501784 0.974654 0.448492 1.000096 0.555075 480.000000 640.000000
38 0.440202 0.638603 0.418158 0.552282 0.462246 0.724924 480.000000 640.000000
15 0.312364 0.461630 0.296460 0.404707 0.328268 0.518552 480.000000 640.000000
4 0.425401 0.583000 0.410824 0.525294 0.439979 0.640706 480.000000 640.000000
