1 0.552164 0.597434 0.527373 0.536292 0.576955 0.658576 480.000000 640.000000
3 0.212494 0.878017 0.192242 0.795443 0.232746 0.960590 480.000000 640.000000
4 0.246799 0.588301 0.228745 0.529290 0.264853 0.647311 480.000000 640.000000
6 0.321532 0.662327 0.295745 0.586426 0.347319 0.738227 480.000000 640.000000
7 0.414902 0.501034 0.395538 0.439650 0.434266 0.562418 480.000000 640.000000
8 0.422082 0.581795 0.394952 0.509616 0.449212 0.653974 480.000000 640.000000
10 0.548356 0.493255 0.531984 0.436308 0.564727 0.550203 480.000000 640.000000
11 0.894117 0.563130 0.868497 0.486286 0.919736 0.639974 480.000000 640.000000
16 0.293661 0.532860 0.278531 0.469573 0.308790 0.596147 480.000000 640.000000
18 0.271921 0.561962 0.253657 0.506631 0.290186 0.617293 480.000000 640.000000
19 0.180436 0.461715 0.158848 0.401250 0.202023 0.522181 480.000000 640.000000
23 0.460936 0.511927 0.436583 0.448506 0.485289 0.575347 480.000000 640.000000
24 0.663070 0.452804 0.635247 0.388772 0.690893 0.516836 480.000000 640.000000
20 0.131927 0.547440 0.108290 0.483308 0.155563 0.611572 480.000000 640.000000
32 0.101433 0.528990 0.086983 0.468242 0.115883 0.589738 480.000000 640.000000
15 0.331422 0.507276 0.307302 0.447127 0.355541 0.567424 480.000000 640.000000
34 0.045089 0.615219 0.025941 0.532290 0.064238 0.698148 480.000000 640.000000
2 0.795786 0.548948 0.772276 0.489530 0.819296 0.608367 480.000000 640.000000
25 0.714045 0.523827 0.688668 0.460320 0.739422 0.587334 480.000000 640.000000
22 0.500849 0.464360 0.477745 0.411238 0.523954 0.517482 480.000000 640.000000
5 0.343240 0.627902 0.326080 0.561216 0.360399 0.694588 480.000000 640.000000
