1 0.671294 0.598120 0.648584 0.535994 0.694005 0.660245 480.000000 640.000000
3 0.315393 0.929992 0.291945 0.860307 0.338841 0.999678 480.000000 640.000000
8 0.554757 0.580252 0.536222 0.517379 0.573291 0.643124 480.000000 640.000000
10 0.445643 0.494509 0.428538 0.434516 0.462749 0.554502 480.000000 640.000000
11 0.990465 0.560218 0.980832 0.500044 1.000098 0.620391 480.000000 640.000000
23 0.333016 0.504445 0.307557 0.440855 0.358474 0.568036 480.000000 640.000000
24 0.800893 0.469535 0.773947 0.404347 0.827839 0.534722 480.000000 640.000000
15 0.285676 0.462369 0.269497 0.405864 0.301855 0.518874 480.000000 640.000000
34 0.173590 0.627145 0.152054 0.545088 0.195125 0.709202 480.000000 640.000000
2 0.929237 0.540213 0.910320 0.480540 0.948155 0.599887 480.000000 640.000000
22 0.608298 0.462172 0.592036 0.409766 0.624561 0.514578 480.000000 640.000000
25 0.595100 0.513711 0.573371 0.453825 0.616829 0.573597 480.000000 640.000000
44 0.246131 0.545415 0.219330 0.467540 0.272932 0.623289 480.000000 640.000000
46 0.295142 0.494238 0.274026 0.434459 0.316258 0.554016 480.000000 640.000000
4 0.390366 0.552764 0.369155 0.483534 0.411576 0.621995 480.000000 640.000000
49 0.025714 0.561875 0.001762 0.489170 0.049666 0.634581 480.000000 640.000000
43 0.427456 0.667281 0.400572 0.601042 0.454340 0.733519 480.000000 640.000000
16 0.392532 0.526421 0.374993 0.468221 0.410071 0.584621 480.000000 640.000000
51 0.207748 0.495308 0.191582 0.433122 0.223913 0.557495 480.000000 640.000000
54 0.418408 0.604700 0.397519 0.556232 0.439297 0.653169 480.000000 640.000000
