1 0.682949 0.598223 0.657952 0.536656 0.707945 0.659789 480.000000 640.000000
3 0.334692 0.931739 0.316374 0.863584 0.353009 0.999894 480.000000 640.000000
8 0.576052 0.583757 0.550890 0.523057 0.601213 0.644457 480.000000 640.000000
10 0.440172 0.493920 0.421035 0.435023 0.459309 0.552818 480.000000 640.000000
11 0.987396 0.551269 0.974819 0.510450 0.999973 0.592088 480.000000 640.000000
23 0.315397 0.501521 0.299167 0.436115 0.331627 0.566927 480.000000 640.000000
24 0.823333 0.469806 0.809328 0.403823 0.837338 0.535788 480.000000 640.000000
34 0.196581 0.629112 0.167360 0.548781 0.225802 0.709443 480.000000 640.000000
2 0.952293 0.538452 0.931850 0.478385 0.972735 0.598519 480.000000 640.000000
22 0.616868 0.460046 0.605555 0.405308 0.628181 0.514783 480.000000 640.000000
25 0.577339 0.503784 0.564233 0.453737 0.590444 0.553830 480.000000 640.000000
44 0.257011 0.554379 0.230145 0.476996 0.283877 0.631762 480.000000 640.000000
49 0.039497 0.558111 0.022457 0.488023 0.056537 0.628198 480.000000 640.000000
43 0.426767 0.642877 0.390359 0.560050 0.463175 0.725705 480.000000 640.000000
51 0.187440 0.494561 0.167595 0.433105 0.207285 0.556017 480.000000 640.000000
54 0.428959 0.621425 0.394243 0.556269 0.463675 0.686582 480.000000 640.000000
55 0.020503 0.623162 0.001108 0.551433 0.039897 0.694891 480.000000 640.000000
57 0.388548 0.559677 0.371654 0.506548 0.405442 0.612805 480.000000 640.000000
20 0.283049 0.521769 0.265185 0.459307 0.300913 0.584231 480.000000 640.000000
60 0.411692 0.505641 0.398924 0.468247 0.424460 0.543035 480.000000 640.000000
62 0.576042 0.549653 0.550521 0.455556 0.601562 0.643750 480.000000 640.000000
