1 0.501414 0.595799 0.483882 0.532947 0.518946 0.658651 480.000000 640.000000
2 0.735252 0.551788 0.717894 0.492812 0.752609 0.610764 480.000000 640.000000
3 0.164069 0.845935 0.144538 0.764782 0.183600 0.927087 480.000000 640.000000
4 0.182463 0.588906 0.163458 0.528510 0.201467 0.649301 480.000000 640.000000
5 0.303727 0.625831 0.285718 0.560560 0.321736 0.691103 480.000000 640.000000
6 0.278607 0.657734 0.250126 0.580644 0.307087 0.734825 480.000000 640.000000
7 0.466917 0.507688 0.445857 0.446966 0.487978 0.568410 480.000000 640.000000
8 0.364305 0.588296 0.346032 0.525377 0.382578 0.651216 480.000000 640.000000
10 0.597450 0.497112 0.580558 0.438409 0.614341 0.555815 480.000000 640.000000
11 0.841039 0.564066 0.822418 0.485480 0.859660 0.642652 480.000000 640.000000
14 0.030951 0.523106 0.009489 0.474288 0.052413 0.571925 480.000000 640.000000
15 0.383207 0.507958 0.364758 0.444407 0.401656 0.571508 480.000000 640.000000
16 0.244341 0.534112 0.230714 0.472316 0.257969 0.595909 480.000000 640.000000
18 0.219671 0.559682 0.205366 0.503862 0.233975 0.615502 480.000000 640.000000
19 0.124797 0.460123 0.111085 0.399644 0.138509 0.520602 480.000000 640.000000
21 0.942353 0.478338 0.917128 0.409661 0.967578 0.547015 480.000000 640.000000
22 0.454280 0.467727 0.442151 0.413314 0.466408 0.522140 480.000000 640.000000
23 0.517089 0.511602 0.500838 0.449480 0.533340 0.573724 480.000000 640.000000
24 0.599834 0.470378 0.582867 0.390309 0.616801 0.550446 480.000000 640.000000
25 0.772259 0.516703 0.757104 0.462110 0.787414 0.571297 480.000000 640.000000
26 0.030382 0.473249 0.013272 0.443383 0.047492 0.503115 480.000000 640.000000
20 0.086550 0.545570 0.060069 0.483455 0.113031 0.607686 480.000000 640.000000
