1 0.517395 0.594986 0.489624 0.533527 0.545165 0.656446 480.000000 640.000000
3 0.179483 0.858243 0.151985 0.777326 0.206980 0.939160 480.000000 640.000000
4 0.199776 0.588641 0.179424 0.529169 0.220128 0.648112 480.000000 640.000000
5 0.314918 0.630525 0.299813 0.560161 0.330023 0.700888 480.000000 640.000000
6 0.289061 0.659400 0.269600 0.584647 0.308523 0.734152 480.000000 640.000000
7 0.454950 0.502256 0.433677 0.439727 0.476224 0.564786 480.000000 640.000000
8 0.380905 0.590449 0.354026 0.527098 0.407783 0.653801 480.000000 640.000000
10 0.577178 0.496276 0.558941 0.437127 0.595416 0.555425 480.000000 640.000000
11 0.855875 0.565495 0.830825 0.489995 0.880925 0.640995 480.000000 640.000000
14 0.017223 0.502780 0.000032 0.441081 0.034414 0.564479 480.000000 640.000000
16 0.262161 0.532591 0.245995 0.465930 0.278328 0.599252 480.000000 640.000000
18 0.236680 0.561326 0.214277 0.506729 0.259082 0.615922 480.000000 640.000000
19 0.146801 0.460780 0.124814 0.400645 0.168787 0.520915 480.000000 640.000000
23 0.496391 0.510520 0.476967 0.450601 0.515814 0.570439 480.000000 640.000000
24 0.624675 0.451748 0.601393 0.390441 0.647956 0.513055 480.000000 640.000000
25 0.752086 0.539225 0.726912 0.466783 0.777260 0.611666 480.000000 640.000000
20 0.094895 0.545497 0.076650 0.478332 0.113140 0.612662 480.000000 640.000000
21 0.955888 0.475980 0.932951 0.405852 0.978824 0.546108 480.000000 640.000000
32 0.058452 0.534455 0.041787 0.473104 0.075117 0.595805 480.000000 640.000000
15 0.364058 0.505338 0.347298 0.443737 0.380817 0.566939 480.000000 640.000000
