1 0.718568 0.598936 0.691456 0.537701 0.745679 0.660171 480.000000 640.000000
3 0.362615 0.943314 0.343889 0.886951 0.381340 0.999676 480.000000 640.000000
8 0.613333 0.579099 0.591987 0.516082 0.634679 0.642117 480.000000 640.000000
10 0.400541 0.492295 0.383354 0.433869 0.417729 0.550722 480.000000 640.000000
24 0.863030 0.475145 0.847759 0.410365 0.878302 0.539924 480.000000 640.000000
34 0.225268 0.629197 0.204209 0.548392 0.246328 0.710002 480.000000 640.000000
2 0.984146 0.532055 0.967709 0.473648 1.000582 0.590461 480.000000 640.000000
22 0.642901 0.465389 0.624793 0.411306 0.661008 0.519472 480.000000 640.000000
25 0.546132 0.513342 0.529220 0.450500 0.563045 0.576184 480.000000 640.000000
44 0.291596 0.554532 0.266972 0.494287 0.316221 0.614778 480.000000 640.000000
49 0.075092 0.552500 0.055265 0.486962 0.094918 0.618039 480.000000 640.000000
51 0.154445 0.492131 0.138308 0.430284 0.170581 0.553979 480.000000 640.000000
57 0.419504 0.547235 0.401397 0.480087 0.437612 0.614383 480.000000 640.000000
20 0.320782 0.531388 0.296085 0.466485 0.345479 0.596292 480.000000 640.000000
38 0.465172 0.643547 0.434701 0.555635 0.495642 0.731459 480.000000 640.000000
15 0.337368 0.459337 0.320632 0.400329 0.354104 0.518346 480.000000 640.000000
4 0.449699 0.562102 0.433903 0.524941 0.465495 0.599263 480.000000 640.000000
66 0.243393 0.493041 0.229140 0.433626 0.257647 0.552457 480.000000 640.000000
67 0.041095 0.629727 0.014891 0.557482 0.067298 0.701971 480.000000 640.000000
68 0.959855 0.513147 0.938812 0.451212 0.980898 0.575083 480.000000 640.000000
55 0.059806 0.589009 0.039916 0.548111 0.079695 0.629907 480.000000 640.000000
60 0.439798 0.515221 0.428336 0.468085 0.451260 0.562358 480.000000 640.000000
