1 0.583007 0.595829 0.563959 0.532850 0.602055 0.658809 480.000000 640.000000
3 0.245241 0.891883 0.221106 0.809241 0.269375 0.974526 480.000000 640.000000
4 0.283433 0.585479 0.266918 0.526956 0.299948 0.644001 480.000000 640.000000
7 0.383995 0.500150 0.358462 0.438798 0.409528 0.561502 480.000000 640.000000
8 0.457466 0.587459 0.431126 0.524336 0.483807 0.650582 480.000000 640.000000
10 0.527815 0.500852 0.509812 0.447992 0.545819 0.553712 480.000000 640.000000
11 0.927196 0.570233 0.903693 0.502041 0.950698 0.638425 480.000000 640.000000
19 0.204575 0.461008 0.189545 0.399996 0.219606 0.522021 480.000000 640.000000
23 0.426827 0.505576 0.407325 0.442149 0.446329 0.569003 480.000000 640.000000
24 0.702461 0.457180 0.679739 0.391507 0.725183 0.522853 480.000000 640.000000
20 0.164134 0.545053 0.137675 0.483195 0.190592 0.606912 480.000000 640.000000
32 0.139428 0.524922 0.124432 0.465244 0.154424 0.584599 480.000000 640.000000
15 0.300809 0.533184 0.280076 0.459552 0.321542 0.606817 480.000000 640.000000
34 0.079798 0.619962 0.058274 0.540151 0.101322 0.699773 480.000000 640.000000
2 0.831798 0.544254 0.809584 0.485465 0.854013 0.603043 480.000000 640.000000
38 0.354135 0.664515 0.324851 0.590601 0.383418 0.738429 480.000000 640.000000
40 0.915104 0.548611 0.901563 0.482639 0.928646 0.614583 480.000000 640.000000
16 0.318532 0.533627 0.305675 0.469827 0.331390 0.597428 480.000000 640.000000
