1 0.488534 0.591279 0.468105 0.525924 0.508964 0.656634 480.000000 640.000000
2 0.718421 0.557502 0.694269 0.497446 0.742572 0.617559 480.000000 640.000000
3 0.148759 0.843805 0.130321 0.762391 0.167196 0.925219 480.000000 640.000000
4 0.161135 0.591266 0.140618 0.532459 0.181651 0.650072 480.000000 640.000000
5 0.287619 0.627182 0.275534 0.559418 0.299705 0.694947 480.000000 640.000000
6 0.270492 0.657954 0.244791 0.580677 0.296192 0.735231 480.000000 640.000000
7 0.486227 0.497331 0.472378 0.445916 0.500077 0.548745 480.000000 640.000000
8 0.345503 0.588538 0.325743 0.526000 0.365264 0.651076 480.000000 640.000000
9 0.989702 0.495278 0.979376 0.455092 1.000027 0.535464 480.000000 640.000000
10 0.604744 0.499137 0.582634 0.440774 0.626855 0.557500 480.000000 640.000000
11 0.825737 0.565221 0.807655 0.489371 0.843819 0.641070 480.000000 640.000000
12 0.934983 0.483554 0.920389 0.423047 0.949578 0.544061 480.000000 640.000000
14 0.022647 0.537678 0.002363 0.477292 0.042932 0.598064 480.000000 640.000000
15 0.398436 0.509327 0.384021 0.447053 0.412850 0.571602 480.000000 640.000000
16 0.234994 0.539052 0.214160 0.478518 0.255828 0.599585 480.000000 640.000000
18 0.204450 0.562441 0.183948 0.508524 0.224952 0.616358 480.000000 640.000000
19 0.113739 0.463656 0.087898 0.404251 0.139580 0.523061 480.000000 640.000000
21 0.920152 0.479000 0.894760 0.413288 0.945545 0.544711 480.000000 640.000000
22 0.440030 0.467983 0.421827 0.413414 0.458233 0.522553 480.000000 640.000000
23 0.530769 0.512907 0.513000 0.449780 0.548538 0.576034 480.000000 640.000000
24 0.584229 0.449654 0.564389 0.387490 0.604069 0.511818 480.000000 640.000000
25 0.786114 0.518177 0.772492 0.466239 0.799737 0.570114 480.000000 640.000000
26 0.041921 0.508707 0.025578 0.447997 0.058264 0.569418 480.000000 640.000000
17 0.069753 0.582627 0.052628 0.530036 0.086879 0.635219 480.000000 640.000000
28 0.073389 0.545139 0.046908 0.482639 0.099870 0.607639 480.000000 640.000000
