1 0.580851 0.595985 0.561897 0.532223 0.599805 0.659748 480.000000 640.000000
3 0.240696 0.888500 0.219299 0.807178 0.262092 0.969822 480.000000 640.000000
4 0.279456 0.587138 0.261696 0.528214 0.297217 0.646062 480.000000 640.000000
7 0.384421 0.499808 0.359985 0.438516 0.408856 0.561101 480.000000 640.000000
8 0.454984 0.587495 0.430405 0.523706 0.479562 0.651284 480.000000 640.000000
10 0.525692 0.500171 0.511823 0.447457 0.539561 0.552885 480.000000 640.000000
11 0.923485 0.561442 0.900067 0.483181 0.946903 0.639702 480.000000 640.000000
19 0.201394 0.460888 0.186593 0.399518 0.216195 0.522258 480.000000 640.000000
23 0.429088 0.505366 0.410312 0.441443 0.447864 0.569288 480.000000 640.000000
24 0.699179 0.458354 0.677122 0.390487 0.721236 0.526221 480.000000 640.000000
20 0.160413 0.547803 0.135995 0.482791 0.184832 0.612815 480.000000 640.000000
32 0.136307 0.524154 0.120633 0.466241 0.151981 0.582066 480.000000 640.000000
15 0.303389 0.522160 0.281835 0.441634 0.324944 0.602686 480.000000 640.000000
34 0.077205 0.619998 0.052379 0.539467 0.102031 0.700528 480.000000 640.000000
2 0.827936 0.543080 0.808022 0.482884 0.847849 0.603277 480.000000 640.000000
22 0.524851 0.473632 0.511163 0.409183 0.538540 0.538081 480.000000 640.000000
38 0.352125 0.659745 0.322994 0.580658 0.381255 0.738832 480.000000 640.000000
