1 0.585415 0.595800 0.566666 0.533118 0.604164 0.658482 480.000000 640.000000
3 0.247284 0.892701 0.222524 0.810933 0.272044 0.974469 480.000000 640.000000
7 0.382718 0.500523 0.356593 0.438450 0.408842 0.562597 480.000000 640.000000
8 0.459638 0.587702 0.431947 0.524588 0.487330 0.650817 480.000000 640.000000
10 0.528381 0.497643 0.507577 0.439405 0.549185 0.555882 480.000000 640.000000
11 0.929541 0.573998 0.905674 0.509801 0.953408 0.638195 480.000000 640.000000
19 0.207767 0.460841 0.191661 0.399501 0.223873 0.522180 480.000000 640.000000
23 0.424149 0.505664 0.403031 0.442449 0.445266 0.568880 480.000000 640.000000
24 0.704958 0.457245 0.678965 0.392092 0.730952 0.522398 480.000000 640.000000
20 0.170364 0.544679 0.146618 0.483370 0.194110 0.605988 480.000000 640.000000
32 0.142747 0.524089 0.127185 0.463985 0.158308 0.584193 480.000000 640.000000
15 0.296233 0.530120 0.274141 0.450276 0.318326 0.609964 480.000000 640.000000
34 0.081825 0.619731 0.061731 0.540174 0.101920 0.699288 480.000000 640.000000
2 0.834570 0.545422 0.810125 0.487626 0.859014 0.603219 480.000000 640.000000
38 0.354780 0.664630 0.325526 0.590463 0.384035 0.738798 480.000000 640.000000
40 0.917301 0.549394 0.903752 0.483154 0.930849 0.615635 480.000000 640.000000
16 0.320129 0.534573 0.307029 0.471305 0.333229 0.597841 480.000000 640.000000
