1 0.595405 0.597024 0.569076 0.535317 0.621733 0.658731 480.000000 640.000000
3 0.252605 0.901734 0.224341 0.817862 0.280869 0.985605 480.000000 640.000000
7 0.374378 0.497605 0.353468 0.435370 0.395288 0.559840 480.000000 640.000000
8 0.465692 0.586445 0.445007 0.524779 0.486377 0.648111 480.000000 640.000000
10 0.510124 0.495498 0.490461 0.434883 0.529787 0.556113 480.000000 640.000000
11 0.931873 0.563069 0.907187 0.488258 0.956559 0.637879 480.000000 640.000000
19 0.217819 0.461980 0.195708 0.401559 0.239931 0.522401 480.000000 640.000000
23 0.416188 0.507136 0.390138 0.442770 0.442238 0.571503 480.000000 640.000000
24 0.713506 0.458749 0.688961 0.397703 0.738051 0.519794 480.000000 640.000000
20 0.179713 0.544702 0.160051 0.481613 0.199376 0.607791 480.000000 640.000000
32 0.155802 0.540432 0.138168 0.464016 0.173436 0.616849 480.000000 640.000000
15 0.284730 0.499316 0.270094 0.439164 0.299367 0.559468 480.000000 640.000000
34 0.090439 0.619573 0.070691 0.538660 0.110187 0.700485 480.000000 640.000000
2 0.840973 0.547299 0.815079 0.491916 0.866866 0.602682 480.000000 640.000000
38 0.359212 0.667365 0.331189 0.596533 0.387236 0.738197 480.000000 640.000000
16 0.330013 0.532982 0.311917 0.470348 0.348108 0.595616 480.000000 640.000000
22 0.542586 0.461515 0.528219 0.409212 0.556954 0.513817 480.000000 640.000000
4 0.299352 0.585844 0.277507 0.524012 0.321197 0.647675 480.000000 640.000000
25 0.671134 0.522447 0.648886 0.465313 0.693382 0.579582 480.000000 640.000000
43 0.376823 0.623264 0.359375 0.559028 0.394271 0.687500 480.000000 640.000000
