1 0.603398 0.595075 0.578489 0.533649 0.628307 0.656502 480.000000 640.000000
3 0.261672 0.902300 0.242263 0.819838 0.281080 0.984762 480.000000 640.000000
7 0.360567 0.495640 0.346028 0.433060 0.375105 0.558220 480.000000 640.000000
8 0.481887 0.584794 0.465458 0.522066 0.498315 0.647523 480.000000 640.000000
10 0.505117 0.494864 0.484784 0.435141 0.525450 0.554587 480.000000 640.000000
11 0.942771 0.563219 0.921196 0.492118 0.964346 0.634320 480.000000 640.000000
19 0.224971 0.462502 0.202677 0.402358 0.247265 0.522647 480.000000 640.000000
23 0.404447 0.506017 0.387176 0.441703 0.421717 0.570331 480.000000 640.000000
24 0.728806 0.456102 0.713320 0.393407 0.744292 0.518796 480.000000 640.000000
32 0.169357 0.530489 0.146377 0.467634 0.192336 0.593343 480.000000 640.000000
15 0.272738 0.498599 0.256674 0.435392 0.288802 0.561807 480.000000 640.000000
34 0.109404 0.620512 0.083210 0.540481 0.135598 0.700544 480.000000 640.000000
2 0.856254 0.543256 0.839768 0.484524 0.872741 0.601989 480.000000 640.000000
38 0.369015 0.647966 0.349385 0.567014 0.388645 0.728918 480.000000 640.000000
22 0.545381 0.459972 0.532300 0.406265 0.558462 0.513680 480.000000 640.000000
4 0.309521 0.585094 0.288524 0.522772 0.330518 0.647415 480.000000 640.000000
25 0.660608 0.521141 0.646065 0.461426 0.675150 0.580857 480.000000 640.000000
43 0.378720 0.624855 0.366932 0.555946 0.390508 0.693764 480.000000 640.000000
