1 0.536427 0.591451 0.517488 0.531493 0.555367 0.651409 480.000000 640.000000
3 0.196442 0.861815 0.178656 0.779783 0.214227 0.943846 480.000000 640.000000
4 0.226919 0.589219 0.203628 0.528963 0.250210 0.649474 480.000000 640.000000
6 0.313429 0.652835 0.285871 0.565582 0.340988 0.740088 480.000000 640.000000
7 0.433594 0.500840 0.415769 0.438260 0.451418 0.563421 480.000000 640.000000
8 0.404240 0.588467 0.388728 0.525622 0.419752 0.651311 480.000000 640.000000
10 0.566630 0.496451 0.548174 0.437387 0.585085 0.555516 480.000000 640.000000
11 0.875149 0.564022 0.855193 0.488254 0.895104 0.639790 480.000000 640.000000
14 0.007218 0.504777 0.000044 0.446848 0.014393 0.562707 480.000000 640.000000
16 0.277536 0.533053 0.262061 0.465797 0.293011 0.600309 480.000000 640.000000
18 0.255082 0.560284 0.240107 0.506151 0.270056 0.614417 480.000000 640.000000
19 0.159438 0.459616 0.144776 0.399223 0.174101 0.520010 480.000000 640.000000
23 0.477635 0.494508 0.458953 0.412196 0.496317 0.576820 480.000000 640.000000
24 0.644242 0.450175 0.628983 0.384332 0.659502 0.516018 480.000000 640.000000
20 0.104963 0.546692 0.065186 0.480156 0.144740 0.613229 480.000000 640.000000
21 0.970200 0.480090 0.949974 0.413209 0.990426 0.546971 480.000000 640.000000
32 0.078203 0.532218 0.058450 0.468120 0.097956 0.596316 480.000000 640.000000
15 0.344512 0.506806 0.324307 0.443096 0.364717 0.570517 480.000000 640.000000
34 0.028991 0.614199 0.000790 0.533832 0.057191 0.694567 480.000000 640.000000
2 0.777195 0.549596 0.758714 0.492755 0.795675 0.606436 480.000000 640.000000
25 0.737288 0.525127 0.721132 0.462502 0.753443 0.587753 480.000000 640.000000
