1 0.653235 0.598438 0.633923 0.536188 0.672547 0.660688 480.000000 640.000000
3 0.304733 0.923700 0.284969 0.847570 0.324497 0.999830 480.000000 640.000000
8 0.537687 0.582889 0.511521 0.519744 0.563852 0.646035 480.000000 640.000000
10 0.465181 0.494171 0.447682 0.434306 0.482680 0.554037 480.000000 640.000000
11 0.985530 0.558545 0.970486 0.482741 1.000575 0.634349 480.000000 640.000000
23 0.351924 0.494566 0.337456 0.435939 0.366392 0.553193 480.000000 640.000000
24 0.785399 0.465824 0.766223 0.401057 0.804575 0.530591 480.000000 640.000000
15 0.271348 0.459561 0.257748 0.401288 0.284947 0.517835 480.000000 640.000000
34 0.159925 0.626417 0.131264 0.545477 0.188586 0.707357 480.000000 640.000000
2 0.914199 0.541433 0.889506 0.483125 0.938892 0.599741 480.000000 640.000000
38 0.411074 0.643732 0.394827 0.556163 0.427320 0.731302 480.000000 640.000000
22 0.588744 0.463184 0.577589 0.409275 0.599899 0.517094 480.000000 640.000000
25 0.610136 0.510468 0.595481 0.452695 0.624791 0.568240 480.000000 640.000000
44 0.229598 0.560590 0.205268 0.489570 0.253929 0.631609 480.000000 640.000000
46 0.307715 0.493986 0.287300 0.432633 0.328131 0.555339 480.000000 640.000000
4 0.363528 0.585637 0.341587 0.525117 0.385470 0.646158 480.000000 640.000000
49 0.012551 0.554871 0.000076 0.487707 0.025026 0.622035 480.000000 640.000000
43 0.391020 0.651185 0.370079 0.581897 0.411961 0.720472 480.000000 640.000000
16 0.381648 0.529577 0.369513 0.467309 0.393782 0.591844 480.000000 640.000000
20 0.231183 0.528312 0.210519 0.467850 0.251847 0.588774 480.000000 640.000000
