1 0.659348 0.597785 0.639663 0.534908 0.679034 0.660662 480.000000 640.000000
3 0.310582 0.926985 0.290547 0.853651 0.330617 1.000319 480.000000 640.000000
8 0.541564 0.582598 0.515686 0.520957 0.567442 0.644239 480.000000 640.000000
10 0.457224 0.493106 0.443692 0.432857 0.470756 0.553354 480.000000 640.000000
11 0.988828 0.559479 0.977330 0.483159 1.000326 0.635799 480.000000 640.000000
23 0.342967 0.502279 0.323998 0.438801 0.361937 0.565758 480.000000 640.000000
24 0.794170 0.466456 0.768378 0.404454 0.819962 0.528458 480.000000 640.000000
15 0.277523 0.459895 0.263067 0.400029 0.291979 0.519760 480.000000 640.000000
34 0.165640 0.627440 0.137351 0.545194 0.193928 0.709687 480.000000 640.000000
2 0.919389 0.540907 0.892497 0.482661 0.946282 0.599153 480.000000 640.000000
38 0.409728 0.651536 0.387989 0.572571 0.431467 0.730501 480.000000 640.000000
22 0.591419 0.463572 0.577752 0.410290 0.605086 0.516854 480.000000 640.000000
25 0.601424 0.517794 0.583275 0.461074 0.619574 0.574514 480.000000 640.000000
44 0.231668 0.557730 0.204780 0.478417 0.258556 0.637043 480.000000 640.000000
46 0.301654 0.494201 0.276867 0.433172 0.326441 0.555230 480.000000 640.000000
4 0.371444 0.581702 0.344611 0.518838 0.398278 0.644566 480.000000 640.000000
49 0.020463 0.556556 0.000164 0.487613 0.040762 0.625499 480.000000 640.000000
43 0.409516 0.652990 0.387724 0.571848 0.431307 0.734132 480.000000 640.000000
16 0.388145 0.529085 0.375275 0.468807 0.401015 0.589362 480.000000 640.000000
51 0.207552 0.494792 0.191667 0.434722 0.223438 0.554861 480.000000 640.000000
52 0.009155 0.650347 0.000000 0.620139 0.018311 0.680556 480.000000 640.000000
