1 0.557571 0.598225 0.529963 0.537074 0.585180 0.659376 480.000000 640.000000
3 0.217554 0.883893 0.195972 0.799750 0.239135 0.968036 480.000000 640.000000
4 0.256907 0.588103 0.237440 0.528785 0.276374 0.647421 480.000000 640.000000
6 0.325709 0.659261 0.302476 0.580699 0.348942 0.737823 480.000000 640.000000
7 0.410204 0.500293 0.394161 0.436984 0.426246 0.563603 480.000000 640.000000
8 0.429565 0.588446 0.409400 0.522760 0.449730 0.654131 480.000000 640.000000
10 0.540639 0.495204 0.518731 0.437923 0.562547 0.552484 480.000000 640.000000
11 0.895122 0.562390 0.871100 0.484812 0.919144 0.639968 480.000000 640.000000
16 0.296082 0.543461 0.272743 0.473199 0.319420 0.613723 480.000000 640.000000
18 0.279373 0.561777 0.266760 0.508013 0.291986 0.615540 480.000000 640.000000
19 0.184967 0.462672 0.159786 0.402872 0.210148 0.522473 480.000000 640.000000
23 0.456278 0.511000 0.435683 0.445785 0.476872 0.576215 480.000000 640.000000
24 0.668420 0.454606 0.644347 0.393848 0.692493 0.515363 480.000000 640.000000
20 0.135346 0.547888 0.116132 0.482187 0.154559 0.613590 480.000000 640.000000
32 0.111117 0.535542 0.094938 0.475453 0.127295 0.595630 480.000000 640.000000
15 0.321670 0.505476 0.303466 0.443655 0.339875 0.567297 480.000000 640.000000
34 0.053373 0.616862 0.032932 0.533779 0.073814 0.699945 480.000000 640.000000
2 0.801013 0.549044 0.776402 0.490400 0.825623 0.607689 480.000000 640.000000
25 0.707222 0.523471 0.685417 0.462339 0.729027 0.584603 480.000000 640.000000
22 0.502482 0.464877 0.479652 0.411583 0.525312 0.518171 480.000000 640.000000
5 0.346234 0.628228 0.329549 0.560432 0.362920 0.696025 480.000000 640.000000
12 0.985418 0.482358 0.970354 0.417660 1.000483 0.547056 480.000000 640.000000
36 0.443490 0.555903 0.410677 0.458333 0.476302 0.653472 480.000000 640.000000
