1 0.524788 0.593994 0.501574 0.532768 0.548002 0.655220 480.000000 640.000000
3 0.186723 0.859979 0.162897 0.777309 0.210549 0.942649 480.000000 640.000000
4 0.212698 0.588307 0.196695 0.527379 0.228701 0.649236 480.000000 640.000000
5 0.318692 0.624026 0.305589 0.557390 0.331796 0.690662 480.000000 640.000000
6 0.299225 0.661652 0.279211 0.584743 0.319240 0.738562 480.000000 640.000000
7 0.444771 0.498243 0.431236 0.437158 0.458306 0.559327 480.000000 640.000000
8 0.390813 0.589203 0.373456 0.526214 0.408170 0.652192 480.000000 640.000000
10 0.571050 0.496798 0.547618 0.437158 0.594483 0.556439 480.000000 640.000000
11 0.860396 0.565624 0.837244 0.493190 0.883549 0.638059 480.000000 640.000000
14 0.009722 0.494038 -0.000109 0.437227 0.019554 0.550849 480.000000 640.000000
16 0.270345 0.533803 0.251156 0.469370 0.289534 0.598236 480.000000 640.000000
18 0.245939 0.560023 0.231277 0.506513 0.260601 0.613532 480.000000 640.000000
19 0.151726 0.461462 0.128306 0.400519 0.175146 0.522405 480.000000 640.000000
23 0.484619 0.512484 0.461356 0.449212 0.507882 0.575756 480.000000 640.000000
24 0.633048 0.448737 0.617470 0.385732 0.648626 0.511741 480.000000 640.000000
20 0.104052 0.549608 0.085047 0.478097 0.123056 0.621120 480.000000 640.000000
21 0.959363 0.476161 0.935241 0.410001 0.983485 0.542322 480.000000 640.000000
32 0.074272 0.535297 0.052048 0.473188 0.096496 0.597407 480.000000 640.000000
15 0.357007 0.504354 0.342238 0.441030 0.371777 0.567678 480.000000 640.000000
34 0.025761 0.612548 0.000431 0.531997 0.051091 0.693100 480.000000 640.000000
2 0.761244 0.552230 0.736754 0.492618 0.785734 0.611843 480.000000 640.000000
35 0.743750 0.526736 0.729688 0.465972 0.757812 0.587500 480.000000 640.000000
