1 0.562890 0.596898 0.538646 0.534183 0.587134 0.659613 480.000000 640.000000
3 0.224973 0.883565 0.206528 0.800670 0.243418 0.966459 480.000000 640.000000
4 0.264565 0.588684 0.239672 0.529538 0.289459 0.647829 480.000000 640.000000
6 0.321208 0.650978 0.302264 0.584738 0.340152 0.717219 480.000000 640.000000
7 0.403820 0.499789 0.389527 0.436160 0.418114 0.563418 480.000000 640.000000
8 0.443848 0.588612 0.422221 0.525232 0.465475 0.651992 480.000000 640.000000
10 0.536054 0.496329 0.513948 0.437616 0.558159 0.555043 480.000000 640.000000
11 0.903362 0.562709 0.883838 0.486409 0.922886 0.639009 480.000000 640.000000
16 0.302067 0.536693 0.278320 0.470723 0.325814 0.602664 480.000000 640.000000
19 0.188859 0.461819 0.165815 0.401358 0.211903 0.522279 480.000000 640.000000
23 0.446087 0.496276 0.431692 0.442626 0.460482 0.549925 480.000000 640.000000
24 0.681600 0.454324 0.665110 0.390527 0.698090 0.518120 480.000000 640.000000
20 0.139934 0.541000 0.121276 0.481103 0.158592 0.600897 480.000000 640.000000
32 0.118325 0.531469 0.101443 0.467455 0.135208 0.595484 480.000000 640.000000
15 0.310910 0.519706 0.290883 0.442698 0.330937 0.596713 480.000000 640.000000
34 0.062977 0.617968 0.038235 0.535782 0.087719 0.700155 480.000000 640.000000
2 0.808487 0.545266 0.790432 0.487242 0.826542 0.603291 480.000000 640.000000
25 0.700593 0.516995 0.685647 0.462439 0.715539 0.571551 480.000000 640.000000
22 0.507732 0.464073 0.490760 0.409911 0.524704 0.518235 480.000000 640.000000
5 0.346264 0.626190 0.335263 0.558987 0.357265 0.693392 480.000000 640.000000
12 0.989404 0.488735 0.978548 0.431977 1.000260 0.545492 480.000000 640.000000
38 0.336965 0.649398 0.318471 0.561252 0.355459 0.737544 480.000000 640.000000
