1 0.550874 0.597525 0.526742 0.536200 0.575007 0.658849 480.000000 640.000000
3 0.209781 0.874170 0.190579 0.793144 0.228983 0.955196 480.000000 640.000000
4 0.243552 0.588550 0.224637 0.529495 0.262466 0.647605 480.000000 640.000000
6 0.319985 0.662389 0.292395 0.586582 0.347576 0.738196 480.000000 640.000000
7 0.416930 0.500370 0.397154 0.439796 0.436705 0.560944 480.000000 640.000000
8 0.420524 0.580936 0.392693 0.508956 0.448354 0.652917 480.000000 640.000000
10 0.551852 0.493212 0.537256 0.436705 0.566447 0.549718 480.000000 640.000000
11 0.893127 0.562491 0.867657 0.485545 0.918596 0.639438 480.000000 640.000000
16 0.289880 0.532703 0.275708 0.469829 0.304053 0.595576 480.000000 640.000000
18 0.269820 0.562090 0.249975 0.507187 0.289665 0.616993 480.000000 640.000000
19 0.177660 0.461377 0.157799 0.400213 0.197521 0.522541 480.000000 640.000000
23 0.462488 0.512543 0.438792 0.449242 0.486185 0.575843 480.000000 640.000000
24 0.661240 0.451963 0.634663 0.388954 0.687816 0.514972 480.000000 640.000000
20 0.130630 0.547173 0.105854 0.482952 0.155406 0.611395 480.000000 640.000000
32 0.098536 0.528251 0.083837 0.471275 0.113235 0.585226 480.000000 640.000000
15 0.332678 0.508299 0.306902 0.448614 0.358454 0.567983 480.000000 640.000000
34 0.042580 0.613547 0.023106 0.531562 0.062054 0.695532 480.000000 640.000000
2 0.793827 0.549771 0.771422 0.490442 0.816233 0.609100 480.000000 640.000000
25 0.715645 0.523781 0.691185 0.460686 0.740105 0.586875 480.000000 640.000000
22 0.500981 0.464435 0.479109 0.411511 0.522852 0.517359 480.000000 640.000000
5 0.341225 0.627316 0.323877 0.561008 0.358573 0.693624 480.000000 640.000000
12 0.981863 0.482700 0.963566 0.418865 1.000159 0.546535 480.000000 640.000000
