1 0.560600 0.597470 0.534998 0.535074 0.586202 0.659866 480.000000 640.000000
3 0.221994 0.883848 0.203484 0.800645 0.240505 0.967050 480.000000 640.000000
4 0.262454 0.588367 0.239143 0.528998 0.285764 0.647737 480.000000 640.000000
6 0.322618 0.656139 0.303183 0.583995 0.342054 0.728284 480.000000 640.000000
7 0.405957 0.499482 0.391399 0.435908 0.420516 0.563055 480.000000 640.000000
8 0.442432 0.589968 0.417346 0.529328 0.467518 0.650608 480.000000 640.000000
10 0.536788 0.495817 0.514731 0.437712 0.558844 0.553921 480.000000 640.000000
11 0.897851 0.562462 0.874670 0.486280 0.921032 0.638645 480.000000 640.000000
16 0.302687 0.536456 0.281733 0.468284 0.323641 0.604629 480.000000 640.000000
18 0.282315 0.561362 0.271958 0.507517 0.292671 0.615207 480.000000 640.000000
19 0.187188 0.462442 0.162507 0.402519 0.211868 0.522366 480.000000 640.000000
23 0.449250 0.499923 0.434041 0.443526 0.464459 0.556320 480.000000 640.000000
24 0.676983 0.453154 0.658076 0.391440 0.695889 0.514868 480.000000 640.000000
20 0.138298 0.542362 0.120218 0.481582 0.156378 0.603142 480.000000 640.000000
32 0.115464 0.531951 0.100119 0.468017 0.130808 0.595886 480.000000 640.000000
15 0.310421 0.515217 0.287727 0.440908 0.333116 0.589526 480.000000 640.000000
34 0.060680 0.618100 0.037174 0.535557 0.084186 0.700643 480.000000 640.000000
2 0.805270 0.547158 0.784210 0.487800 0.826331 0.606517 480.000000 640.000000
25 0.701431 0.521873 0.684276 0.463324 0.718586 0.580422 480.000000 640.000000
22 0.505335 0.464365 0.486157 0.410392 0.524513 0.518338 480.000000 640.000000
5 0.347032 0.627788 0.333233 0.559545 0.360831 0.696031 480.000000 640.000000
12 0.987733 0.487896 0.975162 0.429392 1.000303 0.546400 480.000000 640.000000
37 0.677083 0.477083 0.658333 0.391667 0.695833 0.562500 480.000000 640.000000
38 0.335938 0.650174 0.317448 0.562847 0.354427 0.737500 480.000000 640.000000
