1 0.720458 0.598691 0.693875 0.538255 0.747041 0.659128 480.000000 640.000000
3 0.367346 0.944408 0.348691 0.888862 0.386000 0.999954 480.000000 640.000000
8 0.617484 0.580118 0.592681 0.517324 0.642287 0.642912 480.000000 640.000000
10 0.398860 0.492342 0.382450 0.433426 0.415271 0.551257 480.000000 640.000000
24 0.870063 0.473777 0.854585 0.409626 0.885542 0.537929 480.000000 640.000000
34 0.234024 0.630942 0.209568 0.551008 0.258480 0.710875 480.000000 640.000000
2 0.985193 0.533124 0.969639 0.475758 1.000747 0.590491 480.000000 640.000000
22 0.648322 0.463719 0.634641 0.408544 0.662003 0.518894 480.000000 640.000000
25 0.539022 0.506497 0.525310 0.449751 0.552735 0.563242 480.000000 640.000000
44 0.297735 0.568023 0.275463 0.501133 0.320006 0.634913 480.000000 640.000000
49 0.077313 0.550522 0.059861 0.486187 0.094764 0.614856 480.000000 640.000000
51 0.148815 0.491904 0.130629 0.430788 0.167001 0.553021 480.000000 640.000000
57 0.423310 0.558427 0.403283 0.502794 0.443336 0.614059 480.000000 640.000000
20 0.325931 0.527258 0.304737 0.464586 0.347125 0.589931 480.000000 640.000000
38 0.465293 0.621577 0.435136 0.539374 0.495450 0.703780 480.000000 640.000000
15 0.340595 0.458903 0.326043 0.399606 0.355147 0.518201 480.000000 640.000000
4 0.458503 0.565177 0.441661 0.525474 0.475345 0.604880 480.000000 640.000000
66 0.237181 0.494701 0.221293 0.436515 0.253069 0.552888 480.000000 640.000000
67 0.043288 0.632234 0.020104 0.562577 0.066473 0.701891 480.000000 640.000000
68 0.951988 0.510627 0.927630 0.445317 0.976346 0.575937 480.000000 640.000000
55 0.065001 0.609764 0.047356 0.548565 0.082646 0.670963 480.000000 640.000000
60 0.443401 0.513466 0.432229 0.467832 0.454573 0.559100 480.000000 640.000000
70 0.277297 0.516179 0.259375 0.433138 0.295218 0.599219 480.000000 640.000000
71 0.428646 0.541319 0.402865 0.468750 0.454427 0.613889 480.000000 640.000000
