1 0.714956 0.598150 0.690380 0.536235 0.739531 0.660065 480.000000 640.000000
3 0.358325 0.943294 0.339042 0.887145 0.377607 0.999442 480.000000 640.000000
8 0.606439 0.578381 0.590673 0.515196 0.622205 0.641565 480.000000 640.000000
10 0.405831 0.488279 0.389991 0.433821 0.421672 0.542737 480.000000 640.000000
24 0.852696 0.475183 0.833023 0.411865 0.872369 0.538501 480.000000 640.000000
34 0.221815 0.626875 0.199908 0.549018 0.243723 0.704731 480.000000 640.000000
2 0.979035 0.528929 0.960239 0.467328 0.997831 0.590529 480.000000 640.000000
22 0.639235 0.465629 0.617609 0.412156 0.660860 0.519101 480.000000 640.000000
25 0.548469 0.514622 0.527123 0.452233 0.569814 0.577012 480.000000 640.000000
44 0.284812 0.564485 0.262548 0.492991 0.307075 0.635978 480.000000 640.000000
49 0.072898 0.559340 0.050914 0.488365 0.094882 0.630316 480.000000 640.000000
51 0.160361 0.492612 0.145484 0.431228 0.175238 0.553995 480.000000 640.000000
57 0.416789 0.546132 0.398826 0.478166 0.434752 0.614099 480.000000 640.000000
20 0.313859 0.534377 0.289448 0.475909 0.338270 0.592845 480.000000 640.000000
38 0.462356 0.650738 0.436086 0.569523 0.488627 0.731953 480.000000 640.000000
15 0.334527 0.460200 0.314326 0.401973 0.354728 0.518426 480.000000 640.000000
4 0.443822 0.564854 0.427941 0.524043 0.459702 0.605665 480.000000 640.000000
66 0.247222 0.492595 0.232935 0.431511 0.261509 0.553678 480.000000 640.000000
67 0.039575 0.626608 0.012964 0.551279 0.066186 0.701936 480.000000 640.000000
