1 0.518413 0.594642 0.490220 0.533739 0.546605 0.655545 480.000000 640.000000
3 0.180008 0.858777 0.152383 0.778066 0.207634 0.939488 480.000000 640.000000
4 0.203294 0.588532 0.185353 0.528246 0.221235 0.648819 480.000000 640.000000
5 0.315648 0.627674 0.300949 0.559390 0.330347 0.695958 480.000000 640.000000
6 0.291448 0.659626 0.273185 0.584776 0.309712 0.734477 480.000000 640.000000
7 0.452999 0.501576 0.433954 0.438002 0.472044 0.565151 480.000000 640.000000
8 0.382250 0.590618 0.357919 0.528580 0.406581 0.652656 480.000000 640.000000
10 0.574592 0.496173 0.554285 0.437074 0.594899 0.555272 480.000000 640.000000
11 0.855896 0.564686 0.831099 0.491225 0.880692 0.638147 480.000000 640.000000
14 0.014197 0.500873 -0.000054 0.441210 0.028449 0.560536 480.000000 640.000000
16 0.265092 0.532731 0.247602 0.466500 0.282582 0.598962 480.000000 640.000000
18 0.238000 0.561429 0.215850 0.506448 0.260151 0.616409 480.000000 640.000000
19 0.148472 0.461224 0.125544 0.401371 0.171399 0.521077 480.000000 640.000000
23 0.493814 0.511785 0.473263 0.450000 0.514366 0.573569 480.000000 640.000000
24 0.623899 0.450945 0.599700 0.389513 0.648098 0.512376 480.000000 640.000000
25 0.753428 0.539542 0.726841 0.467016 0.780015 0.612067 480.000000 640.000000
20 0.096501 0.545202 0.079033 0.477532 0.113969 0.612873 480.000000 640.000000
21 0.956183 0.474266 0.932639 0.406204 0.979728 0.542328 480.000000 640.000000
32 0.061472 0.534473 0.044212 0.472458 0.078732 0.596487 480.000000 640.000000
15 0.363464 0.505310 0.347339 0.442966 0.379588 0.567655 480.000000 640.000000
34 0.019824 0.611111 0.000000 0.530556 0.039648 0.691667 480.000000 640.000000
