1 0.689358 0.596914 0.667740 0.535436 0.710976 0.658392 480.000000 640.000000
3 0.338028 0.933299 0.318811 0.866689 0.357245 0.999909 480.000000 640.000000
8 0.579734 0.581821 0.551956 0.519817 0.607512 0.643826 480.000000 640.000000
10 0.433118 0.486298 0.419751 0.433960 0.446486 0.538636 480.000000 640.000000
23 0.307773 0.492119 0.289365 0.416633 0.326181 0.567606 480.000000 640.000000
24 0.830203 0.470288 0.812126 0.404179 0.848279 0.536396 480.000000 640.000000
34 0.202608 0.633306 0.172674 0.556156 0.232542 0.710456 480.000000 640.000000
2 0.956530 0.538127 0.933965 0.478537 0.979096 0.597717 480.000000 640.000000
22 0.621547 0.461309 0.609149 0.406281 0.633946 0.516337 480.000000 640.000000
25 0.572422 0.501302 0.559480 0.453445 0.585365 0.549158 480.000000 640.000000
44 0.261857 0.554575 0.238059 0.476263 0.285654 0.632887 480.000000 640.000000
49 0.043670 0.556909 0.026375 0.487932 0.060964 0.625887 480.000000 640.000000
51 0.181618 0.499192 0.156823 0.434124 0.206413 0.564259 480.000000 640.000000
55 0.026139 0.623900 0.000786 0.551490 0.051492 0.696311 480.000000 640.000000
57 0.390203 0.559802 0.372734 0.506344 0.407672 0.613260 480.000000 640.000000
20 0.286246 0.516843 0.270218 0.449595 0.302274 0.584092 480.000000 640.000000
63 0.984500 0.508446 0.968869 0.444358 1.000131 0.572533 480.000000 640.000000
