1 0.634127 0.596334 0.608535 0.530869 0.659719 0.661799 480.000000 640.000000
3 0.283586 0.919725 0.264716 0.839985 0.302457 0.999464 480.000000 640.000000
8 0.512092 0.582578 0.494627 0.517758 0.529557 0.647398 480.000000 640.000000
10 0.477404 0.496379 0.458744 0.436362 0.496064 0.556395 480.000000 640.000000
11 0.970283 0.573596 0.945532 0.511829 0.995035 0.635362 480.000000 640.000000
23 0.381194 0.505569 0.360369 0.441217 0.402020 0.569921 480.000000 640.000000
24 0.755261 0.467136 0.731096 0.401319 0.779425 0.532954 480.000000 640.000000
15 0.253997 0.482836 0.232677 0.408174 0.275317 0.557499 480.000000 640.000000
34 0.131815 0.620393 0.112614 0.539729 0.151016 0.701056 480.000000 640.000000
2 0.885026 0.542793 0.860933 0.483822 0.909118 0.601764 480.000000 640.000000
38 0.394467 0.634503 0.364220 0.535506 0.424715 0.733501 480.000000 640.000000
22 0.569079 0.464323 0.544689 0.412144 0.593469 0.516503 480.000000 640.000000
25 0.636666 0.510966 0.623106 0.458952 0.650227 0.562979 480.000000 640.000000
44 0.212916 0.573565 0.188610 0.515450 0.237222 0.631680 480.000000 640.000000
20 0.200355 0.519118 0.183191 0.468966 0.217520 0.569270 480.000000 640.000000
40 0.961812 0.550160 0.945066 0.484967 0.978557 0.615353 480.000000 640.000000
46 0.331771 0.493056 0.317708 0.434028 0.345833 0.552083 480.000000 640.000000
47 0.248372 0.508681 0.229297 0.457639 0.267448 0.559722 480.000000 640.000000
4 0.340464 0.586767 0.316808 0.525952 0.364120 0.647583 480.000000 640.000000
