1 0.613706 0.594079 0.593598 0.532664 0.633814 0.655494 480.000000 640.000000
3 0.268251 0.906995 0.249689 0.822485 0.286813 0.991504 480.000000 640.000000
7 0.355292 0.495780 0.340583 0.434233 0.370001 0.557326 480.000000 640.000000
8 0.494264 0.586700 0.470707 0.526318 0.517821 0.647082 480.000000 640.000000
10 0.501086 0.490133 0.485263 0.434503 0.516910 0.545763 480.000000 640.000000
11 0.953041 0.560779 0.931249 0.484783 0.974833 0.636775 480.000000 640.000000
19 0.233097 0.461394 0.217481 0.400640 0.248714 0.522148 480.000000 640.000000
23 0.394098 0.505772 0.376323 0.441572 0.411874 0.569972 480.000000 640.000000
24 0.737194 0.456843 0.722649 0.394473 0.751739 0.519214 480.000000 640.000000
15 0.263645 0.499078 0.241275 0.435525 0.286015 0.562631 480.000000 640.000000
34 0.115293 0.622349 0.085756 0.542296 0.144829 0.702402 480.000000 640.000000
2 0.866354 0.543234 0.847457 0.483565 0.885252 0.602902 480.000000 640.000000
38 0.370507 0.646399 0.347641 0.560058 0.393373 0.732741 480.000000 640.000000
22 0.551601 0.460100 0.539577 0.405173 0.563625 0.515028 480.000000 640.000000
4 0.319518 0.578953 0.304071 0.510951 0.334965 0.646956 480.000000 640.000000
25 0.653256 0.517643 0.639999 0.458803 0.666513 0.576483 480.000000 640.000000
16 0.351041 0.533844 0.334606 0.472020 0.367475 0.595668 480.000000 640.000000
44 0.185613 0.581412 0.156966 0.526414 0.214260 0.636409 480.000000 640.000000
20 0.180738 0.524633 0.160457 0.467377 0.201019 0.581888 480.000000 640.000000
