1 0.676171 0.596357 0.650797 0.531495 0.701546 0.661218 480.000000 640.000000
3 0.320359 0.930823 0.298288 0.861630 0.342429 1.000016 480.000000 640.000000
8 0.562707 0.581040 0.544319 0.516584 0.581095 0.645497 480.000000 640.000000
10 0.440773 0.494357 0.420005 0.435529 0.461542 0.553185 480.000000 640.000000
11 0.990403 0.559461 0.980769 0.505862 1.000037 0.613061 480.000000 640.000000
23 0.328985 0.505020 0.302982 0.441487 0.354988 0.568552 480.000000 640.000000
24 0.806006 0.470470 0.783018 0.405775 0.828994 0.535166 480.000000 640.000000
34 0.177019 0.626939 0.156175 0.544658 0.197863 0.709219 480.000000 640.000000
2 0.935873 0.538623 0.919678 0.477932 0.952068 0.599313 480.000000 640.000000
22 0.611480 0.461613 0.596521 0.408064 0.626440 0.515162 480.000000 640.000000
25 0.591533 0.515780 0.571910 0.454979 0.611155 0.576581 480.000000 640.000000
44 0.251874 0.545487 0.222515 0.476663 0.281232 0.614311 480.000000 640.000000
46 0.291576 0.490076 0.274807 0.428548 0.308345 0.551605 480.000000 640.000000
4 0.397606 0.576117 0.378792 0.510682 0.416420 0.641551 480.000000 640.000000
49 0.031675 0.558841 0.010037 0.489340 0.053314 0.628342 480.000000 640.000000
43 0.430850 0.665231 0.402640 0.595181 0.459060 0.735281 480.000000 640.000000
16 0.395651 0.539185 0.377098 0.469082 0.414203 0.609288 480.000000 640.000000
51 0.203599 0.495076 0.189729 0.434559 0.217470 0.555594 480.000000 640.000000
54 0.425848 0.615041 0.401284 0.555911 0.450411 0.674172 480.000000 640.000000
55 0.012656 0.625864 0.000190 0.553293 0.025121 0.698435 480.000000 640.000000
