1 0.476705 0.596093 0.450972 0.534871 0.502439 0.657315 480.000000 640.000000
2 0.703599 0.557063 0.686381 0.496943 0.720816 0.617184 480.000000 640.000000
3 0.138561 0.835901 0.120062 0.756678 0.157059 0.915124 480.000000 640.000000
4 0.150441 0.589102 0.128026 0.528629 0.172856 0.649575 480.000000 640.000000
5 0.281125 0.630069 0.265606 0.561773 0.296643 0.698365 480.000000 640.000000
6 0.253675 0.659717 0.236521 0.584213 0.270829 0.735222 480.000000 640.000000
7 0.502720 0.505143 0.483140 0.445961 0.522301 0.564324 480.000000 640.000000
8 0.335317 0.589918 0.307692 0.527233 0.362943 0.652604 480.000000 640.000000
9 0.986004 0.485901 0.971959 0.433930 1.000048 0.537872 480.000000 640.000000
10 0.616596 0.497463 0.600499 0.437189 0.632693 0.557738 480.000000 640.000000
11 0.816286 0.571021 0.790483 0.497204 0.842088 0.644839 480.000000 640.000000
12 0.919400 0.487306 0.896948 0.427337 0.941852 0.547275 480.000000 640.000000
14 0.012415 0.535729 0.000141 0.476168 0.024689 0.595290 480.000000 640.000000
15 0.411185 0.509874 0.386061 0.449428 0.436308 0.570320 480.000000 640.000000
16 0.219887 0.535819 0.205531 0.478329 0.234242 0.593309 480.000000 640.000000
18 0.199126 0.562464 0.177442 0.507895 0.220810 0.617032 480.000000 640.000000
19 0.105622 0.463082 0.083317 0.402424 0.127927 0.523740 480.000000 640.000000
21 0.907018 0.463092 0.892977 0.402352 0.921058 0.523831 480.000000 640.000000
22 0.439988 0.465725 0.423509 0.413146 0.456467 0.518303 480.000000 640.000000
23 0.542415 0.517170 0.518768 0.452736 0.566061 0.581604 480.000000 640.000000
24 0.573551 0.448983 0.551570 0.386355 0.595532 0.511611 480.000000 640.000000
20 0.058792 0.551060 0.033380 0.464335 0.084204 0.637786 480.000000 640.000000
25 0.802083 0.525000 0.770312 0.463889 0.833854 0.586111 480.000000 640.000000
