1 0.742177 0.594856 0.723934 0.532225 0.760421 0.657487 480.000000 640.000000
3 0.385471 0.952085 0.368013 0.904134 0.402929 1.000036 480.000000 640.000000
8 0.637816 0.577404 0.621118 0.517419 0.654513 0.637390 480.000000 640.000000
10 0.385644 0.492288 0.370693 0.433404 0.400595 0.551172 480.000000 640.000000
24 0.890070 0.478143 0.862481 0.416551 0.917658 0.539735 480.000000 640.000000
34 0.257743 0.632749 0.226796 0.554323 0.288689 0.711175 480.000000 640.000000
22 0.668670 0.467278 0.646792 0.414475 0.690549 0.520081 480.000000 640.000000
25 0.518387 0.508258 0.499862 0.452619 0.536913 0.563897 480.000000 640.000000
44 0.310598 0.559630 0.286203 0.483090 0.334993 0.636170 480.000000 640.000000
49 0.096164 0.554646 0.073965 0.487716 0.118363 0.621576 480.000000 640.000000
51 0.132565 0.494515 0.109218 0.432825 0.155911 0.556204 480.000000 640.000000
57 0.448120 0.541255 0.425699 0.470417 0.470540 0.612093 480.000000 640.000000
20 0.348286 0.524834 0.327724 0.461570 0.368848 0.588098 480.000000 640.000000
15 0.357668 0.453265 0.343012 0.398982 0.372324 0.507548 480.000000 640.000000
4 0.480441 0.565797 0.461280 0.523594 0.499602 0.608000 480.000000 640.000000
66 0.215300 0.493624 0.192201 0.433375 0.238399 0.553874 480.000000 640.000000
67 0.066684 0.631142 0.044088 0.560803 0.089279 0.701480 480.000000 640.000000
68 0.932598 0.513796 0.909725 0.449328 0.955471 0.578263 480.000000 640.000000
70 0.254454 0.500419 0.228574 0.437504 0.280334 0.563334 480.000000 640.000000
55 0.089984 0.613671 0.066984 0.549908 0.112985 0.677434 480.000000 640.000000
54 0.474371 0.664753 0.446761 0.597271 0.501980 0.732235 480.000000 640.000000
38 0.478700 0.580336 0.455990 0.522806 0.501410 0.637866 480.000000 640.000000
