1 0.588985 0.596227 0.567872 0.533652 0.610099 0.658802 480.000000 640.000000
3 0.249148 0.896119 0.222826 0.812852 0.275471 0.979386 480.000000 640.000000
7 0.381294 0.500638 0.355121 0.437837 0.407467 0.563439 480.000000 640.000000
8 0.460567 0.587302 0.433502 0.524652 0.487632 0.649953 480.000000 640.000000
10 0.521615 0.495542 0.504750 0.436028 0.538480 0.555057 480.000000 640.000000
11 0.930974 0.575470 0.906638 0.514040 0.955309 0.636900 480.000000 640.000000
19 0.205766 0.460957 0.182221 0.399474 0.229312 0.522440 480.000000 640.000000
23 0.421991 0.506575 0.399271 0.442323 0.444711 0.570827 480.000000 640.000000
24 0.705878 0.459110 0.676712 0.393681 0.735045 0.524539 480.000000 640.000000
20 0.174253 0.545658 0.152663 0.483392 0.195843 0.607923 480.000000 640.000000
32 0.145595 0.529729 0.129745 0.463033 0.161444 0.596426 480.000000 640.000000
15 0.292059 0.526383 0.272296 0.443961 0.311822 0.608805 480.000000 640.000000
34 0.084152 0.619828 0.064663 0.540130 0.103640 0.699526 480.000000 640.000000
2 0.836219 0.544688 0.810232 0.486108 0.862206 0.603268 480.000000 640.000000
38 0.355600 0.665416 0.325920 0.591949 0.385280 0.738883 480.000000 640.000000
40 0.918922 0.549521 0.904971 0.485101 0.932873 0.613941 480.000000 640.000000
16 0.320995 0.532503 0.307941 0.470807 0.334048 0.594199 480.000000 640.000000
41 0.694271 0.488889 0.652083 0.393750 0.736458 0.584028 480.000000 640.000000
22 0.536974 0.464763 0.521989 0.410542 0.551959 0.518983 480.000000 640.000000
