1 0.681077 0.597826 0.654415 0.536575 0.707740 0.659077 480.000000 640.000000
3 0.332419 0.931223 0.314226 0.862460 0.350612 0.999986 480.000000 640.000000
8 0.573881 0.582207 0.550640 0.519601 0.597121 0.644814 480.000000 640.000000
10 0.439693 0.495077 0.418691 0.435723 0.460695 0.554431 480.000000 640.000000
11 0.988914 0.560906 0.977837 0.512366 0.999991 0.609446 480.000000 640.000000
23 0.318099 0.503200 0.300086 0.437914 0.336111 0.568487 480.000000 640.000000
24 0.821125 0.469303 0.806484 0.403445 0.835766 0.535161 480.000000 640.000000
34 0.192412 0.629654 0.164471 0.549559 0.220353 0.709750 480.000000 640.000000
2 0.949611 0.538130 0.929981 0.477493 0.969242 0.598767 480.000000 640.000000
22 0.614515 0.460476 0.602180 0.406661 0.626850 0.514291 480.000000 640.000000
25 0.579294 0.499428 0.566815 0.456382 0.591774 0.542473 480.000000 640.000000
44 0.255093 0.555790 0.228030 0.481048 0.282156 0.630532 480.000000 640.000000
46 0.283716 0.498834 0.267953 0.426534 0.299478 0.571135 480.000000 640.000000
4 0.402442 0.586795 0.384272 0.527839 0.420612 0.645750 480.000000 640.000000
49 0.037182 0.557042 0.020063 0.488596 0.054302 0.625488 480.000000 640.000000
43 0.429976 0.636281 0.397510 0.564563 0.462441 0.707998 480.000000 640.000000
51 0.191145 0.493931 0.173378 0.433267 0.208912 0.554595 480.000000 640.000000
54 0.434813 0.622474 0.407226 0.560996 0.462400 0.683952 480.000000 640.000000
55 0.016092 0.626319 0.000356 0.556185 0.031827 0.696454 480.000000 640.000000
57 0.386137 0.558555 0.370597 0.505431 0.401677 0.611678 480.000000 640.000000
20 0.282035 0.521773 0.262536 0.459095 0.301534 0.584451 480.000000 640.000000
60 0.409023 0.503646 0.397093 0.468928 0.420952 0.538364 480.000000 640.000000
61 0.986979 0.544097 0.973958 0.507986 1.000000 0.580208 480.000000 640.000000
