1 0.724507 0.598041 0.700018 0.537012 0.748995 0.659070 480.000000 640.000000
3 0.372043 0.945155 0.353262 0.890934 0.390823 0.999376 480.000000 640.000000
8 0.621576 0.580953 0.593498 0.518655 0.649654 0.643251 480.000000 640.000000
10 0.398144 0.492112 0.383742 0.432557 0.412547 0.551666 480.000000 640.000000
24 0.876181 0.475000 0.857797 0.411076 0.894566 0.538924 480.000000 640.000000
34 0.242343 0.629871 0.213285 0.550626 0.271401 0.709115 480.000000 640.000000
22 0.652166 0.464418 0.638452 0.409830 0.665879 0.519005 480.000000 640.000000
25 0.532963 0.506663 0.518696 0.450201 0.547229 0.563125 480.000000 640.000000
44 0.298206 0.567703 0.272837 0.498453 0.323574 0.636953 480.000000 640.000000
49 0.078955 0.541927 0.063359 0.486056 0.094551 0.597797 480.000000 640.000000
51 0.142912 0.492578 0.119933 0.432252 0.165891 0.552904 480.000000 640.000000
57 0.429172 0.548231 0.403081 0.481939 0.455263 0.614523 480.000000 640.000000
20 0.328917 0.526689 0.310687 0.463999 0.347146 0.589378 480.000000 640.000000
38 0.468953 0.611592 0.440404 0.533812 0.497501 0.689373 480.000000 640.000000
15 0.344170 0.458555 0.330197 0.399455 0.358143 0.517654 480.000000 640.000000
4 0.464607 0.564889 0.448354 0.525569 0.480860 0.604209 480.000000 640.000000
66 0.229704 0.495167 0.210586 0.438118 0.248823 0.552216 480.000000 640.000000
67 0.048057 0.632420 0.028915 0.563131 0.067200 0.701710 480.000000 640.000000
68 0.945052 0.513072 0.917165 0.449179 0.972939 0.576966 480.000000 640.000000
60 0.446940 0.513111 0.435118 0.468254 0.458763 0.557968 480.000000 640.000000
70 0.270121 0.496245 0.254494 0.434907 0.285747 0.557584 480.000000 640.000000
73 0.072331 0.587500 0.049609 0.490278 0.095052 0.684722 480.000000 640.000000
11 0.984848 0.537442 0.969771 0.482350 0.999924 0.592534 480.000000 640.000000
