1 0.638974 0.599719 0.611639 0.538308 0.666310 0.661130 480.000000 640.000000
3 0.292336 0.919284 0.273825 0.842444 0.310847 0.996125 480.000000 640.000000
8 0.522474 0.581340 0.507142 0.516379 0.537806 0.646301 480.000000 640.000000
10 0.471236 0.495646 0.448349 0.435654 0.494124 0.555638 480.000000 640.000000
11 0.970366 0.553332 0.947402 0.485592 0.993331 0.621071 480.000000 640.000000
23 0.364912 0.488089 0.347835 0.441557 0.381988 0.534621 480.000000 640.000000
24 0.769254 0.464411 0.753450 0.400139 0.785057 0.528683 480.000000 640.000000
15 0.263606 0.461177 0.245562 0.400798 0.281649 0.521556 480.000000 640.000000
34 0.145035 0.624132 0.120517 0.540364 0.169553 0.707901 480.000000 640.000000
2 0.896479 0.540977 0.880666 0.482720 0.912291 0.599233 480.000000 640.000000
38 0.398065 0.648414 0.369323 0.563301 0.426806 0.733527 480.000000 640.000000
22 0.575568 0.463193 0.557674 0.408774 0.593463 0.517612 480.000000 640.000000
25 0.622566 0.516110 0.607777 0.457001 0.637355 0.575219 480.000000 640.000000
44 0.217343 0.549975 0.188727 0.469985 0.245959 0.629966 480.000000 640.000000
40 0.980823 0.571317 0.963739 0.508109 0.997907 0.634525 480.000000 640.000000
46 0.323934 0.495393 0.310299 0.433338 0.337568 0.557448 480.000000 640.000000
4 0.360775 0.576347 0.338203 0.510515 0.383348 0.642179 480.000000 640.000000
49 0.008244 0.550894 0.000316 0.487507 0.016171 0.614281 480.000000 640.000000
