1 0.521533 0.594389 0.496060 0.532786 0.547006 0.655992 480.000000 640.000000
3 0.184636 0.860450 0.158361 0.777956 0.210911 0.942945 480.000000 640.000000
4 0.210381 0.587328 0.194095 0.527408 0.226667 0.647248 480.000000 640.000000
5 0.317683 0.625044 0.304114 0.557783 0.331253 0.692306 480.000000 640.000000
6 0.297170 0.661362 0.279109 0.585186 0.315231 0.737538 480.000000 640.000000
7 0.447176 0.499311 0.432899 0.437212 0.461453 0.561411 480.000000 640.000000
8 0.386950 0.589729 0.367072 0.527045 0.406828 0.652413 480.000000 640.000000
10 0.571918 0.496600 0.549089 0.437215 0.594747 0.555985 480.000000 640.000000
11 0.857496 0.564788 0.833071 0.492185 0.881921 0.637390 480.000000 640.000000
14 0.011075 0.492306 -0.000098 0.436953 0.022247 0.547660 480.000000 640.000000
16 0.268852 0.532875 0.250241 0.467161 0.287464 0.598588 480.000000 640.000000
18 0.244924 0.560610 0.229376 0.506892 0.260472 0.614328 480.000000 640.000000
19 0.150893 0.461395 0.126688 0.400819 0.175098 0.521971 480.000000 640.000000
23 0.488983 0.512313 0.466802 0.447307 0.511164 0.577319 480.000000 640.000000
24 0.628472 0.448930 0.609143 0.385857 0.647801 0.512004 480.000000 640.000000
20 0.100341 0.548020 0.083163 0.476205 0.117519 0.619835 480.000000 640.000000
21 0.957508 0.478611 0.933988 0.413045 0.981027 0.544178 480.000000 640.000000
32 0.071285 0.534408 0.049881 0.472221 0.092690 0.596596 480.000000 640.000000
15 0.359205 0.503992 0.344825 0.441339 0.373585 0.566646 480.000000 640.000000
34 0.023552 0.612133 0.000382 0.532266 0.046722 0.691999 480.000000 640.000000
2 0.759123 0.551949 0.733630 0.492142 0.784615 0.611757 480.000000 640.000000
