1 0.710487 0.598412 0.688578 0.535167 0.732397 0.661656 480.000000 640.000000
3 0.354088 0.942443 0.334668 0.885061 0.373507 0.999825 480.000000 640.000000
8 0.600764 0.579200 0.586205 0.514277 0.615322 0.644122 480.000000 640.000000
10 0.414844 0.480671 0.401457 0.433351 0.428231 0.527991 480.000000 640.000000
24 0.846842 0.475256 0.822030 0.412270 0.871653 0.538241 480.000000 640.000000
34 0.218163 0.626987 0.192772 0.548612 0.243554 0.705362 480.000000 640.000000
2 0.976516 0.521471 0.957573 0.451855 0.995459 0.591088 480.000000 640.000000
22 0.636785 0.466550 0.613523 0.413927 0.660047 0.519173 480.000000 640.000000
25 0.548341 0.513875 0.526035 0.454202 0.570648 0.573548 480.000000 640.000000
44 0.273205 0.555464 0.249451 0.476199 0.296958 0.634730 480.000000 640.000000
49 0.069802 0.559349 0.045158 0.488213 0.094447 0.630485 480.000000 640.000000
51 0.167759 0.494653 0.148715 0.434231 0.186804 0.555074 480.000000 640.000000
57 0.415664 0.546958 0.395782 0.480581 0.435545 0.613335 480.000000 640.000000
20 0.307871 0.531489 0.284592 0.476420 0.331150 0.586557 480.000000 640.000000
38 0.456628 0.641490 0.434543 0.552793 0.478713 0.730187 480.000000 640.000000
15 0.329102 0.460519 0.308654 0.403027 0.349550 0.518012 480.000000 640.000000
4 0.439673 0.563592 0.424870 0.524207 0.454477 0.602978 480.000000 640.000000
66 0.248152 0.493722 0.235758 0.434078 0.260547 0.553366 480.000000 640.000000
67 0.033911 0.628747 0.009227 0.554737 0.058596 0.702758 480.000000 640.000000
