1 0.679166 0.598630 0.651423 0.536161 0.706910 0.661099 480.000000 640.000000
3 0.325959 0.930907 0.305474 0.861716 0.346443 1.000098 480.000000 640.000000
8 0.566713 0.581635 0.548194 0.517781 0.585231 0.645488 480.000000 640.000000
10 0.439418 0.495085 0.417514 0.435786 0.461322 0.554385 480.000000 640.000000
11 0.991554 0.561554 0.983069 0.512834 1.000040 0.610273 480.000000 640.000000
23 0.324340 0.504224 0.300951 0.439659 0.347728 0.568790 480.000000 640.000000
24 0.812311 0.470213 0.795030 0.405365 0.829592 0.535060 480.000000 640.000000
34 0.183750 0.627342 0.160401 0.545018 0.207098 0.709666 480.000000 640.000000
2 0.942087 0.537299 0.925171 0.475686 0.959002 0.598913 480.000000 640.000000
22 0.614275 0.461080 0.601859 0.407367 0.626692 0.514794 480.000000 640.000000
25 0.584812 0.507116 0.572034 0.456531 0.597590 0.557701 480.000000 640.000000
44 0.252818 0.547358 0.225756 0.480893 0.279880 0.613823 480.000000 640.000000
46 0.286288 0.489081 0.271268 0.428820 0.301308 0.549341 480.000000 640.000000
4 0.400667 0.591666 0.384019 0.537140 0.417316 0.646192 480.000000 640.000000
49 0.033839 0.553878 0.015787 0.489049 0.051891 0.618707 480.000000 640.000000
43 0.433274 0.649407 0.404220 0.562759 0.462327 0.736056 480.000000 640.000000
16 0.402183 0.532129 0.387400 0.469578 0.416966 0.594680 480.000000 640.000000
51 0.197312 0.497148 0.181900 0.437624 0.212725 0.556673 480.000000 640.000000
54 0.430439 0.612480 0.405434 0.556866 0.455443 0.668095 480.000000 640.000000
55 0.014237 0.627940 0.000159 0.558924 0.028316 0.696957 480.000000 640.000000
57 0.379989 0.558385 0.366182 0.505330 0.393796 0.611440 480.000000 640.000000
20 0.274618 0.527513 0.252768 0.471438 0.296468 0.583587 480.000000 640.000000
59 0.022852 0.590625 0.002539 0.549653 0.043164 0.631597 480.000000 640.000000
