1 0.640825 0.600013 0.615205 0.538146 0.666445 0.661879 480.000000 640.000000
3 0.294648 0.916874 0.276359 0.842775 0.312936 0.990974 480.000000 640.000000
8 0.526193 0.580498 0.509067 0.516418 0.543320 0.644577 480.000000 640.000000
10 0.470501 0.496044 0.447739 0.435948 0.493264 0.556141 480.000000 640.000000
11 0.977843 0.556728 0.957763 0.483847 0.997924 0.629608 480.000000 640.000000
23 0.361999 0.497625 0.341968 0.443759 0.382029 0.551490 480.000000 640.000000
24 0.772748 0.463701 0.758724 0.399908 0.786772 0.527495 480.000000 640.000000
15 0.264068 0.460778 0.247240 0.400855 0.280896 0.520700 480.000000 640.000000
34 0.149194 0.624310 0.122710 0.540710 0.175679 0.707910 480.000000 640.000000
2 0.898646 0.541366 0.883145 0.483062 0.914146 0.599669 480.000000 640.000000
38 0.400821 0.645567 0.372400 0.558727 0.429241 0.732407 480.000000 640.000000
22 0.577945 0.463658 0.562414 0.409852 0.593477 0.517465 480.000000 640.000000
25 0.621228 0.512041 0.607934 0.454400 0.634522 0.569681 480.000000 640.000000
44 0.219553 0.560137 0.195455 0.486573 0.243650 0.633701 480.000000 640.000000
46 0.321443 0.495010 0.307535 0.433220 0.335351 0.556800 480.000000 640.000000
4 0.361574 0.581828 0.343267 0.520013 0.379880 0.643643 480.000000 640.000000
49 0.008694 0.550490 0.000238 0.487195 0.017151 0.613784 480.000000 640.000000
