1 0.716174 0.598224 0.691217 0.536639 0.741132 0.659808 480.000000 640.000000
3 0.360367 0.943297 0.341618 0.887354 0.379116 0.999239 480.000000 640.000000
8 0.609310 0.577882 0.591686 0.515831 0.626933 0.639932 480.000000 640.000000
10 0.402605 0.490970 0.385705 0.433516 0.419506 0.548423 480.000000 640.000000
24 0.857745 0.475179 0.840262 0.411299 0.875228 0.539059 480.000000 640.000000
34 0.223519 0.628279 0.202197 0.548693 0.244841 0.707866 480.000000 640.000000
2 0.982601 0.531902 0.965274 0.472461 0.999928 0.591343 480.000000 640.000000
22 0.640696 0.465461 0.620841 0.411545 0.660551 0.519377 480.000000 640.000000
25 0.548002 0.513875 0.528617 0.451624 0.567387 0.576126 480.000000 640.000000
44 0.289997 0.566964 0.267166 0.498235 0.312827 0.635692 480.000000 640.000000
49 0.074346 0.554884 0.053713 0.487983 0.094978 0.621784 480.000000 640.000000
51 0.157442 0.492549 0.142229 0.430665 0.172656 0.554434 480.000000 640.000000
57 0.418067 0.547388 0.400794 0.479666 0.435341 0.615110 480.000000 640.000000
20 0.317116 0.532185 0.292608 0.469030 0.341624 0.595340 480.000000 640.000000
38 0.462666 0.645068 0.433143 0.559544 0.492189 0.730592 480.000000 640.000000
15 0.336841 0.460051 0.318367 0.401754 0.355315 0.518347 480.000000 640.000000
4 0.446677 0.564518 0.430731 0.524161 0.462622 0.604875 480.000000 640.000000
66 0.245525 0.491680 0.231353 0.430938 0.259696 0.552422 480.000000 640.000000
67 0.040541 0.629355 0.014421 0.556974 0.066660 0.701736 480.000000 640.000000
68 0.963542 0.517361 0.945833 0.461806 0.981250 0.572917 480.000000 640.000000
69 0.437500 0.517014 0.425260 0.468056 0.449740 0.565972 480.000000 640.000000
55 0.060148 0.592551 0.041714 0.549611 0.078582 0.635491 480.000000 640.000000
