1 0.702822 0.597479 0.682890 0.534333 0.722755 0.660625 480.000000 640.000000
3 0.348248 0.940057 0.329234 0.880040 0.367262 1.000073 480.000000 640.000000
8 0.590496 0.579126 0.571489 0.516657 0.609504 0.641594 480.000000 640.000000
10 0.421177 0.482342 0.407866 0.432556 0.434488 0.532127 480.000000 640.000000
24 0.842632 0.475136 0.814311 0.410962 0.870954 0.539310 480.000000 640.000000
34 0.212793 0.628642 0.181669 0.550286 0.243916 0.706998 480.000000 640.000000
2 0.968450 0.534923 0.950032 0.477049 0.986869 0.592798 480.000000 640.000000
22 0.634664 0.465210 0.612149 0.411996 0.657178 0.518424 480.000000 640.000000
25 0.556329 0.512255 0.536379 0.453196 0.576279 0.571314 480.000000 640.000000
44 0.272694 0.573373 0.250127 0.507962 0.295262 0.638785 480.000000 640.000000
49 0.062675 0.554371 0.036683 0.488372 0.088666 0.620370 480.000000 640.000000
51 0.174555 0.495694 0.149004 0.433499 0.200105 0.557890 480.000000 640.000000
55 0.042909 0.619926 0.017992 0.552110 0.067826 0.687742 480.000000 640.000000
57 0.409270 0.552766 0.386201 0.491559 0.432339 0.613974 480.000000 640.000000
20 0.294852 0.522372 0.273628 0.467012 0.316076 0.577732 480.000000 640.000000
63 0.983889 0.505272 0.968134 0.449579 0.999643 0.560965 480.000000 640.000000
38 0.447423 0.639680 0.423200 0.551305 0.471645 0.728055 480.000000 640.000000
15 0.320627 0.459682 0.302069 0.400082 0.339184 0.519282 480.000000 640.000000
4 0.433121 0.570345 0.421248 0.524172 0.444995 0.616517 480.000000 640.000000
66 0.254094 0.492605 0.234951 0.433514 0.273237 0.551696 480.000000 640.000000
67 0.021908 0.628472 0.002734 0.557986 0.041081 0.698958 480.000000 640.000000
