1 0.477159 0.595452 0.452007 0.533951 0.502311 0.656953 480.000000 640.000000
2 0.707834 0.557232 0.688911 0.497128 0.726756 0.617337 480.000000 640.000000
3 0.140632 0.839763 0.121531 0.758384 0.159733 0.921142 480.000000 640.000000
4 0.152714 0.589963 0.128226 0.530630 0.177202 0.649296 480.000000 640.000000
5 0.283659 0.628939 0.267439 0.561061 0.299878 0.696817 480.000000 640.000000
6 0.257768 0.658651 0.242103 0.582890 0.273434 0.734412 480.000000 640.000000
7 0.500331 0.506447 0.481746 0.446197 0.518915 0.566698 480.000000 640.000000
8 0.336716 0.589773 0.309142 0.527271 0.364291 0.652275 480.000000 640.000000
9 0.986415 0.486068 0.972753 0.434475 1.000077 0.537661 480.000000 640.000000
10 0.612604 0.498077 0.594510 0.437758 0.630698 0.558397 480.000000 640.000000
11 0.817522 0.569508 0.792199 0.494563 0.842845 0.644454 480.000000 640.000000
12 0.926283 0.487108 0.911090 0.427577 0.941477 0.546638 480.000000 640.000000
14 0.012210 0.532642 0.000177 0.470733 0.024243 0.594552 480.000000 640.000000
15 0.408871 0.510209 0.385066 0.449484 0.432676 0.570933 480.000000 640.000000
16 0.223275 0.541320 0.206160 0.488593 0.240391 0.594047 480.000000 640.000000
18 0.201298 0.561412 0.178353 0.506437 0.224243 0.616387 480.000000 640.000000
19 0.107746 0.463319 0.083858 0.403364 0.131634 0.523273 480.000000 640.000000
21 0.909246 0.463215 0.894846 0.403022 0.923645 0.523409 480.000000 640.000000
22 0.439274 0.466486 0.421036 0.414226 0.457512 0.518746 480.000000 640.000000
23 0.541233 0.516835 0.517746 0.452565 0.564721 0.581105 480.000000 640.000000
24 0.575647 0.449291 0.552940 0.386773 0.598353 0.511810 480.000000 640.000000
25 0.803872 0.525576 0.772935 0.464754 0.834809 0.586399 480.000000 640.000000
26 0.045573 0.510764 0.033138 0.450694 0.058008 0.570833 480.000000 640.000000
17 0.060044 0.571409 0.038967 0.506061 0.081121 0.636757 480.000000 640.000000
