1 0.673903 0.597477 0.650001 0.534189 0.697806 0.660765 480.000000 640.000000
3 0.318626 0.930595 0.296860 0.861289 0.340392 0.999900 480.000000 640.000000
8 0.560949 0.579634 0.543055 0.516778 0.578843 0.642491 480.000000 640.000000
10 0.442823 0.494200 0.423800 0.435048 0.461846 0.553352 480.000000 640.000000
11 0.990448 0.559816 0.980832 0.500841 1.000063 0.618790 480.000000 640.000000
23 0.330214 0.504839 0.303326 0.441109 0.357102 0.568569 480.000000 640.000000
24 0.802938 0.470037 0.778068 0.405201 0.827807 0.534873 480.000000 640.000000
34 0.175268 0.626630 0.154257 0.544410 0.196280 0.708850 480.000000 640.000000
2 0.932919 0.539702 0.916050 0.479951 0.949789 0.599452 480.000000 640.000000
22 0.610183 0.462072 0.594616 0.409002 0.625749 0.515141 480.000000 640.000000
25 0.591655 0.507426 0.572674 0.447032 0.610636 0.567820 480.000000 640.000000
44 0.251517 0.540792 0.221358 0.467253 0.281676 0.614330 480.000000 640.000000
46 0.293096 0.491487 0.274359 0.431102 0.311833 0.551872 480.000000 640.000000
4 0.393228 0.560791 0.370700 0.487891 0.415757 0.633690 480.000000 640.000000
49 0.028989 0.560501 0.005384 0.489422 0.052594 0.631580 480.000000 640.000000
43 0.429700 0.663607 0.401619 0.592748 0.457781 0.734466 480.000000 640.000000
16 0.391302 0.535899 0.370246 0.468959 0.412358 0.602840 480.000000 640.000000
51 0.206383 0.495655 0.191747 0.434149 0.221018 0.557161 480.000000 640.000000
54 0.420446 0.604043 0.399199 0.556801 0.441693 0.651285 480.000000 640.000000
55 0.011214 0.630208 0.000000 0.561806 0.022428 0.698611 480.000000 640.000000
56 0.396875 0.585417 0.377604 0.525347 0.416146 0.645486 480.000000 640.000000
