1 0.514819 0.594914 0.487785 0.531002 0.541854 0.658826 480.000000 640.000000
3 0.177363 0.855477 0.151344 0.774654 0.203382 0.936301 480.000000 640.000000
4 0.194466 0.589683 0.169242 0.529764 0.219690 0.649601 480.000000 640.000000
5 0.312525 0.628349 0.295232 0.560575 0.329817 0.696122 480.000000 640.000000
6 0.287188 0.660020 0.265282 0.584150 0.309094 0.735891 480.000000 640.000000
7 0.459490 0.506584 0.434287 0.445554 0.484694 0.567615 480.000000 640.000000
8 0.377404 0.584308 0.350316 0.515412 0.404491 0.653204 480.000000 640.000000
10 0.584531 0.498420 0.569882 0.441314 0.599179 0.555526 480.000000 640.000000
11 0.854704 0.565884 0.830582 0.489045 0.878826 0.642722 480.000000 640.000000
14 0.023130 0.505546 0.001428 0.444737 0.044831 0.566356 480.000000 640.000000
16 0.254691 0.532507 0.242506 0.469349 0.266876 0.595665 480.000000 640.000000
18 0.233734 0.561494 0.212077 0.506776 0.255391 0.616212 480.000000 640.000000
19 0.141852 0.460120 0.123266 0.400482 0.160439 0.519758 480.000000 640.000000
23 0.503024 0.508703 0.482647 0.449470 0.523402 0.567935 480.000000 640.000000
24 0.617429 0.450970 0.594949 0.389267 0.639908 0.512672 480.000000 640.000000
25 0.753028 0.535702 0.730920 0.465197 0.775136 0.606207 480.000000 640.000000
20 0.092106 0.546479 0.071110 0.477652 0.113103 0.615305 480.000000 640.000000
21 0.953598 0.475793 0.929684 0.403289 0.977513 0.548298 480.000000 640.000000
32 0.051783 0.530124 0.035790 0.466582 0.067775 0.593666 480.000000 640.000000
15 0.368119 0.504155 0.349956 0.444044 0.386283 0.564266 480.000000 640.000000
