1 0.727232 0.597085 0.704100 0.536025 0.750364 0.658145 480.000000 640.000000
3 0.374170 0.946304 0.354904 0.892772 0.393436 0.999837 480.000000 640.000000
8 0.623085 0.580764 0.595666 0.518577 0.650503 0.642951 480.000000 640.000000
10 0.397659 0.492242 0.383679 0.432637 0.411639 0.551848 480.000000 640.000000
24 0.879603 0.475786 0.858981 0.412339 0.900224 0.539234 480.000000 640.000000
34 0.245418 0.632238 0.215792 0.554432 0.275044 0.710043 480.000000 640.000000
22 0.653788 0.464339 0.638889 0.410461 0.668688 0.518217 480.000000 640.000000
25 0.530217 0.504920 0.515462 0.449340 0.544972 0.560500 480.000000 640.000000
44 0.298915 0.564571 0.272196 0.491510 0.325634 0.637632 480.000000 640.000000
49 0.080709 0.537668 0.065267 0.485820 0.096151 0.589516 480.000000 640.000000
51 0.140738 0.492896 0.116255 0.433233 0.165220 0.552559 480.000000 640.000000
57 0.431856 0.544042 0.403891 0.473647 0.459820 0.614436 480.000000 640.000000
20 0.330355 0.525605 0.314004 0.462503 0.346706 0.588707 480.000000 640.000000
38 0.470806 0.610483 0.443316 0.532642 0.498296 0.688323 480.000000 640.000000
15 0.346095 0.458601 0.332710 0.399751 0.359480 0.517451 480.000000 640.000000
4 0.467808 0.564583 0.452272 0.525249 0.483345 0.603916 480.000000 640.000000
66 0.225575 0.493394 0.203467 0.434624 0.247683 0.552165 480.000000 640.000000
67 0.050024 0.632008 0.032424 0.562961 0.067624 0.701055 480.000000 640.000000
68 0.943296 0.513463 0.914468 0.449244 0.972125 0.577682 480.000000 640.000000
60 0.448533 0.518107 0.436766 0.468395 0.460300 0.567818 480.000000 640.000000
70 0.267481 0.495093 0.251947 0.434882 0.283015 0.555304 480.000000 640.000000
11 0.986825 0.538933 0.973726 0.486385 0.999923 0.591481 480.000000 640.000000
74 0.069124 0.611458 0.034993 0.522222 0.103255 0.700694 480.000000 640.000000
