1 0.609360 0.594201 0.588248 0.532847 0.630471 0.655554 480.000000 640.000000
3 0.266237 0.904679 0.247642 0.821952 0.284832 0.987405 480.000000 640.000000
7 0.357834 0.495197 0.344750 0.434100 0.370917 0.556294 480.000000 640.000000
8 0.490398 0.585187 0.469094 0.522775 0.511703 0.647600 480.000000 640.000000
10 0.503365 0.491036 0.485415 0.434321 0.521316 0.547751 480.000000 640.000000
11 0.949483 0.560775 0.928901 0.485073 0.970065 0.636477 480.000000 640.000000
19 0.230193 0.462002 0.212506 0.401922 0.247880 0.522082 480.000000 640.000000
23 0.397132 0.504888 0.380508 0.440907 0.413757 0.568870 480.000000 640.000000
24 0.735614 0.456081 0.720601 0.393178 0.750626 0.518984 480.000000 640.000000
15 0.265899 0.498677 0.245462 0.434390 0.286336 0.562964 480.000000 640.000000
34 0.113320 0.621692 0.085144 0.541891 0.141495 0.701492 480.000000 640.000000
2 0.862588 0.543114 0.845278 0.483740 0.879897 0.602489 480.000000 640.000000
38 0.364975 0.649350 0.339099 0.567798 0.390850 0.730902 480.000000 640.000000
22 0.550791 0.460373 0.538532 0.405233 0.563050 0.515513 480.000000 640.000000
4 0.316615 0.582283 0.300114 0.518031 0.333115 0.646534 480.000000 640.000000
25 0.655817 0.518311 0.642881 0.459072 0.668753 0.577550 480.000000 640.000000
16 0.344716 0.535353 0.332695 0.474208 0.356738 0.596499 480.000000 640.000000
44 0.190234 0.581597 0.168359 0.527431 0.212109 0.635764 480.000000 640.000000
20 0.177893 0.529266 0.155813 0.467094 0.199972 0.591437 480.000000 640.000000
