1 0.483285 0.586470 0.458914 0.515621 0.507656 0.657318 480.000000 640.000000
2 0.715321 0.557155 0.692401 0.497246 0.738241 0.617065 480.000000 640.000000
3 0.144257 0.842884 0.123599 0.760456 0.164915 0.925312 480.000000 640.000000
4 0.156285 0.591274 0.131250 0.532668 0.181320 0.649880 480.000000 640.000000
5 0.286990 0.628368 0.271842 0.561282 0.302138 0.695454 480.000000 640.000000
6 0.264726 0.658089 0.244896 0.581467 0.284556 0.734710 480.000000 640.000000
7 0.490429 0.497385 0.475867 0.446217 0.504991 0.548553 480.000000 640.000000
8 0.339553 0.590259 0.314237 0.527737 0.364869 0.652780 480.000000 640.000000
9 0.987295 0.486611 0.974524 0.435535 1.000066 0.537687 480.000000 640.000000
10 0.607386 0.498026 0.586661 0.438150 0.628111 0.557902 480.000000 640.000000
11 0.818864 0.568158 0.796145 0.492264 0.841584 0.644052 480.000000 640.000000
12 0.925301 0.484135 0.908439 0.422224 0.942163 0.546046 480.000000 640.000000
14 0.015228 0.535119 0.000827 0.473276 0.029628 0.596963 480.000000 640.000000
15 0.403517 0.513861 0.384916 0.455643 0.422118 0.572078 480.000000 640.000000
16 0.229300 0.535569 0.208541 0.473690 0.250058 0.597448 480.000000 640.000000
18 0.202650 0.562559 0.179731 0.508381 0.225570 0.616738 480.000000 640.000000
19 0.110775 0.463971 0.085161 0.404479 0.136389 0.523462 480.000000 640.000000
21 0.913876 0.472440 0.894150 0.411492 0.933602 0.533388 480.000000 640.000000
22 0.438026 0.467640 0.417307 0.415041 0.458745 0.520238 480.000000 640.000000
23 0.536699 0.514916 0.514899 0.451844 0.558498 0.577987 480.000000 640.000000
24 0.574694 0.448763 0.552851 0.386469 0.596538 0.511057 480.000000 640.000000
25 0.791267 0.521572 0.773804 0.465958 0.808729 0.577185 480.000000 640.000000
26 0.044509 0.517463 0.032807 0.464024 0.056211 0.570902 480.000000 640.000000
17 0.067949 0.571641 0.049015 0.506790 0.086882 0.636492 480.000000 640.000000
