1 0.569193 0.596206 0.547324 0.533332 0.591061 0.659079 480.000000 640.000000
3 0.230585 0.883582 0.210991 0.801201 0.250179 0.965962 480.000000 640.000000
4 0.267309 0.588542 0.241973 0.529431 0.292645 0.647654 480.000000 640.000000
6 0.325375 0.650174 0.306359 0.580087 0.344390 0.720261 480.000000 640.000000
7 0.398156 0.499674 0.383369 0.435817 0.412943 0.563530 480.000000 640.000000
8 0.442391 0.588355 0.424202 0.522623 0.460580 0.654086 480.000000 640.000000
10 0.534681 0.498229 0.514018 0.441171 0.555344 0.555287 480.000000 640.000000
11 0.905977 0.562933 0.884630 0.486242 0.927324 0.639624 480.000000 640.000000
19 0.191903 0.461273 0.172635 0.400993 0.211170 0.521553 480.000000 640.000000
23 0.441011 0.493996 0.426365 0.441582 0.455656 0.546411 480.000000 640.000000
24 0.688927 0.465982 0.670513 0.388667 0.707340 0.543296 480.000000 640.000000
20 0.140184 0.540836 0.116399 0.479831 0.163970 0.601842 480.000000 640.000000
32 0.121504 0.532543 0.103468 0.468832 0.139540 0.596253 480.000000 640.000000
15 0.308580 0.520760 0.291303 0.442329 0.325856 0.599191 480.000000 640.000000
34 0.067277 0.619440 0.039883 0.538540 0.094671 0.700340 480.000000 640.000000
2 0.813531 0.543827 0.798383 0.485488 0.828679 0.602166 480.000000 640.000000
22 0.513982 0.463138 0.501044 0.409809 0.526919 0.516467 480.000000 640.000000
5 0.348580 0.638078 0.337151 0.558395 0.360010 0.717761 480.000000 640.000000
12 0.994509 0.487763 0.988894 0.439880 1.000123 0.535645 480.000000 640.000000
38 0.340987 0.648703 0.322577 0.559846 0.359397 0.737559 480.000000 640.000000
39 0.686979 0.475347 0.663542 0.386806 0.710417 0.563889 480.000000 640.000000
