1 0.620467 0.595442 0.601664 0.532959 0.639270 0.657925 480.000000 640.000000
3 0.273807 0.908671 0.255073 0.830043 0.292541 0.987299 480.000000 640.000000
7 0.352278 0.505870 0.336473 0.448382 0.368083 0.563357 480.000000 640.000000
8 0.500724 0.583971 0.473590 0.521299 0.527857 0.646643 480.000000 640.000000
10 0.491732 0.491448 0.478197 0.435808 0.505267 0.547087 480.000000 640.000000
11 0.964792 0.559159 0.938884 0.483538 0.990700 0.634781 480.000000 640.000000
19 0.241222 0.464565 0.224926 0.407692 0.257518 0.521438 480.000000 640.000000
23 0.385480 0.506336 0.365437 0.442026 0.405522 0.570646 480.000000 640.000000
24 0.746304 0.461552 0.724214 0.397537 0.768395 0.525567 480.000000 640.000000
15 0.257265 0.501524 0.230199 0.441341 0.284331 0.561708 480.000000 640.000000
34 0.119319 0.620599 0.094833 0.542809 0.143805 0.698390 480.000000 640.000000
2 0.875147 0.543544 0.851459 0.484800 0.898835 0.602288 480.000000 640.000000
38 0.380917 0.647527 0.354253 0.561598 0.407581 0.733455 480.000000 640.000000
22 0.562221 0.462029 0.540942 0.408000 0.583501 0.516059 480.000000 640.000000
4 0.335550 0.575448 0.312503 0.503799 0.358598 0.647096 480.000000 640.000000
25 0.647711 0.517601 0.634424 0.457206 0.660998 0.577996 480.000000 640.000000
16 0.349228 0.525165 0.327447 0.456144 0.371010 0.594186 480.000000 640.000000
44 0.193482 0.556800 0.170274 0.485462 0.216690 0.628138 480.000000 640.000000
20 0.189172 0.522145 0.170902 0.469478 0.207443 0.574811 480.000000 640.000000
