1 0.513322 0.590976 0.487363 0.523545 0.539281 0.658406 480.000000 640.000000
2 0.745530 0.554775 0.727390 0.498268 0.763670 0.611282 480.000000 640.000000
3 0.176812 0.853781 0.151218 0.772612 0.202405 0.934950 480.000000 640.000000
4 0.193186 0.589795 0.167471 0.529461 0.218900 0.650129 480.000000 640.000000
5 0.311598 0.627392 0.293348 0.560834 0.329848 0.693949 480.000000 640.000000
6 0.285146 0.659426 0.261967 0.583471 0.308324 0.735380 480.000000 640.000000
7 0.460458 0.509502 0.434997 0.452658 0.485920 0.566346 480.000000 640.000000
8 0.376105 0.571822 0.350116 0.491697 0.402094 0.651947 480.000000 640.000000
10 0.587051 0.497416 0.573116 0.439875 0.600985 0.554957 480.000000 640.000000
11 0.853151 0.565652 0.829934 0.489101 0.876369 0.642203 480.000000 640.000000
14 0.024862 0.506685 0.003281 0.448644 0.046443 0.564727 480.000000 640.000000
16 0.251749 0.534457 0.240109 0.473596 0.263388 0.595317 480.000000 640.000000
18 0.231600 0.561401 0.211200 0.506287 0.252000 0.616515 480.000000 640.000000
19 0.138085 0.460225 0.121490 0.400045 0.154679 0.520405 480.000000 640.000000
22 0.462501 0.460411 0.449507 0.413191 0.475495 0.507631 480.000000 640.000000
23 0.506225 0.509230 0.485519 0.449239 0.526930 0.569221 480.000000 640.000000
24 0.612427 0.455739 0.588456 0.388451 0.636398 0.523027 480.000000 640.000000
25 0.757760 0.530103 0.738438 0.465712 0.777082 0.594495 480.000000 640.000000
20 0.090846 0.545194 0.068051 0.477906 0.113641 0.612481 480.000000 640.000000
21 0.952855 0.476960 0.928869 0.405395 0.976840 0.548524 480.000000 640.000000
32 0.048936 0.530379 0.033227 0.466781 0.064645 0.593978 480.000000 640.000000
15 0.371651 0.502437 0.353630 0.444591 0.389672 0.560283 480.000000 640.000000
