1 0.677682 0.597964 0.651076 0.534318 0.704288 0.661610 480.000000 640.000000
3 0.324360 0.930884 0.304054 0.861711 0.344667 1.000058 480.000000 640.000000
8 0.563965 0.581107 0.545744 0.517411 0.582185 0.644804 480.000000 640.000000
10 0.439870 0.494861 0.418400 0.435690 0.461340 0.554031 480.000000 640.000000
11 0.990760 0.560816 0.981458 0.510558 1.000062 0.611074 480.000000 640.000000
23 0.326804 0.504591 0.301215 0.440462 0.352394 0.568720 480.000000 640.000000
24 0.809167 0.470606 0.789009 0.405964 0.829326 0.535248 480.000000 640.000000
34 0.179331 0.627035 0.158265 0.544727 0.200397 0.709344 480.000000 640.000000
2 0.938986 0.537308 0.922262 0.475124 0.955710 0.599493 480.000000 640.000000
22 0.612588 0.461197 0.598207 0.407691 0.626970 0.514704 480.000000 640.000000
25 0.588443 0.510955 0.573341 0.457788 0.603545 0.564122 480.000000 640.000000
44 0.252110 0.547515 0.224450 0.478547 0.279769 0.616483 480.000000 640.000000
46 0.287316 0.489305 0.271052 0.428024 0.303581 0.550585 480.000000 640.000000
4 0.399455 0.583371 0.382414 0.521625 0.416497 0.645117 480.000000 640.000000
49 0.032602 0.556070 0.013000 0.489273 0.052204 0.622868 480.000000 640.000000
43 0.432057 0.653058 0.402988 0.570630 0.461125 0.735485 480.000000 640.000000
16 0.399578 0.541810 0.383482 0.470213 0.415674 0.613407 480.000000 640.000000
51 0.200847 0.501145 0.186717 0.446303 0.214977 0.555986 480.000000 640.000000
54 0.427787 0.611772 0.402317 0.555854 0.453257 0.667689 480.000000 640.000000
55 0.013375 0.625051 0.000241 0.551953 0.026509 0.698149 480.000000 640.000000
57 0.379427 0.558333 0.365625 0.504167 0.393229 0.612500 480.000000 640.000000
58 0.402083 0.503472 0.390365 0.469444 0.413802 0.537500 480.000000 640.000000
20 0.270241 0.523918 0.249639 0.464146 0.290844 0.583690 480.000000 640.000000
