1 0.704891 0.597355 0.685123 0.534133 0.724658 0.660577 480.000000 640.000000
3 0.350462 0.940994 0.331298 0.881932 0.369626 1.000056 480.000000 640.000000
8 0.593197 0.578633 0.575601 0.515911 0.610794 0.641354 480.000000 640.000000
10 0.419214 0.482545 0.405844 0.433068 0.432584 0.532022 480.000000 640.000000
24 0.844785 0.475976 0.815633 0.411783 0.873938 0.540169 480.000000 640.000000
34 0.215051 0.627833 0.186020 0.549919 0.244083 0.705747 480.000000 640.000000
2 0.974902 0.524998 0.954524 0.458788 0.995279 0.591209 480.000000 640.000000
22 0.635662 0.466099 0.612635 0.413908 0.658688 0.518290 480.000000 640.000000
25 0.553291 0.512181 0.532275 0.453581 0.574306 0.570781 480.000000 640.000000
44 0.273332 0.565576 0.252474 0.493748 0.294190 0.637404 480.000000 640.000000
49 0.065131 0.557898 0.039240 0.488717 0.091021 0.627079 480.000000 640.000000
51 0.172561 0.495807 0.148639 0.433380 0.196482 0.558233 480.000000 640.000000
55 0.046206 0.617504 0.026788 0.552081 0.065625 0.682927 480.000000 640.000000
57 0.413017 0.549658 0.390635 0.485715 0.435398 0.613602 480.000000 640.000000
20 0.298656 0.527262 0.278337 0.471264 0.318976 0.583260 480.000000 640.000000
38 0.449707 0.640037 0.427525 0.550882 0.471888 0.729191 480.000000 640.000000
15 0.323846 0.459632 0.303591 0.399865 0.344100 0.519400 480.000000 640.000000
4 0.434949 0.579267 0.422047 0.525685 0.447852 0.632849 480.000000 640.000000
66 0.250390 0.493313 0.233942 0.434014 0.266838 0.552613 480.000000 640.000000
67 0.026115 0.629413 0.004335 0.556987 0.047894 0.701839 480.000000 640.000000
