1 0.662592 0.597616 0.642912 0.534498 0.682271 0.660735 480.000000 640.000000
3 0.313094 0.927376 0.292510 0.854470 0.333679 1.000282 480.000000 640.000000
8 0.542767 0.582140 0.518878 0.520462 0.566656 0.643819 480.000000 640.000000
10 0.454789 0.493932 0.441226 0.433077 0.468352 0.554787 480.000000 640.000000
11 0.989437 0.559070 0.978614 0.483668 1.000260 0.634473 480.000000 640.000000
23 0.340613 0.503450 0.319867 0.440122 0.361360 0.566777 480.000000 640.000000
24 0.796080 0.467589 0.768239 0.403932 0.823922 0.531245 480.000000 640.000000
15 0.278699 0.460726 0.264887 0.400953 0.292512 0.520498 480.000000 640.000000
34 0.167634 0.627541 0.140947 0.544777 0.194321 0.710306 480.000000 640.000000
2 0.921028 0.541113 0.895115 0.482811 0.946940 0.599416 480.000000 640.000000
22 0.593211 0.463084 0.578630 0.409693 0.607792 0.516476 480.000000 640.000000
25 0.597611 0.518399 0.575443 0.460105 0.619779 0.576693 480.000000 640.000000
44 0.234361 0.552605 0.208756 0.469584 0.259967 0.635627 480.000000 640.000000
46 0.300008 0.496200 0.274896 0.433249 0.325120 0.559152 480.000000 640.000000
4 0.374643 0.564887 0.346925 0.485705 0.402361 0.644070 480.000000 640.000000
49 0.022401 0.575102 0.000174 0.487298 0.044628 0.662905 480.000000 640.000000
43 0.413064 0.647960 0.388961 0.563447 0.437167 0.732474 480.000000 640.000000
16 0.387259 0.527466 0.371577 0.467605 0.402941 0.587326 480.000000 640.000000
51 0.208343 0.495146 0.190682 0.434243 0.226004 0.556050 480.000000 640.000000
