1 0.646164 0.599669 0.623971 0.537418 0.668357 0.661920 480.000000 640.000000
3 0.299587 0.921810 0.280236 0.844427 0.318939 0.999192 480.000000 640.000000
8 0.533288 0.581722 0.510433 0.518070 0.556143 0.645373 480.000000 640.000000
10 0.468756 0.495698 0.447486 0.436423 0.490026 0.554973 480.000000 640.000000
11 0.981526 0.557908 0.962498 0.482542 1.000554 0.633274 480.000000 640.000000
23 0.356814 0.495813 0.340329 0.437548 0.373300 0.554078 480.000000 640.000000
24 0.777704 0.464023 0.763162 0.400092 0.792246 0.527954 480.000000 640.000000
15 0.265960 0.460229 0.251048 0.400930 0.280872 0.519528 480.000000 640.000000
34 0.154400 0.625272 0.127524 0.542651 0.181276 0.707892 480.000000 640.000000
2 0.906985 0.541328 0.887112 0.483218 0.926858 0.599438 480.000000 640.000000
38 0.404750 0.646083 0.382160 0.558853 0.427340 0.733313 480.000000 640.000000
22 0.584160 0.463028 0.573057 0.408537 0.595264 0.517520 480.000000 640.000000
25 0.615972 0.508854 0.602621 0.454521 0.629323 0.563188 480.000000 640.000000
44 0.226192 0.527693 0.199767 0.460606 0.252617 0.594781 480.000000 640.000000
46 0.315469 0.494526 0.300102 0.432727 0.330835 0.556326 480.000000 640.000000
4 0.362468 0.588994 0.343924 0.533205 0.381013 0.644784 480.000000 640.000000
49 0.010209 0.551095 0.000142 0.487104 0.020276 0.615086 480.000000 640.000000
43 0.385660 0.645383 0.367718 0.585928 0.403603 0.704837 480.000000 640.000000
