1 0.600850 0.595726 0.574413 0.534904 0.627288 0.656548 480.000000 640.000000
3 0.258998 0.902972 0.237309 0.819533 0.280686 0.986410 480.000000 640.000000
7 0.364140 0.494945 0.350295 0.433486 0.377985 0.556403 480.000000 640.000000
8 0.481077 0.583290 0.466390 0.521354 0.495764 0.645226 480.000000 640.000000
10 0.506808 0.495110 0.487185 0.435526 0.526431 0.554695 480.000000 640.000000
11 0.938118 0.567948 0.914963 0.503325 0.961274 0.632570 480.000000 640.000000
19 0.222975 0.463044 0.199223 0.402715 0.246728 0.523373 480.000000 640.000000
23 0.407562 0.507351 0.387644 0.442449 0.427481 0.572253 480.000000 640.000000
24 0.724016 0.455356 0.705888 0.391487 0.742145 0.519225 480.000000 640.000000
32 0.169899 0.531844 0.145987 0.468077 0.193812 0.595610 480.000000 640.000000
15 0.274936 0.498886 0.258986 0.436012 0.290885 0.561760 480.000000 640.000000
34 0.107406 0.620421 0.081045 0.540017 0.133767 0.700825 480.000000 640.000000
2 0.852205 0.544503 0.835616 0.486391 0.868793 0.602615 480.000000 640.000000
38 0.365404 0.659881 0.345135 0.587891 0.385673 0.731870 480.000000 640.000000
16 0.337794 0.534409 0.321836 0.472702 0.353752 0.596115 480.000000 640.000000
22 0.542938 0.461309 0.527831 0.407448 0.558046 0.515170 480.000000 640.000000
4 0.305669 0.587251 0.283278 0.527360 0.328060 0.647141 480.000000 640.000000
25 0.662299 0.520962 0.646643 0.463153 0.677955 0.578770 480.000000 640.000000
43 0.381187 0.622242 0.366839 0.557306 0.395534 0.687179 480.000000 640.000000
