1 0.491334 0.592556 0.471702 0.529305 0.510966 0.655807 480.000000 640.000000
2 0.719830 0.556648 0.695916 0.496111 0.743745 0.617185 480.000000 640.000000
3 0.151428 0.843466 0.133485 0.762451 0.169370 0.924481 480.000000 640.000000
4 0.164875 0.591140 0.147290 0.531824 0.182460 0.650456 480.000000 640.000000
5 0.290321 0.627225 0.276598 0.559968 0.304043 0.694483 480.000000 640.000000
6 0.272508 0.657791 0.245729 0.580220 0.299287 0.735363 480.000000 640.000000
7 0.484026 0.499703 0.470100 0.445292 0.497952 0.554114 480.000000 640.000000
8 0.348385 0.588265 0.331045 0.524848 0.365724 0.651682 480.000000 640.000000
9 0.991693 0.497659 0.983744 0.461781 0.999641 0.533537 480.000000 640.000000
10 0.603612 0.499082 0.580967 0.440614 0.626257 0.557550 480.000000 640.000000
11 0.827919 0.565279 0.809984 0.488273 0.845853 0.642285 480.000000 640.000000
14 0.025985 0.534507 0.004045 0.471830 0.047925 0.597184 480.000000 640.000000
15 0.395517 0.508772 0.381600 0.446639 0.409434 0.570905 480.000000 640.000000
16 0.237450 0.543808 0.217234 0.490384 0.257666 0.597233 480.000000 640.000000
18 0.209015 0.561143 0.188945 0.506644 0.229085 0.615642 480.000000 640.000000
19 0.114979 0.462711 0.090043 0.402454 0.139915 0.522968 480.000000 640.000000
21 0.923055 0.480568 0.895437 0.415365 0.950672 0.545772 480.000000 640.000000
22 0.441789 0.466965 0.425499 0.413236 0.458078 0.520694 480.000000 640.000000
23 0.528758 0.512377 0.513394 0.449271 0.544121 0.575484 480.000000 640.000000
24 0.585281 0.447258 0.567875 0.386095 0.602687 0.508422 480.000000 640.000000
25 0.784560 0.516361 0.771952 0.464829 0.797167 0.567892 480.000000 640.000000
26 0.041283 0.507840 0.024558 0.446364 0.058009 0.569317 480.000000 640.000000
17 0.070562 0.584576 0.052747 0.532994 0.088377 0.636158 480.000000 640.000000
29 0.802604 0.517361 0.771354 0.463889 0.833854 0.570833 480.000000 640.000000
20 0.073421 0.559666 0.045417 0.481938 0.101426 0.637395 480.000000 640.000000
