1 0.700704 0.597081 0.681234 0.534146 0.720174 0.660016 480.000000 640.000000
3 0.346229 0.938596 0.327147 0.877154 0.365310 1.000038 480.000000 640.000000
8 0.587585 0.580327 0.565673 0.517915 0.609498 0.642739 480.000000 640.000000
10 0.422299 0.483664 0.409159 0.432342 0.435439 0.534987 480.000000 640.000000
23 0.308200 0.485145 0.288436 0.403162 0.327963 0.567128 480.000000 640.000000
24 0.840301 0.473302 0.814092 0.409791 0.866510 0.536813 480.000000 640.000000
34 0.211457 0.628872 0.179819 0.550546 0.243096 0.707198 480.000000 640.000000
2 0.964097 0.536016 0.944190 0.477520 0.984003 0.594512 480.000000 640.000000
22 0.632813 0.463909 0.611588 0.409811 0.654038 0.518007 480.000000 640.000000
25 0.558388 0.512827 0.539479 0.453261 0.577296 0.572393 480.000000 640.000000
44 0.271377 0.576276 0.248640 0.514528 0.294115 0.638024 480.000000 640.000000
49 0.059569 0.552791 0.034300 0.488575 0.084838 0.617008 480.000000 640.000000
51 0.176112 0.495304 0.149528 0.433123 0.202696 0.557485 480.000000 640.000000
55 0.033436 0.625471 0.001858 0.552101 0.065013 0.698842 480.000000 640.000000
57 0.401462 0.560045 0.382027 0.506426 0.420897 0.613664 480.000000 640.000000
20 0.289801 0.524492 0.274203 0.464440 0.305399 0.584544 480.000000 640.000000
63 0.987650 0.502116 0.975268 0.447832 1.000032 0.556399 480.000000 640.000000
38 0.439967 0.638997 0.411791 0.551817 0.468143 0.726176 480.000000 640.000000
15 0.316807 0.460308 0.299647 0.400011 0.333968 0.520604 480.000000 640.000000
4 0.430595 0.574258 0.418448 0.524630 0.442741 0.623886 480.000000 640.000000
66 0.254557 0.491667 0.235677 0.433681 0.273438 0.549653 480.000000 640.000000
