1 0.540113 0.594607 0.520982 0.531179 0.559244 0.658035 480.000000 640.000000
3 0.200288 0.863019 0.182485 0.783319 0.218091 0.942720 480.000000 640.000000
4 0.230791 0.589766 0.205814 0.530865 0.255768 0.648666 480.000000 640.000000
6 0.316391 0.659383 0.287433 0.580230 0.345349 0.738537 480.000000 640.000000
7 0.432855 0.501446 0.415478 0.440584 0.450232 0.562308 480.000000 640.000000
8 0.411594 0.587553 0.389841 0.523961 0.433348 0.651146 480.000000 640.000000
10 0.561613 0.495857 0.547773 0.435968 0.575452 0.555745 480.000000 640.000000
11 0.884504 0.562576 0.862104 0.486310 0.906904 0.638843 480.000000 640.000000
14 0.007138 0.505345 0.000020 0.448093 0.014255 0.562598 480.000000 640.000000
16 0.279555 0.532623 0.267050 0.467197 0.292060 0.598049 480.000000 640.000000
18 0.261504 0.560679 0.244082 0.505128 0.278926 0.616230 480.000000 640.000000
19 0.163305 0.460312 0.149455 0.399132 0.177155 0.521491 480.000000 640.000000
23 0.470946 0.509866 0.451694 0.443849 0.490198 0.575883 480.000000 640.000000
24 0.650109 0.451403 0.632416 0.384717 0.667802 0.518089 480.000000 640.000000
20 0.120813 0.548463 0.091037 0.483911 0.150589 0.613014 480.000000 640.000000
21 0.979153 0.476991 0.961427 0.406388 0.996878 0.547594 480.000000 640.000000
32 0.083257 0.535321 0.064418 0.471827 0.102096 0.598815 480.000000 640.000000
15 0.339894 0.512680 0.316641 0.444198 0.363147 0.581161 480.000000 640.000000
34 0.031322 0.614522 0.006175 0.533864 0.056469 0.695180 480.000000 640.000000
2 0.783125 0.549260 0.763959 0.491268 0.802291 0.607252 480.000000 640.000000
25 0.729371 0.523528 0.714748 0.461791 0.743994 0.585266 480.000000 640.000000
22 0.494164 0.463834 0.480455 0.409908 0.507872 0.517761 480.000000 640.000000
5 0.329515 0.627540 0.315116 0.559035 0.343914 0.696046 480.000000 640.000000
