1 0.575697 0.595750 0.556557 0.532955 0.594837 0.658546 480.000000 640.000000
3 0.235431 0.885323 0.215164 0.803318 0.255697 0.967329 480.000000 640.000000
4 0.271328 0.587685 0.249511 0.529043 0.293144 0.646327 480.000000 640.000000
6 0.330460 0.639158 0.316215 0.581839 0.344704 0.696477 480.000000 640.000000
7 0.390219 0.499621 0.370204 0.435876 0.410235 0.563367 480.000000 640.000000
8 0.449959 0.586645 0.429029 0.522060 0.470890 0.651230 480.000000 640.000000
10 0.531132 0.500371 0.514379 0.447277 0.547885 0.553465 480.000000 640.000000
11 0.915036 0.562465 0.894689 0.485584 0.935382 0.639346 480.000000 640.000000
19 0.193803 0.460647 0.175698 0.400569 0.211908 0.520725 480.000000 640.000000
23 0.435964 0.499245 0.420636 0.441171 0.451292 0.557318 480.000000 640.000000
24 0.688148 0.479864 0.665896 0.389032 0.710399 0.570696 480.000000 640.000000
20 0.154537 0.543014 0.130632 0.481877 0.178442 0.604151 480.000000 640.000000
32 0.127336 0.531468 0.108308 0.467659 0.146365 0.595278 480.000000 640.000000
15 0.304520 0.524272 0.284725 0.442670 0.324316 0.605874 480.000000 640.000000
34 0.071297 0.619761 0.042340 0.538903 0.100253 0.700619 480.000000 640.000000
2 0.819558 0.540056 0.803826 0.477295 0.835290 0.602817 480.000000 640.000000
22 0.522232 0.463153 0.508660 0.409985 0.535804 0.516321 480.000000 640.000000
38 0.347608 0.653005 0.324626 0.567281 0.370591 0.738729 480.000000 640.000000
