1 0.720445 0.598730 0.692514 0.538079 0.748376 0.659381 480.000000 640.000000
3 0.364734 0.943781 0.346186 0.887695 0.383281 0.999867 480.000000 640.000000
8 0.615204 0.579307 0.592102 0.516617 0.638305 0.641997 480.000000 640.000000
10 0.399483 0.492331 0.382358 0.433536 0.416608 0.551126 480.000000 640.000000
24 0.867299 0.473958 0.851592 0.409962 0.883006 0.537954 480.000000 640.000000
34 0.228894 0.628974 0.206471 0.547806 0.251316 0.710141 480.000000 640.000000
2 0.984985 0.532103 0.969208 0.474296 1.000761 0.589911 480.000000 640.000000
22 0.645054 0.464647 0.629383 0.410269 0.660726 0.519025 480.000000 640.000000
25 0.542681 0.510388 0.528147 0.449598 0.557215 0.571177 480.000000 640.000000
44 0.295834 0.564232 0.272744 0.498601 0.318924 0.629863 480.000000 640.000000
49 0.076064 0.551390 0.057454 0.486569 0.094674 0.616211 480.000000 640.000000
51 0.151834 0.491961 0.135358 0.430813 0.168311 0.553109 480.000000 640.000000
57 0.421681 0.554699 0.402423 0.495081 0.440940 0.614317 480.000000 640.000000
20 0.323095 0.528105 0.299178 0.463642 0.347013 0.592568 480.000000 640.000000
38 0.463763 0.643062 0.431268 0.554335 0.496259 0.731789 480.000000 640.000000
15 0.339020 0.459505 0.323635 0.400452 0.354404 0.518559 480.000000 640.000000
4 0.453132 0.562971 0.438081 0.524976 0.468182 0.600966 480.000000 640.000000
66 0.240775 0.494949 0.226030 0.436264 0.255520 0.553634 480.000000 640.000000
67 0.041356 0.631749 0.016530 0.561929 0.066181 0.701569 480.000000 640.000000
68 0.955823 0.511817 0.932655 0.448182 0.978991 0.575453 480.000000 640.000000
55 0.060962 0.605475 0.041967 0.549009 0.079956 0.661941 480.000000 640.000000
60 0.441452 0.516177 0.429813 0.468044 0.453091 0.564310 480.000000 640.000000
70 0.281510 0.518056 0.261719 0.433333 0.301302 0.602778 480.000000 640.000000
