1 0.538041 0.594284 0.519103 0.531788 0.556979 0.656779 480.000000 640.000000
3 0.198180 0.864382 0.180331 0.782379 0.216028 0.946385 480.000000 640.000000
4 0.229248 0.589468 0.204517 0.530030 0.253979 0.648906 480.000000 640.000000
6 0.315153 0.656964 0.286702 0.574901 0.343605 0.739026 480.000000 640.000000
7 0.432843 0.501636 0.415210 0.439966 0.450476 0.563305 480.000000 640.000000
8 0.407835 0.588493 0.389013 0.526111 0.426658 0.650874 480.000000 640.000000
10 0.565028 0.496051 0.548895 0.436554 0.581160 0.555547 480.000000 640.000000
11 0.879795 0.564168 0.859315 0.488209 0.900276 0.640127 480.000000 640.000000
14 0.007150 0.505196 0.000030 0.447426 0.014270 0.562965 480.000000 640.000000
16 0.278412 0.536601 0.265000 0.471659 0.291823 0.601543 480.000000 640.000000
18 0.258614 0.560592 0.241810 0.505760 0.275419 0.615424 480.000000 640.000000
19 0.161456 0.459641 0.147004 0.399010 0.175908 0.520271 480.000000 640.000000
23 0.474957 0.505580 0.455381 0.434955 0.494533 0.576205 480.000000 640.000000
24 0.647338 0.450115 0.631581 0.383822 0.663095 0.516408 480.000000 640.000000
20 0.115192 0.547488 0.081723 0.482576 0.148660 0.612400 480.000000 640.000000
21 0.975265 0.478058 0.956902 0.409306 0.993629 0.546810 480.000000 640.000000
32 0.080373 0.533651 0.060621 0.469655 0.100125 0.597647 480.000000 640.000000
15 0.341660 0.521070 0.319634 0.444090 0.363685 0.598050 480.000000 640.000000
34 0.029392 0.614113 0.002095 0.533881 0.056690 0.694345 480.000000 640.000000
2 0.780589 0.548378 0.761607 0.491037 0.799571 0.605720 480.000000 640.000000
25 0.732828 0.523968 0.718523 0.462199 0.747134 0.585737 480.000000 640.000000
22 0.489762 0.463050 0.477505 0.409386 0.502019 0.516715 480.000000 640.000000
