1 0.471615 0.595486 0.448177 0.532639 0.495052 0.658333 480.000000 640.000000
2 0.696875 0.557986 0.676562 0.498264 0.717187 0.617708 480.000000 640.000000
3 0.130013 0.825000 0.112240 0.748611 0.147786 0.901389 480.000000 640.000000
4 0.136198 0.589236 0.120833 0.527778 0.151562 0.650694 480.000000 640.000000
5 0.276302 0.629514 0.257552 0.561806 0.295052 0.697222 480.000000 640.000000
6 0.247201 0.659201 0.226693 0.583681 0.267708 0.734722 480.000000 640.000000
7 0.505990 0.509722 0.482812 0.450347 0.529167 0.569097 480.000000 640.000000
8 0.326042 0.588542 0.304688 0.524653 0.347396 0.652431 480.000000 640.000000
9 0.985417 0.481944 0.971354 0.426042 0.999479 0.537847 480.000000 640.000000
10 0.626042 0.496875 0.613021 0.436458 0.639062 0.557292 480.000000 640.000000
11 0.811458 0.560764 0.788542 0.477431 0.834375 0.644097 480.000000 640.000000
12 0.917188 0.485764 0.893750 0.425694 0.940625 0.545833 480.000000 640.000000
13 0.551172 0.520139 0.530469 0.456597 0.571875 0.583681 480.000000 640.000000
14 0.010697 0.530556 0.000073 0.467014 0.021322 0.594097 480.000000 640.000000
15 0.417448 0.513194 0.390885 0.455903 0.444010 0.570486 480.000000 640.000000
16 0.210417 0.533333 0.199479 0.472222 0.221354 0.594444 480.000000 640.000000
17 0.044051 0.568750 0.020915 0.501389 0.067187 0.636111 480.000000 640.000000
18 0.187630 0.561111 0.171484 0.505903 0.203776 0.616319 480.000000 640.000000
19 0.090885 0.459375 0.076953 0.399306 0.104818 0.519444 480.000000 640.000000
20 0.056934 0.543403 0.026693 0.475347 0.087174 0.611458 480.000000 640.000000
