1 0.494028 0.593528 0.476103 0.531028 0.511952 0.656028 480.000000 640.000000
2 0.721964 0.556125 0.697829 0.494951 0.746098 0.617300 480.000000 640.000000
3 0.153644 0.842850 0.135786 0.762471 0.171503 0.923229 480.000000 640.000000
4 0.168909 0.590679 0.152597 0.531165 0.185221 0.650194 480.000000 640.000000
5 0.291184 0.624733 0.278540 0.560011 0.303829 0.689455 480.000000 640.000000
6 0.273924 0.657671 0.246612 0.580351 0.301236 0.734991 480.000000 640.000000
7 0.481007 0.510537 0.466833 0.446037 0.495180 0.575037 480.000000 640.000000
8 0.352844 0.587295 0.338362 0.524018 0.367326 0.650573 480.000000 640.000000
9 0.995129 0.499097 0.990350 0.465739 0.999909 0.532455 480.000000 640.000000
10 0.602897 0.503991 0.580405 0.450145 0.625390 0.557838 480.000000 640.000000
11 0.829665 0.564156 0.811022 0.486011 0.848309 0.642300 480.000000 640.000000
14 0.028502 0.533217 0.005528 0.470425 0.051477 0.596009 480.000000 640.000000
15 0.392042 0.508624 0.378021 0.445643 0.406062 0.571605 480.000000 640.000000
16 0.239491 0.542899 0.220585 0.489691 0.258398 0.596108 480.000000 640.000000
18 0.211563 0.561638 0.193235 0.507386 0.229891 0.615889 480.000000 640.000000
19 0.116491 0.461729 0.093352 0.400928 0.139631 0.522530 480.000000 640.000000
21 0.924815 0.478046 0.896626 0.410065 0.953004 0.546026 480.000000 640.000000
22 0.444426 0.466138 0.430488 0.412989 0.458363 0.519286 480.000000 640.000000
23 0.526692 0.511785 0.512366 0.448912 0.541017 0.574657 480.000000 640.000000
24 0.590879 0.449554 0.573473 0.384430 0.608285 0.514678 480.000000 640.000000
25 0.782645 0.518571 0.769760 0.464874 0.795531 0.572269 480.000000 640.000000
26 0.039892 0.505966 0.024157 0.445475 0.055627 0.566458 480.000000 640.000000
20 0.077235 0.548014 0.049258 0.483722 0.105212 0.612307 480.000000 640.000000
30 0.068278 0.528819 0.050228 0.482639 0.086328 0.575000 480.000000 640.000000
