1 0.578545 0.595727 0.559822 0.531733 0.597268 0.659722 480.000000 640.000000
3 0.238331 0.886626 0.217488 0.805116 0.259173 0.968137 480.000000 640.000000
4 0.274862 0.586576 0.255453 0.528401 0.294271 0.644751 480.000000 640.000000
6 0.332375 0.639108 0.318316 0.581372 0.346433 0.696844 480.000000 640.000000
7 0.386881 0.500051 0.363961 0.437075 0.409801 0.563028 480.000000 640.000000
8 0.452696 0.586896 0.430105 0.522555 0.475287 0.651236 480.000000 640.000000
10 0.528474 0.501411 0.513668 0.449643 0.543280 0.553178 480.000000 640.000000
11 0.919787 0.561703 0.897444 0.483980 0.942129 0.639425 480.000000 640.000000
19 0.198426 0.460452 0.183486 0.399941 0.213366 0.520963 480.000000 640.000000
23 0.432518 0.503619 0.415147 0.441322 0.449889 0.565916 480.000000 640.000000
24 0.693667 0.464400 0.673549 0.389518 0.713784 0.539283 480.000000 640.000000
20 0.158282 0.545977 0.132875 0.482174 0.183689 0.609781 480.000000 640.000000
32 0.131972 0.526485 0.114644 0.466926 0.149300 0.586044 480.000000 640.000000
15 0.303385 0.524513 0.283170 0.441719 0.323599 0.607307 480.000000 640.000000
34 0.073523 0.619902 0.044312 0.539274 0.102733 0.700530 480.000000 640.000000
2 0.823769 0.541819 0.806459 0.480375 0.841079 0.603263 480.000000 640.000000
22 0.523940 0.462419 0.510492 0.409039 0.537387 0.515799 480.000000 640.000000
38 0.350194 0.657576 0.323147 0.576719 0.377240 0.738432 480.000000 640.000000
