1 0.657871 0.598179 0.639129 0.536560 0.676613 0.659797 480.000000 640.000000
3 0.308667 0.925758 0.288738 0.851227 0.328596 1.000289 480.000000 640.000000
8 0.540569 0.582507 0.513802 0.519719 0.567335 0.645295 480.000000 640.000000
10 0.459835 0.492665 0.446374 0.432815 0.473296 0.552516 480.000000 640.000000
11 0.987833 0.559330 0.975253 0.483035 1.000412 0.635624 480.000000 640.000000
23 0.346589 0.500311 0.329665 0.437670 0.363513 0.562953 480.000000 640.000000
24 0.791654 0.465802 0.767754 0.403254 0.815553 0.528350 480.000000 640.000000
15 0.275467 0.461355 0.261960 0.401262 0.288975 0.521448 480.000000 640.000000
34 0.163467 0.627029 0.134834 0.545549 0.192099 0.708508 480.000000 640.000000
2 0.918360 0.541537 0.891582 0.483435 0.945138 0.599638 480.000000 640.000000
38 0.414027 0.641326 0.398411 0.554502 0.429643 0.728149 480.000000 640.000000
22 0.590137 0.463564 0.578063 0.409963 0.602211 0.517164 480.000000 640.000000
25 0.604731 0.511284 0.589754 0.454493 0.619707 0.568075 480.000000 640.000000
44 0.227799 0.559331 0.198808 0.482235 0.256789 0.636428 480.000000 640.000000
46 0.303104 0.493102 0.279194 0.432270 0.327014 0.553934 480.000000 640.000000
4 0.370228 0.586190 0.348051 0.527776 0.392406 0.644604 480.000000 640.000000
49 0.018190 0.554452 0.000207 0.487715 0.036173 0.621189 480.000000 640.000000
43 0.401101 0.654124 0.375204 0.574841 0.426998 0.733407 480.000000 640.000000
16 0.386743 0.528343 0.375101 0.468767 0.398384 0.587920 480.000000 640.000000
