1 0.680387 0.599064 0.652209 0.538662 0.708565 0.659466 480.000000 640.000000
3 0.329313 0.930828 0.309975 0.861619 0.348651 1.000037 480.000000 640.000000
8 0.571491 0.583396 0.549738 0.522458 0.593244 0.644334 480.000000 640.000000
10 0.439551 0.494899 0.418156 0.435555 0.460947 0.554242 480.000000 640.000000
11 0.991821 0.561999 0.983594 0.514206 1.000048 0.609793 480.000000 640.000000
23 0.321509 0.503801 0.300594 0.438861 0.342424 0.568741 480.000000 640.000000
24 0.816255 0.469555 0.800707 0.404634 0.831802 0.534475 480.000000 640.000000
34 0.188590 0.629010 0.162410 0.548292 0.214771 0.709728 480.000000 640.000000
2 0.945944 0.537731 0.927534 0.476813 0.964354 0.598649 480.000000 640.000000
22 0.613670 0.461453 0.600528 0.407657 0.626812 0.515250 480.000000 640.000000
25 0.581154 0.503871 0.568326 0.455342 0.593982 0.552400 480.000000 640.000000
44 0.254241 0.553411 0.227018 0.480821 0.281464 0.626002 480.000000 640.000000
46 0.284120 0.489903 0.270819 0.430496 0.297421 0.549310 480.000000 640.000000
4 0.401773 0.590283 0.384522 0.534532 0.419023 0.646034 480.000000 640.000000
49 0.035108 0.553264 0.017628 0.488686 0.052588 0.617842 480.000000 640.000000
43 0.432892 0.655297 0.403541 0.575329 0.462243 0.735265 480.000000 640.000000
16 0.404161 0.542028 0.389308 0.470679 0.419013 0.613377 480.000000 640.000000
51 0.193655 0.495138 0.176232 0.434116 0.211077 0.556159 480.000000 640.000000
54 0.430965 0.625803 0.402102 0.570876 0.459828 0.680730 480.000000 640.000000
55 0.015056 0.626699 0.000177 0.556080 0.029935 0.697318 480.000000 640.000000
57 0.382571 0.558108 0.368362 0.505001 0.396780 0.611215 480.000000 640.000000
20 0.278763 0.525092 0.257755 0.465963 0.299772 0.584220 480.000000 640.000000
60 0.406771 0.504167 0.395052 0.469444 0.418490 0.538889 480.000000 640.000000
