1 0.534107 0.593244 0.514601 0.532005 0.553613 0.654483 480.000000 640.000000
3 0.194814 0.861107 0.176893 0.779004 0.212735 0.943210 480.000000 640.000000
4 0.224122 0.589258 0.202768 0.528666 0.245477 0.649850 480.000000 640.000000
5 0.324537 0.626347 0.309922 0.557398 0.339153 0.695296 480.000000 640.000000
6 0.310569 0.658266 0.284449 0.577064 0.336689 0.739469 480.000000 640.000000
7 0.436542 0.500681 0.420334 0.436977 0.452749 0.564385 480.000000 640.000000
8 0.400270 0.588490 0.385047 0.525608 0.415492 0.651371 480.000000 640.000000
10 0.568348 0.496374 0.547568 0.437241 0.589128 0.555506 480.000000 640.000000
11 0.870983 0.564296 0.849581 0.489018 0.892385 0.639573 480.000000 640.000000
14 0.007492 0.503813 -0.000007 0.445456 0.014992 0.562170 480.000000 640.000000
16 0.273882 0.533985 0.254990 0.467261 0.292773 0.600708 480.000000 640.000000
18 0.253618 0.560787 0.237305 0.506060 0.269930 0.615515 480.000000 640.000000
19 0.157800 0.460269 0.141247 0.399277 0.174354 0.521262 480.000000 640.000000
23 0.479984 0.493486 0.462869 0.413977 0.497100 0.572996 480.000000 640.000000
24 0.640131 0.449182 0.626441 0.384563 0.653821 0.513802 480.000000 640.000000
20 0.105959 0.545341 0.071145 0.478168 0.140772 0.612514 480.000000 640.000000
21 0.966813 0.481275 0.945343 0.415740 0.988282 0.546810 480.000000 640.000000
32 0.076621 0.533395 0.056212 0.469645 0.097031 0.597144 480.000000 640.000000
15 0.348190 0.505787 0.330612 0.442996 0.365769 0.568578 480.000000 640.000000
34 0.028702 0.614482 0.000302 0.533741 0.057101 0.695223 480.000000 640.000000
2 0.773332 0.549866 0.754268 0.493121 0.792396 0.606610 480.000000 640.000000
35 0.737935 0.524943 0.724200 0.462806 0.751670 0.587079 480.000000 640.000000
25 0.746814 0.526732 0.723428 0.462855 0.770200 0.590610 480.000000 640.000000
