1 0.606032 0.594637 0.583107 0.533434 0.628957 0.655841 480.000000 640.000000
3 0.264253 0.903442 0.245909 0.821802 0.282597 0.985082 480.000000 640.000000
7 0.358707 0.494356 0.344983 0.433182 0.372432 0.555531 480.000000 640.000000
8 0.485289 0.584948 0.467942 0.521465 0.502635 0.648432 480.000000 640.000000
10 0.504544 0.494121 0.484794 0.434580 0.524294 0.553663 480.000000 640.000000
11 0.947232 0.561475 0.927145 0.487721 0.967319 0.635229 480.000000 640.000000
19 0.227636 0.464393 0.207507 0.406153 0.247765 0.522633 480.000000 640.000000
23 0.400553 0.505077 0.384758 0.441676 0.416347 0.568478 480.000000 640.000000
24 0.732941 0.455946 0.718703 0.393448 0.747180 0.518444 480.000000 640.000000
15 0.269258 0.499020 0.251256 0.435202 0.287261 0.562838 480.000000 640.000000
34 0.111462 0.621274 0.084246 0.540914 0.138678 0.701634 480.000000 640.000000
2 0.859714 0.543496 0.842891 0.484297 0.876538 0.602695 480.000000 640.000000
38 0.365460 0.653058 0.341500 0.576460 0.389421 0.729656 480.000000 640.000000
22 0.548393 0.459962 0.536468 0.406063 0.560317 0.513862 480.000000 640.000000
4 0.313121 0.586587 0.295102 0.525844 0.331140 0.647330 480.000000 640.000000
25 0.658341 0.520114 0.645262 0.459914 0.671419 0.580314 480.000000 640.000000
16 0.344197 0.535240 0.329917 0.474617 0.358478 0.595863 480.000000 640.000000
