1 0.554008 0.597890 0.528043 0.536575 0.579973 0.659204 480.000000 640.000000
3 0.214710 0.881337 0.193463 0.797711 0.235958 0.964964 480.000000 640.000000
4 0.250790 0.588268 0.232094 0.529264 0.269486 0.647273 480.000000 640.000000
6 0.323232 0.661893 0.298303 0.585484 0.348161 0.738303 480.000000 640.000000
7 0.412011 0.501328 0.394009 0.439406 0.430012 0.563251 480.000000 640.000000
8 0.424249 0.585826 0.399276 0.517216 0.449222 0.654435 480.000000 640.000000
10 0.544773 0.493539 0.526105 0.435957 0.563441 0.551120 480.000000 640.000000
11 0.894442 0.563158 0.869447 0.486125 0.919438 0.640191 480.000000 640.000000
16 0.296884 0.535950 0.280205 0.470660 0.313563 0.601241 480.000000 640.000000
18 0.275590 0.561738 0.259228 0.506244 0.291953 0.617233 480.000000 640.000000
19 0.182415 0.461885 0.159236 0.401914 0.205593 0.521856 480.000000 640.000000
23 0.459398 0.511033 0.435129 0.448022 0.483667 0.574044 480.000000 640.000000
24 0.664715 0.453814 0.637379 0.391451 0.692051 0.516176 480.000000 640.000000
20 0.133016 0.547370 0.110904 0.483257 0.155128 0.611484 480.000000 640.000000
32 0.103328 0.532257 0.089574 0.471074 0.117082 0.593440 480.000000 640.000000
15 0.330000 0.507627 0.308447 0.447304 0.351554 0.567950 480.000000 640.000000
34 0.047481 0.617065 0.028523 0.533547 0.066439 0.700582 480.000000 640.000000
2 0.797488 0.549114 0.773540 0.489665 0.821436 0.608563 480.000000 640.000000
25 0.712568 0.523876 0.686836 0.460888 0.738300 0.586865 480.000000 640.000000
22 0.501392 0.464357 0.477805 0.411165 0.524979 0.517548 480.000000 640.000000
5 0.344434 0.627709 0.327016 0.560636 0.361853 0.694782 480.000000 640.000000
12 0.983411 0.481191 0.966304 0.415919 1.000518 0.546462 480.000000 640.000000
