1 0.839242 0.573236 0.816790 0.502763 0.861693 0.643710 480.000000 640.000000
2 0.036019 0.558712 0.003307 0.492283 0.068730 0.625141 480.000000 640.000000
3 0.006343 0.531637 -0.000105 0.480287 0.012790 0.582987 480.000000 640.000000
4 0.451875 0.437924 0.430565 0.377021 0.473185 0.498827 480.000000 640.000000
5 0.133999 0.628981 0.109143 0.558511 0.158855 0.699450 480.000000 640.000000
6 0.144061 0.490319 0.118503 0.423313 0.169618 0.557324 480.000000 640.000000
7 0.212070 0.439667 0.197013 0.385803 0.227126 0.493531 480.000000 640.000000
8 0.727260 0.459971 0.702154 0.397937 0.752365 0.522004 480.000000 640.000000
10 0.538812 0.571463 0.515066 0.503425 0.562559 0.639501 480.000000 640.000000
12 0.392821 0.516928 0.371160 0.444211 0.414482 0.589644 480.000000 640.000000
16 0.962399 0.516174 0.929027 0.448829 0.995770 0.583519 480.000000 640.000000
