1 0.918775 0.570310 0.896425 0.500236 0.941124 0.640385 480.000000 640.000000
4 0.353496 0.448025 0.336114 0.383942 0.370877 0.512109 480.000000 640.000000
5 0.041789 0.614140 0.023907 0.545531 0.059671 0.682749 480.000000 640.000000
6 0.038916 0.490586 0.008870 0.422396 0.068961 0.558776 480.000000 640.000000
8 0.817255 0.455502 0.799477 0.392730 0.835033 0.518273 480.000000 640.000000
10 0.613572 0.573082 0.589739 0.501356 0.637405 0.644808 480.000000 640.000000
12 0.295164 0.527452 0.270008 0.463426 0.320320 0.591479 480.000000 640.000000
7 0.291925 0.435846 0.277820 0.384830 0.306029 0.486862 480.000000 640.000000
14 0.466977 0.439138 0.446266 0.377606 0.487688 0.500670 480.000000 640.000000
15 0.859612 0.519941 0.841269 0.456247 0.877956 0.583634 480.000000 640.000000
16 0.870971 0.503887 0.847503 0.435891 0.894440 0.571882 480.000000 640.000000
