1 0.944014 0.568837 0.922805 0.500146 0.965222 0.637528 480.000000 640.000000
4 0.312014 0.448685 0.298030 0.385284 0.325998 0.512085 480.000000 640.000000
5 0.016548 0.612860 -0.000755 0.544666 0.033851 0.681053 480.000000 640.000000
6 0.013975 0.490684 -0.000428 0.420703 0.028377 0.560666 480.000000 640.000000
10 0.643298 0.572008 0.620242 0.500244 0.666354 0.643772 480.000000 640.000000
15 0.819266 0.521062 0.787149 0.457363 0.851383 0.584760 480.000000 640.000000
12 0.265822 0.522293 0.241757 0.452273 0.289887 0.592314 480.000000 640.000000
14 0.436370 0.442402 0.421665 0.382116 0.451075 0.502688 480.000000 640.000000
29 0.843229 0.491667 0.824479 0.435417 0.861979 0.547917 480.000000 640.000000
8 0.856935 0.455104 0.837376 0.392753 0.876494 0.517456 480.000000 640.000000
7 0.324770 0.442225 0.313214 0.384138 0.336325 0.500312 480.000000 640.000000
