1 0.968312 0.569371 0.941419 0.500237 0.995205 0.638504 480.000000 640.000000
4 0.287476 0.449345 0.259678 0.385994 0.315275 0.512695 480.000000 640.000000
10 0.666390 0.572632 0.643162 0.502667 0.689618 0.642596 480.000000 640.000000
15 0.779948 0.519807 0.753547 0.456238 0.806350 0.583375 480.000000 640.000000
12 0.230216 0.526607 0.205307 0.460347 0.255126 0.592868 480.000000 640.000000
14 0.404356 0.445919 0.385652 0.380680 0.423060 0.511159 480.000000 640.000000
29 0.813250 0.494662 0.799762 0.437134 0.826737 0.552190 480.000000 640.000000
8 0.879466 0.457952 0.860736 0.398702 0.898196 0.517203 480.000000 640.000000
7 0.346648 0.436748 0.331669 0.385845 0.361627 0.487651 480.000000 640.000000
32 0.871875 0.466667 0.858854 0.416319 0.884896 0.517014 480.000000 640.000000
