1 0.954322 0.568960 0.931945 0.499517 0.976700 0.638402 480.000000 640.000000
4 0.302532 0.449134 0.283872 0.385690 0.321193 0.512578 480.000000 640.000000
10 0.647854 0.572275 0.623972 0.500356 0.671737 0.644194 480.000000 640.000000
15 0.806842 0.517387 0.787392 0.451891 0.826291 0.582884 480.000000 640.000000
12 0.247003 0.522092 0.223613 0.450807 0.270393 0.593377 480.000000 640.000000
14 0.422580 0.446679 0.403316 0.383636 0.441845 0.509723 480.000000 640.000000
29 0.833023 0.494940 0.812853 0.437417 0.853193 0.552464 480.000000 640.000000
8 0.863418 0.454851 0.847776 0.391949 0.879061 0.517754 480.000000 640.000000
7 0.334666 0.440185 0.316849 0.385920 0.352483 0.494450 480.000000 640.000000
30 0.012575 0.551770 -0.000225 0.423453 0.025375 0.680088 480.000000 640.000000
