1 0.819678 0.572577 0.795288 0.502777 0.844069 0.642376 480.000000 640.000000
2 0.060100 0.555331 0.043449 0.486652 0.076751 0.624009 480.000000 640.000000
3 0.015934 0.519515 -0.000802 0.453260 0.032669 0.585771 480.000000 640.000000
4 0.468668 0.438700 0.447276 0.376720 0.490060 0.500681 480.000000 640.000000
5 0.151627 0.629610 0.131509 0.558653 0.171745 0.700566 480.000000 640.000000
6 0.174733 0.492664 0.148380 0.426308 0.201087 0.559019 480.000000 640.000000
7 0.195619 0.436557 0.179893 0.385015 0.211345 0.488100 480.000000 640.000000
8 0.702029 0.459217 0.685811 0.395994 0.718248 0.522440 480.000000 640.000000
10 0.522000 0.566758 0.501651 0.502813 0.542348 0.630704 480.000000 640.000000
12 0.415740 0.518192 0.389803 0.447508 0.441676 0.588876 480.000000 640.000000
14 0.591414 0.440014 0.565897 0.377958 0.616931 0.502070 480.000000 640.000000
15 0.972856 0.484176 0.959759 0.427629 0.985953 0.540723 480.000000 640.000000
16 0.984580 0.517725 0.969126 0.451205 1.000033 0.584246 480.000000 640.000000
