1 0.915328 0.570068 0.894944 0.500387 0.935712 0.639749 480.000000 640.000000
4 0.359032 0.446661 0.342398 0.383805 0.375665 0.509518 480.000000 640.000000
5 0.046989 0.615650 0.028492 0.546815 0.065486 0.684484 480.000000 640.000000
6 0.041615 0.490555 0.010473 0.421653 0.072757 0.559458 480.000000 640.000000
8 0.812487 0.458627 0.788981 0.395543 0.835993 0.521712 480.000000 640.000000
10 0.612001 0.573013 0.588034 0.501559 0.635968 0.644467 480.000000 640.000000
12 0.304679 0.525200 0.278447 0.457319 0.330911 0.593081 480.000000 640.000000
7 0.287006 0.439806 0.274124 0.384890 0.299887 0.494723 480.000000 640.000000
14 0.475310 0.438283 0.458635 0.375560 0.491986 0.501007 480.000000 640.000000
15 0.865812 0.519118 0.841118 0.453879 0.890505 0.584358 480.000000 640.000000
16 0.879190 0.496811 0.860927 0.432376 0.897454 0.561247 480.000000 640.000000
