1 0.882578 0.573305 0.859788 0.504575 0.905368 0.642035 480.000000 640.000000
4 0.398323 0.443789 0.381760 0.379668 0.414887 0.507909 480.000000 640.000000
5 0.082018 0.620932 0.062254 0.552275 0.101782 0.689589 480.000000 640.000000
6 0.088863 0.492078 0.059389 0.424447 0.118337 0.559709 480.000000 640.000000
8 0.774791 0.460278 0.750872 0.398485 0.798709 0.522071 480.000000 640.000000
10 0.577744 0.571352 0.552983 0.499864 0.602504 0.642841 480.000000 640.000000
12 0.346476 0.517294 0.321146 0.443162 0.371805 0.591427 480.000000 640.000000
16 0.912283 0.511908 0.892177 0.442304 0.932388 0.581512 480.000000 640.000000
7 0.254743 0.439641 0.241131 0.384043 0.268356 0.495238 480.000000 640.000000
14 0.516340 0.435884 0.499088 0.370684 0.533592 0.501085 480.000000 640.000000
