1 0.869686 0.573377 0.847859 0.504284 0.891513 0.642470 480.000000 640.000000
2 0.008811 0.575702 -0.000110 0.528708 0.017731 0.622696 480.000000 640.000000
4 0.411111 0.445308 0.383544 0.382336 0.438679 0.508279 480.000000 640.000000
5 0.099301 0.625093 0.071130 0.556868 0.127472 0.693319 480.000000 640.000000
6 0.105676 0.491052 0.087703 0.422839 0.123648 0.559265 480.000000 640.000000
8 0.764722 0.459764 0.741431 0.398086 0.788012 0.521442 480.000000 640.000000
10 0.564107 0.568308 0.541809 0.501162 0.586404 0.635454 480.000000 640.000000
12 0.356620 0.519369 0.337742 0.446483 0.375497 0.592255 480.000000 640.000000
16 0.922619 0.513713 0.890794 0.443550 0.954444 0.583877 480.000000 640.000000
7 0.244311 0.438626 0.229596 0.384446 0.259027 0.492806 480.000000 640.000000
