1 0.801978 0.572747 0.779105 0.503874 0.824851 0.641619 480.000000 640.000000
2 0.095732 0.555368 0.064068 0.489236 0.127396 0.621499 480.000000 640.000000
3 0.034723 0.521712 0.016026 0.455658 0.053421 0.587766 480.000000 640.000000
4 0.498997 0.441756 0.472327 0.382076 0.525666 0.501436 480.000000 640.000000
5 0.180775 0.632142 0.149927 0.563387 0.211623 0.700897 480.000000 640.000000
6 0.201815 0.494629 0.180810 0.429803 0.222821 0.559455 480.000000 640.000000
7 0.171013 0.440394 0.153389 0.386285 0.188637 0.494503 480.000000 640.000000
8 0.681283 0.457307 0.660284 0.394458 0.702282 0.520157 480.000000 640.000000
10 0.499067 0.571003 0.476561 0.501337 0.521574 0.640668 480.000000 640.000000
12 0.442545 0.517843 0.425038 0.447953 0.460053 0.587733 480.000000 640.000000
14 0.617335 0.439124 0.598923 0.376506 0.635747 0.501742 480.000000 640.000000
15 0.992188 0.483681 0.984375 0.425694 1.000000 0.541667 480.000000 640.000000
