1 0.829255 0.570912 0.807641 0.502132 0.850868 0.639693 480.000000 640.000000
2 0.046514 0.555466 0.020216 0.488507 0.072812 0.622425 480.000000 640.000000
3 0.009767 0.521298 -0.000346 0.457178 0.019880 0.585418 480.000000 640.000000
4 0.462038 0.440207 0.436157 0.377456 0.487919 0.502959 480.000000 640.000000
5 0.142880 0.629571 0.116760 0.559603 0.169000 0.699540 480.000000 640.000000
6 0.171906 0.490285 0.145457 0.425074 0.198355 0.555496 480.000000 640.000000
7 0.204041 0.440273 0.181934 0.386225 0.226148 0.494321 480.000000 640.000000
8 0.710706 0.458073 0.695842 0.395394 0.725570 0.520753 480.000000 640.000000
10 0.526330 0.568513 0.502332 0.503716 0.550329 0.633311 480.000000 640.000000
12 0.407580 0.516227 0.386273 0.444452 0.428888 0.588003 480.000000 640.000000
14 0.584472 0.433640 0.562562 0.375863 0.606382 0.491418 480.000000 640.000000
16 0.973524 0.515373 0.947173 0.447906 0.999875 0.582839 480.000000 640.000000
