1 0.782568 0.573637 0.758002 0.504591 0.807133 0.642682 480.000000 640.000000
2 0.124600 0.549773 0.109075 0.482129 0.140125 0.617417 480.000000 640.000000
3 0.060176 0.524233 0.035492 0.460058 0.084860 0.588408 480.000000 640.000000
4 0.521792 0.439186 0.502629 0.377437 0.540954 0.500936 480.000000 640.000000
5 0.201671 0.630990 0.183391 0.560640 0.219951 0.701341 480.000000 640.000000
6 0.223486 0.496594 0.197427 0.432803 0.249545 0.560386 480.000000 640.000000
7 0.156805 0.439249 0.140994 0.386427 0.172617 0.492072 480.000000 640.000000
8 0.655275 0.452964 0.634283 0.386781 0.676268 0.519147 480.000000 640.000000
10 0.481325 0.597407 0.458451 0.551827 0.504200 0.642988 480.000000 640.000000
12 0.460677 0.519444 0.440104 0.453125 0.481250 0.585764 480.000000 640.000000
