1 0.871853 0.573225 0.852455 0.503829 0.891250 0.642621 480.000000 640.000000
4 0.404051 0.445105 0.380603 0.381686 0.427499 0.508523 480.000000 640.000000
5 0.096025 0.624665 0.070305 0.555775 0.121745 0.693555 480.000000 640.000000
6 0.097385 0.491980 0.073922 0.424978 0.120847 0.558982 480.000000 640.000000
8 0.769320 0.460858 0.742708 0.399494 0.795932 0.522221 480.000000 640.000000
10 0.572135 0.570473 0.550387 0.501105 0.593882 0.639841 480.000000 640.000000
12 0.351258 0.518404 0.328182 0.445858 0.374334 0.590950 480.000000 640.000000
16 0.919446 0.514531 0.889400 0.446227 0.949491 0.582835 480.000000 640.000000
7 0.247141 0.437644 0.234207 0.383930 0.260075 0.491359 480.000000 640.000000
14 0.528606 0.435664 0.513113 0.374300 0.544100 0.497027 480.000000 640.000000
19 0.006234 0.609028 0.000033 0.593056 0.012435 0.625000 480.000000 640.000000
