1 0.875311 0.572581 0.855435 0.503486 0.895187 0.641675 480.000000 640.000000
4 0.402264 0.443778 0.383647 0.380242 0.420881 0.507314 480.000000 640.000000
5 0.090502 0.622130 0.067845 0.552468 0.113159 0.691792 480.000000 640.000000
6 0.091934 0.493340 0.064547 0.427417 0.119321 0.559263 480.000000 640.000000
8 0.771020 0.460415 0.744579 0.398771 0.797461 0.522060 480.000000 640.000000
10 0.575696 0.570796 0.552249 0.500446 0.599143 0.641145 480.000000 640.000000
12 0.348268 0.518992 0.322837 0.446227 0.373699 0.591757 480.000000 640.000000
16 0.915035 0.514759 0.890579 0.447739 0.939491 0.581778 480.000000 640.000000
7 0.251147 0.437847 0.237760 0.382945 0.264533 0.492748 480.000000 640.000000
14 0.522915 0.434305 0.507199 0.368747 0.538632 0.499862 480.000000 640.000000
