1 0.776808 0.573737 0.750239 0.505020 0.803376 0.642453 480.000000 640.000000
2 0.130382 0.550876 0.105306 0.483733 0.155457 0.618019 480.000000 640.000000
3 0.065426 0.523999 0.039798 0.459797 0.091053 0.588200 480.000000 640.000000
4 0.528708 0.438371 0.509789 0.375303 0.547628 0.501439 480.000000 640.000000
5 0.207478 0.630056 0.190068 0.560900 0.224887 0.699212 480.000000 640.000000
6 0.226352 0.492928 0.197736 0.426530 0.254968 0.559326 480.000000 640.000000
7 0.153007 0.440091 0.137169 0.386471 0.168844 0.493711 480.000000 640.000000
8 0.652441 0.421209 0.626707 0.321282 0.678175 0.521135 480.000000 640.000000
9 0.467837 0.516574 0.445697 0.445089 0.489978 0.588059 480.000000 640.000000
10 0.472166 0.586941 0.448620 0.530471 0.495712 0.643410 480.000000 640.000000
11 0.651042 0.461111 0.627083 0.402083 0.675000 0.520139 480.000000 640.000000
