1 0.814413 0.573590 0.786724 0.504788 0.842101 0.642392 480.000000 640.000000
2 0.074479 0.556588 0.055916 0.488527 0.093042 0.624649 480.000000 640.000000
3 0.022308 0.523080 -0.001054 0.458826 0.045670 0.587333 480.000000 640.000000
4 0.479499 0.438989 0.461893 0.375655 0.497104 0.502322 480.000000 640.000000
5 0.161125 0.630170 0.143480 0.560206 0.178771 0.700134 480.000000 640.000000
6 0.178904 0.495479 0.149988 0.430089 0.207820 0.560870 480.000000 640.000000
7 0.189139 0.424114 0.174500 0.384455 0.203778 0.463773 480.000000 640.000000
8 0.694664 0.461394 0.671076 0.400084 0.718252 0.522704 480.000000 640.000000
10 0.510787 0.570842 0.489290 0.501082 0.532284 0.640602 480.000000 640.000000
12 0.426477 0.519232 0.400906 0.449308 0.452049 0.589155 480.000000 640.000000
14 0.600012 0.438389 0.580321 0.373859 0.619703 0.502919 480.000000 640.000000
15 0.976502 0.486090 0.956219 0.423743 0.996784 0.548436 480.000000 640.000000
