1 0.778737 0.573660 0.753383 0.504885 0.804092 0.642436 480.000000 640.000000
2 0.127392 0.550236 0.106473 0.482290 0.148310 0.618182 480.000000 640.000000
3 0.063529 0.524588 0.038036 0.460598 0.089022 0.588578 480.000000 640.000000
4 0.525850 0.437791 0.507681 0.375907 0.544020 0.499675 480.000000 640.000000
5 0.204786 0.630769 0.186782 0.560300 0.222791 0.701237 480.000000 640.000000
6 0.225809 0.495179 0.198476 0.430615 0.253142 0.559744 480.000000 640.000000
7 0.154418 0.440243 0.138519 0.386227 0.170317 0.494260 480.000000 640.000000
8 0.652991 0.446472 0.629973 0.372906 0.676008 0.520038 480.000000 640.000000
9 0.470541 0.545933 0.443724 0.460596 0.497357 0.631270 480.000000 640.000000
10 0.475610 0.590107 0.452587 0.537511 0.498633 0.642703 480.000000 640.000000
