1 0.815536 0.573395 0.788145 0.504409 0.842928 0.642381 480.000000 640.000000
2 0.069099 0.555579 0.052911 0.487486 0.085288 0.623672 480.000000 640.000000
3 0.020629 0.522304 -0.001158 0.458064 0.042416 0.586544 480.000000 640.000000
4 0.476208 0.438252 0.458106 0.375171 0.494310 0.501333 480.000000 640.000000
5 0.158027 0.629737 0.140054 0.559169 0.176000 0.700304 480.000000 640.000000
6 0.176723 0.494379 0.149093 0.427877 0.204353 0.560881 480.000000 640.000000
7 0.190422 0.433127 0.176442 0.383913 0.204402 0.482342 480.000000 640.000000
8 0.696639 0.460815 0.675175 0.398437 0.718102 0.523194 480.000000 640.000000
10 0.514262 0.570784 0.493555 0.501680 0.534969 0.639888 480.000000 640.000000
12 0.424983 0.519861 0.399204 0.449956 0.450762 0.589767 480.000000 640.000000
14 0.598390 0.438269 0.579248 0.374814 0.617533 0.501724 480.000000 640.000000
15 0.973996 0.484600 0.956036 0.425147 0.991956 0.544052 480.000000 640.000000
16 0.989583 0.515972 0.979167 0.448958 1.000000 0.582986 480.000000 640.000000
