1 0.859202 0.574004 0.832066 0.505434 0.886339 0.642573 480.000000 640.000000
2 0.009337 0.564490 -0.000233 0.502477 0.018907 0.626502 480.000000 640.000000
4 0.419523 0.441863 0.393392 0.379421 0.445655 0.504306 480.000000 640.000000
5 0.104976 0.623880 0.079505 0.553251 0.130447 0.694510 480.000000 640.000000
6 0.127415 0.493594 0.100023 0.427897 0.154806 0.559291 480.000000 640.000000
8 0.748337 0.457617 0.733095 0.394777 0.763579 0.520458 480.000000 640.000000
10 0.560103 0.569892 0.537624 0.502917 0.582582 0.636866 480.000000 640.000000
12 0.364887 0.518974 0.342807 0.449277 0.386968 0.588671 480.000000 640.000000
16 0.931119 0.514260 0.902754 0.444523 0.959484 0.583996 480.000000 640.000000
14 0.537764 0.438787 0.511119 0.378231 0.564409 0.499343 480.000000 640.000000
