1 0.956388 0.569036 0.935097 0.499348 0.977680 0.638723 480.000000 640.000000
4 0.298708 0.449505 0.277116 0.385082 0.320300 0.513928 480.000000 640.000000
10 0.649197 0.572474 0.626592 0.500092 0.671803 0.644857 480.000000 640.000000
15 0.802539 0.516362 0.786124 0.450697 0.818955 0.582026 480.000000 640.000000
12 0.244206 0.521607 0.220605 0.450180 0.267806 0.593034 480.000000 640.000000
14 0.420037 0.443571 0.398913 0.375529 0.441161 0.511613 480.000000 640.000000
29 0.830804 0.493685 0.812887 0.434678 0.848721 0.552691 480.000000 640.000000
8 0.865076 0.454844 0.849798 0.390840 0.880354 0.518849 480.000000 640.000000
7 0.335755 0.439653 0.316328 0.386271 0.355181 0.493036 480.000000 640.000000
30 0.012559 0.554099 -0.000180 0.428002 0.025299 0.680196 480.000000 640.000000
