1 0.851546 0.573098 0.823319 0.505200 0.879772 0.640996 480.000000 640.000000
2 0.021702 0.558838 -0.000140 0.490126 0.043545 0.627550 480.000000 640.000000
4 0.439294 0.438419 0.420990 0.374594 0.457599 0.502243 480.000000 640.000000
5 0.123285 0.620542 0.105124 0.547584 0.141445 0.693500 480.000000 640.000000
6 0.135087 0.491134 0.106476 0.425124 0.163697 0.557143 480.000000 640.000000
8 0.734183 0.460653 0.710023 0.399888 0.758344 0.521419 480.000000 640.000000
10 0.543667 0.571582 0.518046 0.502539 0.569287 0.640624 480.000000 640.000000
12 0.386005 0.517806 0.360137 0.445378 0.411872 0.590233 480.000000 640.000000
16 0.952757 0.516908 0.929064 0.450249 0.976451 0.583568 480.000000 640.000000
14 0.558935 0.443825 0.540431 0.389467 0.577439 0.498184 480.000000 640.000000
7 0.220802 0.438395 0.207228 0.384744 0.234375 0.492046 480.000000 640.000000
15 0.939127 0.486549 0.920984 0.430053 0.957270 0.543045 480.000000 640.000000
