1 0.958105 0.568783 0.936502 0.499008 0.979709 0.638558 480.000000 640.000000
4 0.296124 0.449860 0.272527 0.385533 0.319720 0.514188 480.000000 640.000000
10 0.652788 0.572514 0.630673 0.499965 0.674904 0.645064 480.000000 640.000000
15 0.798257 0.516856 0.783130 0.450683 0.813383 0.583029 480.000000 640.000000
12 0.243273 0.520513 0.222190 0.448806 0.264355 0.592219 480.000000 640.000000
14 0.418315 0.442822 0.395644 0.373352 0.440985 0.512291 480.000000 640.000000
29 0.827897 0.493924 0.812241 0.434431 0.843554 0.553417 480.000000 640.000000
8 0.866996 0.453885 0.851848 0.389697 0.882144 0.518072 480.000000 640.000000
7 0.336196 0.439659 0.316316 0.387088 0.356077 0.492231 480.000000 640.000000
30 0.012292 0.556432 -0.000103 0.432378 0.024686 0.680486 480.000000 640.000000
