1 0.830962 0.570584 0.809653 0.502308 0.852270 0.638859 480.000000 640.000000
2 0.043291 0.555768 0.013918 0.489500 0.072663 0.622036 480.000000 640.000000
3 0.008800 0.522095 -0.000201 0.459065 0.017801 0.585124 480.000000 640.000000
4 0.460409 0.440323 0.434226 0.377713 0.486593 0.502933 480.000000 640.000000
5 0.141492 0.629949 0.114476 0.560098 0.168508 0.699800 480.000000 640.000000
6 0.168690 0.491514 0.142221 0.425565 0.195158 0.557463 480.000000 640.000000
7 0.203749 0.440306 0.179685 0.386635 0.227814 0.493977 480.000000 640.000000
8 0.714928 0.458330 0.698260 0.395611 0.731596 0.521049 480.000000 640.000000
10 0.526562 0.568030 0.501846 0.504094 0.551279 0.631967 480.000000 640.000000
12 0.406698 0.517803 0.387699 0.445873 0.425697 0.589733 480.000000 640.000000
14 0.581035 0.429207 0.561947 0.379557 0.600123 0.478856 480.000000 640.000000
16 0.971453 0.513253 0.943015 0.443568 0.999892 0.582937 480.000000 640.000000
