1 0.790040 0.572456 0.769062 0.503679 0.811018 0.641234 480.000000 640.000000
2 0.114173 0.551648 0.098437 0.483623 0.129908 0.619674 480.000000 640.000000
3 0.048046 0.522835 0.027195 0.457639 0.068898 0.588030 480.000000 640.000000
4 0.510917 0.440257 0.488071 0.380231 0.533762 0.500282 480.000000 640.000000
5 0.189771 0.630963 0.164791 0.560832 0.214752 0.701095 480.000000 640.000000
6 0.219321 0.495344 0.194284 0.430165 0.244358 0.560523 480.000000 640.000000
7 0.164695 0.440517 0.146856 0.386334 0.182534 0.494700 480.000000 640.000000
8 0.662111 0.428078 0.645628 0.337850 0.678595 0.518306 480.000000 640.000000
10 0.489478 0.571963 0.464851 0.504095 0.514105 0.639831 480.000000 640.000000
12 0.451731 0.519580 0.429799 0.452258 0.473663 0.586902 480.000000 640.000000
