1 0.797317 0.572743 0.775047 0.503178 0.819588 0.642308 480.000000 640.000000
2 0.101425 0.553698 0.074720 0.487109 0.128130 0.620286 480.000000 640.000000
3 0.038748 0.521771 0.020545 0.454579 0.056950 0.588962 480.000000 640.000000
4 0.503030 0.441486 0.475544 0.381889 0.530517 0.501084 480.000000 640.000000
5 0.182646 0.631540 0.151880 0.562426 0.213411 0.700655 480.000000 640.000000
6 0.215273 0.494984 0.187610 0.429295 0.242935 0.560673 480.000000 640.000000
7 0.169595 0.440500 0.151428 0.386297 0.187761 0.494703 480.000000 640.000000
8 0.673491 0.456966 0.658383 0.393277 0.688598 0.520655 480.000000 640.000000
10 0.492503 0.570698 0.470032 0.502061 0.514975 0.639335 480.000000 640.000000
12 0.446385 0.519029 0.425606 0.451225 0.467165 0.586834 480.000000 640.000000
14 0.621298 0.439758 0.599101 0.377167 0.643494 0.502348 480.000000 640.000000
