1 0.861398 0.573773 0.835643 0.505098 0.887153 0.642449 480.000000 640.000000
2 0.009078 0.569367 -0.000212 0.512709 0.018369 0.626025 480.000000 640.000000
4 0.416593 0.442539 0.388674 0.380303 0.444511 0.504776 480.000000 640.000000
5 0.102920 0.624344 0.075565 0.554972 0.130274 0.693716 480.000000 640.000000
6 0.125692 0.494197 0.098223 0.429512 0.153161 0.558881 480.000000 640.000000
8 0.752119 0.458063 0.735307 0.394503 0.768931 0.521623 480.000000 640.000000
10 0.561174 0.564804 0.537391 0.490509 0.584958 0.639100 480.000000 640.000000
12 0.362703 0.519560 0.342605 0.448710 0.382802 0.590409 480.000000 640.000000
16 0.927723 0.513962 0.897904 0.444348 0.957542 0.583576 480.000000 640.000000
14 0.540082 0.444449 0.510498 0.387589 0.569666 0.501310 480.000000 640.000000
