1 0.960754 0.568692 0.937993 0.499115 0.983515 0.638268 480.000000 640.000000
4 0.293879 0.449965 0.268495 0.385678 0.319263 0.514253 480.000000 640.000000
10 0.656832 0.572746 0.635246 0.500825 0.678419 0.644666 480.000000 640.000000
15 0.795188 0.517736 0.777688 0.451149 0.812688 0.584323 480.000000 640.000000
12 0.240329 0.520769 0.219727 0.448954 0.260931 0.592584 480.000000 640.000000
14 0.416086 0.446756 0.391818 0.380343 0.440354 0.513170 480.000000 640.000000
29 0.823978 0.493298 0.810165 0.433664 0.837792 0.552932 480.000000 640.000000
8 0.869359 0.453750 0.854259 0.389725 0.884459 0.517774 480.000000 640.000000
7 0.337432 0.438706 0.319366 0.386444 0.355499 0.490968 480.000000 640.000000
30 0.011643 0.559142 -0.000026 0.437997 0.023312 0.680287 480.000000 640.000000
