1 0.885948 0.573054 0.861053 0.503399 0.910842 0.642710 480.000000 640.000000
4 0.395359 0.444021 0.377844 0.379780 0.412874 0.508263 480.000000 640.000000
5 0.078853 0.620260 0.058894 0.551575 0.098813 0.688945 480.000000 640.000000
6 0.086968 0.492683 0.058334 0.425888 0.115601 0.559479 480.000000 640.000000
8 0.776555 0.459016 0.754606 0.396063 0.798504 0.521970 480.000000 640.000000
10 0.578743 0.571538 0.554091 0.500111 0.603395 0.642966 480.000000 640.000000
12 0.342259 0.517272 0.317526 0.442941 0.366991 0.591604 480.000000 640.000000
16 0.911090 0.508114 0.890675 0.436746 0.931504 0.579481 480.000000 640.000000
7 0.257928 0.440144 0.242776 0.384168 0.273079 0.496119 480.000000 640.000000
14 0.511981 0.436827 0.492063 0.371997 0.531899 0.501658 480.000000 640.000000
