1 0.800266 0.572564 0.777312 0.503499 0.823219 0.641628 480.000000 640.000000
2 0.098253 0.554062 0.068828 0.488155 0.127678 0.619969 480.000000 640.000000
3 0.036575 0.521205 0.018546 0.453985 0.054604 0.588424 480.000000 640.000000
4 0.501004 0.441686 0.473229 0.381867 0.528778 0.501506 480.000000 640.000000
5 0.181876 0.631803 0.150658 0.562954 0.213094 0.700653 480.000000 640.000000
6 0.211949 0.494383 0.184980 0.427805 0.238918 0.560961 480.000000 640.000000
7 0.169783 0.440754 0.152006 0.386788 0.187561 0.494720 480.000000 640.000000
8 0.677245 0.456014 0.659536 0.390510 0.694955 0.521517 480.000000 640.000000
10 0.495832 0.571005 0.474005 0.501569 0.517660 0.640441 480.000000 640.000000
12 0.445053 0.518323 0.427158 0.449327 0.462947 0.587319 480.000000 640.000000
14 0.619202 0.439888 0.598935 0.377876 0.639468 0.501901 480.000000 640.000000
