4 0.192787 0.447938 0.167379 0.386255 0.218194 0.509621 480.000000 640.000000
15 0.681548 0.523732 0.651975 0.459581 0.711122 0.587883 480.000000 640.000000
12 0.139444 0.532178 0.118392 0.469716 0.160496 0.594639 480.000000 640.000000
14 0.312770 0.453229 0.297172 0.391341 0.328368 0.515118 480.000000 640.000000
8 0.965514 0.451857 0.940490 0.388683 0.990539 0.515030 480.000000 640.000000
7 0.424654 0.441125 0.407950 0.389286 0.441358 0.492964 480.000000 640.000000
10 0.732307 0.559491 0.709412 0.485004 0.755202 0.633979 480.000000 640.000000
37 0.142654 0.481062 0.124489 0.447977 0.160818 0.514147 480.000000 640.000000
39 0.727604 0.531944 0.706250 0.437500 0.748958 0.626389 480.000000 640.000000
29 0.726238 0.499248 0.706905 0.436728 0.745572 0.561768 480.000000 640.000000
