1 0.853471 0.574284 0.824917 0.505859 0.882025 0.642709 480.000000 640.000000
2 0.014224 0.557280 -0.000956 0.488550 0.029404 0.626011 480.000000 640.000000
4 0.431165 0.439831 0.409428 0.375708 0.452902 0.503955 480.000000 640.000000
5 0.118642 0.623539 0.099888 0.552157 0.137395 0.694922 480.000000 640.000000
6 0.130442 0.497987 0.103111 0.425313 0.157774 0.570660 480.000000 640.000000
8 0.738375 0.459055 0.719727 0.398079 0.757023 0.520030 480.000000 640.000000
10 0.546646 0.571583 0.524055 0.502932 0.569237 0.640234 480.000000 640.000000
12 0.381048 0.519127 0.354744 0.448224 0.407352 0.590031 480.000000 640.000000
16 0.947181 0.514829 0.923775 0.445686 0.970587 0.583972 480.000000 640.000000
7 0.226909 0.430824 0.210874 0.368829 0.242944 0.492820 480.000000 640.000000
