1 0.929940 0.570443 0.901219 0.502771 0.958661 0.638115 480.000000 640.000000
4 0.338057 0.449570 0.313409 0.386173 0.362704 0.512967 480.000000 640.000000
5 0.029540 0.615873 0.006776 0.547884 0.052303 0.683861 480.000000 640.000000
6 0.037288 0.493659 0.010377 0.429469 0.064198 0.557848 480.000000 640.000000
8 0.826678 0.452990 0.811587 0.388866 0.841769 0.517114 480.000000 640.000000
10 0.625065 0.572424 0.602542 0.501310 0.647588 0.643538 480.000000 640.000000
7 0.302522 0.438043 0.286933 0.386453 0.318112 0.489634 480.000000 640.000000
15 0.843442 0.517658 0.826674 0.452489 0.860210 0.582826 480.000000 640.000000
24 0.284896 0.521528 0.266927 0.451736 0.302865 0.591319 480.000000 640.000000
25 0.028589 0.495139 0.009782 0.431597 0.047396 0.558681 480.000000 640.000000
16 0.854218 0.516792 0.831521 0.449359 0.876915 0.584224 480.000000 640.000000
