1 0.854110 0.574772 0.825352 0.506164 0.882869 0.643380 480.000000 640.000000
2 0.011730 0.558509 -0.000716 0.488336 0.024175 0.628682 480.000000 640.000000
4 0.427955 0.440871 0.404872 0.376604 0.451038 0.505139 480.000000 640.000000
5 0.116121 0.623723 0.097198 0.552222 0.135044 0.695223 480.000000 640.000000
6 0.130999 0.495970 0.105223 0.427413 0.156775 0.564527 480.000000 640.000000
8 0.740776 0.458090 0.723616 0.396624 0.757936 0.519556 480.000000 640.000000
10 0.550664 0.570159 0.528233 0.503001 0.573096 0.637316 480.000000 640.000000
12 0.374629 0.519632 0.347822 0.447883 0.401437 0.591382 480.000000 640.000000
16 0.944091 0.514074 0.920180 0.444183 0.968001 0.583965 480.000000 640.000000
7 0.230235 0.427814 0.212117 0.362118 0.248353 0.493510 480.000000 640.000000
14 0.547513 0.436941 0.520895 0.372999 0.574132 0.500883 480.000000 640.000000
