1 0.791837 0.571740 0.770849 0.503212 0.812825 0.640268 480.000000 640.000000
2 0.109559 0.553881 0.090069 0.484816 0.129048 0.622947 480.000000 640.000000
3 0.043836 0.522292 0.024766 0.456967 0.062905 0.587618 480.000000 640.000000
4 0.508573 0.440618 0.484153 0.380695 0.532992 0.500541 480.000000 640.000000
5 0.186783 0.631162 0.158696 0.561715 0.214870 0.700608 480.000000 640.000000
6 0.219357 0.494563 0.193874 0.430092 0.244841 0.559035 480.000000 640.000000
7 0.168220 0.440330 0.149477 0.386134 0.186963 0.494527 480.000000 640.000000
8 0.664777 0.446423 0.651184 0.374426 0.678369 0.518419 480.000000 640.000000
10 0.489931 0.571568 0.464272 0.502778 0.515590 0.640359 480.000000 640.000000
12 0.450082 0.518037 0.429052 0.449619 0.471111 0.586456 480.000000 640.000000
13 0.212109 0.495139 0.193880 0.431250 0.230339 0.559028 480.000000 640.000000
