1 0.786791 0.573362 0.762831 0.504491 0.810750 0.642233 480.000000 640.000000
2 0.120957 0.550610 0.105955 0.482076 0.135958 0.619144 480.000000 640.000000
3 0.056557 0.524560 0.032562 0.460581 0.080551 0.588539 480.000000 640.000000
4 0.518142 0.439602 0.499239 0.378392 0.537045 0.500811 480.000000 640.000000
5 0.197973 0.630738 0.178970 0.559949 0.216976 0.701528 480.000000 640.000000
6 0.220941 0.496382 0.195713 0.431462 0.246168 0.561302 480.000000 640.000000
7 0.159085 0.440440 0.143021 0.386448 0.175149 0.494432 480.000000 640.000000
8 0.658328 0.428148 0.639033 0.337321 0.677623 0.518975 480.000000 640.000000
10 0.486877 0.578726 0.464229 0.516075 0.509526 0.641378 480.000000 640.000000
12 0.459538 0.516721 0.440208 0.447607 0.478868 0.585836 480.000000 640.000000
