1 0.813001 0.573579 0.785453 0.504654 0.840549 0.642504 480.000000 640.000000
2 0.078434 0.556930 0.059170 0.489575 0.097698 0.624284 480.000000 640.000000
3 0.023882 0.523447 -0.000486 0.459773 0.048249 0.587121 480.000000 640.000000
4 0.482484 0.438640 0.464220 0.375866 0.500748 0.501414 480.000000 640.000000
5 0.163563 0.630834 0.145171 0.561261 0.181955 0.700407 480.000000 640.000000
6 0.180877 0.496663 0.152177 0.432958 0.209578 0.560367 480.000000 640.000000
7 0.187204 0.424321 0.170553 0.384790 0.203856 0.463851 480.000000 640.000000
8 0.692731 0.461088 0.667307 0.400101 0.718154 0.522076 480.000000 640.000000
10 0.509031 0.571208 0.485669 0.500442 0.532392 0.641974 480.000000 640.000000
12 0.427136 0.520745 0.401747 0.451415 0.452526 0.590075 480.000000 640.000000
14 0.604379 0.437586 0.586793 0.372102 0.621966 0.503070 480.000000 640.000000
15 0.978562 0.492286 0.957059 0.424130 1.000065 0.560443 480.000000 640.000000
