1 0.873929 0.573251 0.854453 0.503573 0.893405 0.642929 480.000000 640.000000
4 0.401967 0.444316 0.379972 0.381478 0.423962 0.507155 480.000000 640.000000
5 0.093700 0.622989 0.069565 0.553541 0.117835 0.692438 480.000000 640.000000
6 0.093992 0.492631 0.068278 0.426078 0.119706 0.559184 480.000000 640.000000
8 0.770151 0.460870 0.743636 0.399471 0.796666 0.522270 480.000000 640.000000
10 0.574520 0.570544 0.552033 0.500785 0.597007 0.640302 480.000000 640.000000
12 0.349511 0.518828 0.325102 0.446452 0.373920 0.591203 480.000000 640.000000
16 0.917413 0.513185 0.889850 0.444146 0.944975 0.582225 480.000000 640.000000
7 0.249164 0.437791 0.237168 0.383733 0.261160 0.491850 480.000000 640.000000
14 0.525551 0.434181 0.510108 0.370254 0.540993 0.498107 480.000000 640.000000
