1 0.836472 0.572472 0.814747 0.502156 0.858197 0.642789 480.000000 640.000000
2 0.037760 0.557881 0.004667 0.491807 0.070853 0.623955 480.000000 640.000000
3 0.006904 0.528707 -0.000110 0.474034 0.013917 0.583380 480.000000 640.000000
4 0.455177 0.438222 0.432477 0.376966 0.477878 0.499478 480.000000 640.000000
5 0.136484 0.629454 0.110076 0.559687 0.162892 0.699222 480.000000 640.000000
6 0.152236 0.490716 0.128267 0.423893 0.176205 0.557540 480.000000 640.000000
7 0.210098 0.438871 0.193500 0.385307 0.226696 0.492435 480.000000 640.000000
8 0.725287 0.459530 0.701444 0.397534 0.749130 0.521525 480.000000 640.000000
10 0.536275 0.571426 0.513251 0.503098 0.559300 0.639755 480.000000 640.000000
12 0.396014 0.516958 0.376653 0.444230 0.415376 0.589685 480.000000 640.000000
16 0.966328 0.519249 0.934286 0.455339 0.998369 0.583159 480.000000 640.000000
15 0.952148 0.490598 0.935449 0.443574 0.968848 0.537621 480.000000 640.000000
