1 0.788767 0.573016 0.766502 0.504217 0.811032 0.641815 480.000000 640.000000
2 0.117588 0.551884 0.102369 0.482823 0.132807 0.620946 480.000000 640.000000
3 0.052564 0.524161 0.030187 0.460006 0.074941 0.588317 480.000000 640.000000
4 0.514414 0.439718 0.493744 0.378678 0.535085 0.500759 480.000000 640.000000
5 0.193552 0.630876 0.171696 0.560206 0.215409 0.701546 480.000000 640.000000
6 0.217732 0.495259 0.194458 0.429443 0.241006 0.561074 480.000000 640.000000
7 0.161766 0.440839 0.145250 0.386707 0.178282 0.494971 480.000000 640.000000
8 0.660727 0.444806 0.645056 0.371193 0.676398 0.518418 480.000000 640.000000
10 0.488351 0.573940 0.464631 0.507174 0.512070 0.640706 480.000000 640.000000
12 0.457875 0.523082 0.439610 0.460568 0.476141 0.585597 480.000000 640.000000
