1 0.894711 0.561302 0.866928 0.480984 0.922494 0.641621 480.000000 640.000000
4 0.374572 0.447956 0.346957 0.386650 0.402186 0.509262 480.000000 640.000000
5 0.061283 0.621014 0.035229 0.551299 0.087337 0.690729 480.000000 640.000000
6 0.070858 0.492543 0.045605 0.427891 0.096111 0.557195 480.000000 640.000000
8 0.801158 0.466499 0.781568 0.411858 0.820747 0.521140 480.000000 640.000000
10 0.596694 0.572936 0.572327 0.502555 0.621060 0.643317 480.000000 640.000000
12 0.315645 0.520230 0.295691 0.448631 0.335599 0.591828 480.000000 640.000000
7 0.274239 0.432586 0.260479 0.386725 0.287999 0.478447 480.000000 640.000000
14 0.492882 0.437552 0.467213 0.374011 0.518551 0.501093 480.000000 640.000000
15 0.874500 0.517919 0.846439 0.452013 0.902562 0.583825 480.000000 640.000000
