1 0.981359 0.566017 0.962914 0.496167 0.999803 0.635868 480.000000 640.000000
4 0.263950 0.449278 0.245640 0.384012 0.282261 0.514544 480.000000 640.000000
10 0.681000 0.572986 0.655209 0.503015 0.706791 0.642956 480.000000 640.000000
15 0.763466 0.520178 0.744035 0.454929 0.782897 0.585426 480.000000 640.000000
12 0.210017 0.523390 0.191181 0.454900 0.228854 0.591880 480.000000 640.000000
14 0.379844 0.449806 0.357607 0.386567 0.402082 0.513045 480.000000 640.000000
29 0.797303 0.495944 0.773919 0.436897 0.820688 0.554991 480.000000 640.000000
8 0.898622 0.454179 0.880183 0.391662 0.917061 0.516697 480.000000 640.000000
7 0.361372 0.436500 0.345706 0.384582 0.377039 0.488418 480.000000 640.000000
33 0.255924 0.449306 0.243099 0.383681 0.268750 0.514931 480.000000 640.000000
