4 0.158125 0.450534 0.130058 0.388080 0.186192 0.512988 480.000000 640.000000
15 0.647665 0.523329 0.624193 0.458516 0.671138 0.588141 480.000000 640.000000
12 0.109738 0.531796 0.084310 0.468920 0.135167 0.594671 480.000000 640.000000
14 0.280423 0.447468 0.255882 0.383038 0.304965 0.511897 480.000000 640.000000
8 0.988248 0.450239 0.975984 0.388587 1.000513 0.511891 480.000000 640.000000
7 0.450454 0.441449 0.435816 0.385669 0.465093 0.497229 480.000000 640.000000
10 0.757920 0.572304 0.736500 0.504319 0.779341 0.640289 480.000000 640.000000
29 0.700228 0.505401 0.687317 0.444648 0.713138 0.566153 480.000000 640.000000
41 0.016439 0.633416 -0.000216 0.567354 0.033094 0.699478 480.000000 640.000000
42 0.277930 0.436111 0.259505 0.382292 0.296354 0.489931 480.000000 640.000000
