1 0.904513 0.568758 0.883115 0.498845 0.925911 0.638670 480.000000 640.000000
4 0.371198 0.447636 0.347706 0.385637 0.394691 0.509635 480.000000 640.000000
5 0.058393 0.621476 0.034250 0.550554 0.082536 0.692399 480.000000 640.000000
6 0.056022 0.490941 0.031938 0.423603 0.080106 0.558279 480.000000 640.000000
8 0.805592 0.461876 0.781636 0.401879 0.829547 0.521873 480.000000 640.000000
10 0.601210 0.573641 0.580726 0.502941 0.621693 0.644341 480.000000 640.000000
12 0.310788 0.525511 0.286501 0.458924 0.335075 0.592098 480.000000 640.000000
7 0.277724 0.437735 0.264532 0.384509 0.290916 0.490962 480.000000 640.000000
14 0.487519 0.438969 0.467452 0.376181 0.507586 0.501756 480.000000 640.000000
15 0.869742 0.516717 0.842770 0.449262 0.896713 0.584171 480.000000 640.000000
22 0.885417 0.484722 0.872917 0.431250 0.897917 0.538194 480.000000 640.000000
