1 0.809860 0.573049 0.783351 0.503565 0.836368 0.642533 480.000000 640.000000
2 0.090107 0.557421 0.059574 0.489991 0.120639 0.624852 480.000000 640.000000
3 0.029009 0.524994 0.005598 0.461896 0.052420 0.588092 480.000000 640.000000
4 0.488286 0.438959 0.464747 0.377074 0.511825 0.500845 480.000000 640.000000
5 0.173835 0.631764 0.148220 0.563320 0.199450 0.700207 480.000000 640.000000
6 0.186086 0.493179 0.160632 0.426554 0.211540 0.559805 480.000000 640.000000
7 0.186480 0.429112 0.165581 0.385575 0.207379 0.472648 480.000000 640.000000
8 0.688514 0.458696 0.662128 0.398389 0.714900 0.519003 480.000000 640.000000
10 0.505464 0.571309 0.481177 0.500382 0.529751 0.642236 480.000000 640.000000
12 0.434336 0.519904 0.414659 0.450889 0.454014 0.588918 480.000000 640.000000
14 0.613728 0.435543 0.598808 0.370973 0.628647 0.500114 480.000000 640.000000
15 0.983099 0.500560 0.966093 0.421494 1.000106 0.579626 480.000000 640.000000
