1 0.807340 0.572719 0.782042 0.503231 0.832639 0.642206 480.000000 640.000000
2 0.091546 0.557111 0.058821 0.490222 0.124271 0.623999 480.000000 640.000000
3 0.030678 0.524800 0.008544 0.461689 0.052813 0.587912 480.000000 640.000000
4 0.492315 0.440402 0.467853 0.379678 0.516777 0.501126 480.000000 640.000000
5 0.176654 0.631988 0.149188 0.563368 0.204120 0.700608 480.000000 640.000000
6 0.189170 0.494743 0.164417 0.429526 0.213924 0.559960 480.000000 640.000000
7 0.177201 0.435021 0.161098 0.385989 0.193303 0.484052 480.000000 640.000000
8 0.687012 0.459020 0.661570 0.399060 0.712453 0.518979 480.000000 640.000000
10 0.503998 0.571127 0.480633 0.500806 0.527363 0.641448 480.000000 640.000000
12 0.438191 0.521970 0.420781 0.455955 0.455600 0.587986 480.000000 640.000000
14 0.615519 0.437209 0.599849 0.373743 0.631189 0.500676 480.000000 640.000000
15 0.985302 0.497989 0.970537 0.424007 1.000068 0.571970 480.000000 640.000000
