3 0.113901 0.500654 0.087830 0.435964 0.139973 0.565344 480.000000 640.000000
7 0.558221 0.467219 0.539222 0.406660 0.577220 0.527779 480.000000 640.000000
1 0.773678 0.500806 0.757405 0.437912 0.789952 0.563701 480.000000 640.000000
15 0.815193 0.453140 0.799995 0.392760 0.830391 0.513521 480.000000 640.000000
16 0.883466 0.467224 0.861415 0.408700 0.905518 0.525748 480.000000 640.000000
5 0.365316 0.521759 0.349895 0.456444 0.380737 0.587073 480.000000 640.000000
11 0.448659 0.469060 0.428535 0.410867 0.468783 0.527253 480.000000 640.000000
17 0.044728 0.618025 0.017664 0.552373 0.071791 0.683677 480.000000 640.000000
19 0.631599 0.455878 0.612766 0.387394 0.650431 0.524361 480.000000 640.000000
20 0.975145 0.529660 0.950385 0.468656 0.999904 0.590665 480.000000 640.000000
