3 0.166690 0.499971 0.136299 0.436352 0.197082 0.563591 480.000000 640.000000
7 0.601853 0.464047 0.583970 0.394646 0.619736 0.533448 480.000000 640.000000
1 0.819020 0.500114 0.803797 0.437857 0.834242 0.562370 480.000000 640.000000
15 0.862204 0.453169 0.845268 0.390420 0.879140 0.515918 480.000000 640.000000
16 0.919479 0.469700 0.896913 0.412429 0.942045 0.526971 480.000000 640.000000
5 0.407826 0.522012 0.391761 0.459072 0.423892 0.584952 480.000000 640.000000
11 0.479455 0.469774 0.460414 0.414258 0.498496 0.525289 480.000000 640.000000
9 0.588759 0.447060 0.574196 0.381401 0.603321 0.512718 480.000000 640.000000
17 0.010668 0.648000 -0.000186 0.612324 0.021522 0.683676 480.000000 640.000000
18 0.819272 0.473981 0.802605 0.384464 0.835939 0.563498 480.000000 640.000000
