3 0.012064 0.501219 -0.000851 0.436350 0.024979 0.566089 480.000000 640.000000
7 0.485464 0.474391 0.467703 0.411077 0.503225 0.537705 480.000000 640.000000
15 0.724063 0.455803 0.708996 0.396905 0.739130 0.514700 480.000000 640.000000
16 0.811159 0.462209 0.794110 0.405579 0.828208 0.518838 480.000000 640.000000
5 0.280964 0.527357 0.263224 0.464226 0.298704 0.590487 480.000000 640.000000
11 0.392936 0.466887 0.373577 0.406626 0.412295 0.527149 480.000000 640.000000
17 0.150359 0.614300 0.131014 0.548909 0.169705 0.679692 480.000000 640.000000
19 0.707916 0.475568 0.691061 0.406019 0.724772 0.545118 480.000000 640.000000
20 0.895073 0.532707 0.871246 0.471560 0.918901 0.593854 480.000000 640.000000
21 0.935252 0.471461 0.916215 0.408699 0.954290 0.534223 480.000000 640.000000
1 0.679255 0.504355 0.655983 0.443247 0.702526 0.565463 480.000000 640.000000
