7 0.440623 0.478976 0.424611 0.413814 0.456636 0.544139 480.000000 640.000000
15 0.749457 0.487039 0.724147 0.420903 0.774766 0.553175 480.000000 640.000000
16 0.768278 0.459574 0.756119 0.402711 0.780436 0.516438 480.000000 640.000000
5 0.236716 0.526451 0.213919 0.461520 0.259512 0.591381 480.000000 640.000000
11 0.362105 0.469489 0.340473 0.409544 0.383736 0.529434 480.000000 640.000000
17 0.203205 0.611004 0.187348 0.544776 0.219062 0.677232 480.000000 640.000000
20 0.847781 0.533587 0.828742 0.472965 0.866821 0.594209 480.000000 640.000000
21 0.892944 0.464849 0.877619 0.401071 0.908268 0.528627 480.000000 640.000000
1 0.627393 0.505147 0.601021 0.444510 0.653765 0.565784 480.000000 640.000000
28 0.666239 0.457657 0.647599 0.398775 0.684879 0.516540 480.000000 640.000000
29 0.974786 0.487684 0.951993 0.424036 0.997580 0.551332 480.000000 640.000000
25 0.034949 0.596114 0.013089 0.533100 0.056809 0.659129 480.000000 640.000000
