3 0.074491 0.502421 0.043613 0.437762 0.105370 0.567079 480.000000 640.000000
7 0.534391 0.473092 0.508302 0.408620 0.560479 0.537565 480.000000 640.000000
1 0.745893 0.502034 0.725446 0.439353 0.766341 0.564715 480.000000 640.000000
15 0.782711 0.461796 0.765472 0.407666 0.799950 0.515926 480.000000 640.000000
16 0.854689 0.466379 0.834176 0.408640 0.875203 0.524117 480.000000 640.000000
5 0.339581 0.523597 0.319890 0.459445 0.359272 0.587749 480.000000 640.000000
11 0.429799 0.468497 0.415727 0.409038 0.443871 0.527956 480.000000 640.000000
17 0.085953 0.618754 0.055226 0.554195 0.116680 0.683313 480.000000 640.000000
19 0.654375 0.464634 0.638964 0.397593 0.669786 0.531676 480.000000 640.000000
20 0.946833 0.530001 0.926586 0.469620 0.967079 0.590381 480.000000 640.000000
21 0.982222 0.474566 0.964657 0.413886 0.999786 0.535246 480.000000 640.000000
