3 0.010362 0.501929 -0.000551 0.437447 0.021275 0.566410 480.000000 640.000000
7 0.480604 0.473849 0.465862 0.410857 0.495346 0.536841 480.000000 640.000000
15 0.716230 0.461659 0.698383 0.398574 0.734077 0.524744 480.000000 640.000000
16 0.809260 0.461724 0.793216 0.405119 0.825304 0.518329 480.000000 640.000000
5 0.277890 0.526286 0.258018 0.462177 0.297763 0.590395 480.000000 640.000000
11 0.391230 0.467888 0.370785 0.408194 0.411674 0.527582 480.000000 640.000000
17 0.152100 0.613274 0.134558 0.547937 0.169642 0.678610 480.000000 640.000000
19 0.711852 0.453202 0.695164 0.400912 0.728540 0.505493 480.000000 640.000000
20 0.892961 0.532733 0.871667 0.471588 0.914255 0.593879 480.000000 640.000000
21 0.933949 0.470065 0.917061 0.406286 0.950837 0.533845 480.000000 640.000000
1 0.675387 0.504725 0.650164 0.444533 0.700610 0.564917 480.000000 640.000000
24 0.007389 0.625694 0.000098 0.600347 0.014681 0.651042 480.000000 640.000000
