7 0.370055 0.483993 0.344936 0.418301 0.395175 0.549685 480.000000 640.000000
11 0.314097 0.465018 0.300968 0.404215 0.327226 0.525822 480.000000 640.000000
17 0.295505 0.609439 0.276415 0.542881 0.314594 0.675998 480.000000 640.000000
20 0.770852 0.535167 0.749152 0.473818 0.792551 0.596517 480.000000 640.000000
21 0.825632 0.448311 0.811412 0.402292 0.839853 0.494330 480.000000 640.000000
1 0.548903 0.504690 0.530026 0.441930 0.567780 0.567449 480.000000 640.000000
28 0.584889 0.455848 0.568686 0.394623 0.601091 0.517072 480.000000 640.000000
29 0.897239 0.485582 0.883289 0.421185 0.911190 0.549979 480.000000 640.000000
25 0.101761 0.596282 0.083800 0.532957 0.119722 0.659606 480.000000 640.000000
16 0.704660 0.459546 0.690266 0.401847 0.719055 0.517244 480.000000 640.000000
5 0.157706 0.531093 0.134646 0.466974 0.180765 0.595212 480.000000 640.000000
15 0.817936 0.503442 0.796231 0.433360 0.839640 0.573524 480.000000 640.000000
