7 0.443615 0.477450 0.426265 0.414358 0.460965 0.540542 480.000000 640.000000
15 0.747625 0.485467 0.724066 0.418363 0.771184 0.552571 480.000000 640.000000
16 0.771950 0.460773 0.757668 0.403444 0.786233 0.518101 480.000000 640.000000
5 0.237951 0.521490 0.215863 0.451556 0.260039 0.591424 480.000000 640.000000
11 0.363789 0.469532 0.343027 0.409852 0.384552 0.529212 480.000000 640.000000
17 0.200836 0.611863 0.184071 0.544625 0.217600 0.679101 480.000000 640.000000
20 0.850170 0.534026 0.828330 0.473565 0.872010 0.594488 480.000000 640.000000
21 0.894673 0.467031 0.878192 0.402307 0.911154 0.531754 480.000000 640.000000
1 0.629832 0.504443 0.605208 0.443414 0.654457 0.565472 480.000000 640.000000
28 0.669334 0.458263 0.648598 0.400041 0.690071 0.516485 480.000000 640.000000
29 0.979286 0.487217 0.959765 0.423124 0.998807 0.551311 480.000000 640.000000
25 0.031943 0.595901 0.011399 0.532062 0.052487 0.659740 480.000000 640.000000
