7 0.372629 0.484115 0.345332 0.418692 0.399926 0.549538 480.000000 640.000000
11 0.319129 0.465530 0.306175 0.405881 0.332083 0.525179 480.000000 640.000000
17 0.289344 0.610777 0.264148 0.544964 0.314540 0.676590 480.000000 640.000000
20 0.775425 0.536926 0.749446 0.476707 0.801404 0.597144 480.000000 640.000000
21 0.834187 0.463415 0.814865 0.402035 0.853510 0.524794 480.000000 640.000000
1 0.557349 0.504093 0.544085 0.441251 0.570614 0.566934 480.000000 640.000000
28 0.590547 0.457935 0.569333 0.398680 0.611760 0.517191 480.000000 640.000000
29 0.904921 0.486253 0.887905 0.422615 0.921937 0.549890 480.000000 640.000000
25 0.094757 0.594424 0.079366 0.532208 0.110148 0.656639 480.000000 640.000000
16 0.710354 0.460272 0.691345 0.401506 0.729363 0.519039 480.000000 640.000000
5 0.164178 0.531156 0.145920 0.466211 0.182437 0.596101 480.000000 640.000000
15 0.807803 0.499937 0.792741 0.426596 0.822865 0.573278 480.000000 640.000000
