7 0.371542 0.484360 0.344938 0.419244 0.398145 0.549476 480.000000 640.000000
11 0.315690 0.465315 0.303612 0.405162 0.327768 0.525468 480.000000 640.000000
17 0.292392 0.609784 0.270338 0.543596 0.314447 0.675973 480.000000 640.000000
20 0.773250 0.537156 0.749090 0.476118 0.797409 0.598194 480.000000 640.000000
21 0.830267 0.459854 0.814092 0.402583 0.846441 0.517125 480.000000 640.000000
1 0.553061 0.504359 0.537604 0.441247 0.568518 0.567470 480.000000 640.000000
28 0.587588 0.456426 0.568966 0.396406 0.606210 0.516447 480.000000 640.000000
29 0.900988 0.485945 0.886352 0.422087 0.915624 0.549803 480.000000 640.000000
25 0.097385 0.595246 0.081859 0.532395 0.112912 0.658098 480.000000 640.000000
16 0.707674 0.459920 0.691229 0.401591 0.724119 0.518249 480.000000 640.000000
5 0.160438 0.530763 0.139720 0.466412 0.181156 0.595115 480.000000 640.000000
15 0.809917 0.502471 0.794564 0.431858 0.825270 0.573084 480.000000 640.000000
31 0.823438 0.502778 0.796354 0.434375 0.850521 0.571181 480.000000 640.000000
