7 0.422294 0.480663 0.399846 0.415759 0.444742 0.545568 480.000000 640.000000
15 0.755677 0.484678 0.731121 0.410488 0.780233 0.558869 480.000000 640.000000
11 0.355630 0.466869 0.336706 0.405668 0.374553 0.528069 480.000000 640.000000
17 0.229544 0.613120 0.200540 0.548094 0.258547 0.678146 480.000000 640.000000
20 0.827276 0.533390 0.809213 0.469441 0.845340 0.597340 480.000000 640.000000
21 0.873926 0.465086 0.851528 0.401007 0.896324 0.529165 480.000000 640.000000
1 0.618127 0.505459 0.594843 0.443214 0.641411 0.567704 480.000000 640.000000
28 0.649438 0.455987 0.632485 0.395456 0.666392 0.516518 480.000000 640.000000
29 0.962172 0.488406 0.932511 0.425283 0.991833 0.551529 480.000000 640.000000
25 0.044981 0.596607 0.023473 0.532729 0.066489 0.660485 480.000000 640.000000
30 0.228347 0.572279 0.199083 0.466932 0.257611 0.677625 480.000000 640.000000
