7 0.467269 0.478871 0.451496 0.413632 0.483042 0.544109 480.000000 640.000000
15 0.713156 0.480383 0.689337 0.408973 0.736975 0.551793 480.000000 640.000000
16 0.791696 0.460826 0.777880 0.403976 0.805511 0.517677 480.000000 640.000000
5 0.269366 0.527222 0.245475 0.465909 0.293257 0.588535 480.000000 640.000000
11 0.387372 0.469236 0.368317 0.409580 0.406428 0.528891 480.000000 640.000000
17 0.174235 0.613547 0.150051 0.547785 0.198419 0.679310 480.000000 640.000000
20 0.877863 0.530735 0.863256 0.468468 0.892470 0.593001 480.000000 640.000000
21 0.919632 0.469492 0.900181 0.406656 0.939083 0.532328 480.000000 640.000000
1 0.666341 0.506441 0.638286 0.446514 0.694396 0.566369 480.000000 640.000000
25 0.014719 0.559966 0.000094 0.464860 0.029344 0.655071 480.000000 640.000000
28 0.701042 0.460417 0.686458 0.394444 0.715625 0.526389 480.000000 640.000000
29 0.989583 0.492708 0.979167 0.433681 1.000000 0.551736 480.000000 640.000000
