7 0.471715 0.477286 0.458730 0.411292 0.484700 0.543279 480.000000 640.000000
15 0.708676 0.474028 0.682150 0.397596 0.735202 0.550461 480.000000 640.000000
16 0.798270 0.460214 0.786756 0.402656 0.809784 0.517772 480.000000 640.000000
5 0.273031 0.527684 0.248323 0.465380 0.297739 0.589989 480.000000 640.000000
11 0.388939 0.469127 0.368267 0.409800 0.409611 0.528454 480.000000 640.000000
17 0.163782 0.612502 0.144228 0.546583 0.183336 0.678420 480.000000 640.000000
20 0.884648 0.530946 0.870031 0.469333 0.899265 0.592559 480.000000 640.000000
21 0.928240 0.468999 0.911726 0.405703 0.944755 0.532295 480.000000 640.000000
1 0.669205 0.506647 0.640481 0.447722 0.697929 0.565572 480.000000 640.000000
25 0.013072 0.558031 0.000008 0.462619 0.026136 0.653443 480.000000 640.000000
