7 0.399169 0.477894 0.384371 0.414061 0.413968 0.541726 480.000000 640.000000
15 0.781703 0.495981 0.763102 0.431767 0.800304 0.560195 480.000000 640.000000
11 0.336002 0.465649 0.313279 0.406277 0.358725 0.525020 480.000000 640.000000
17 0.254111 0.609618 0.236811 0.544978 0.271411 0.674258 480.000000 640.000000
20 0.803333 0.532000 0.787448 0.466691 0.819219 0.597309 480.000000 640.000000
21 0.853370 0.463691 0.837030 0.400195 0.869710 0.527186 480.000000 640.000000
1 0.584157 0.505050 0.556999 0.442944 0.611315 0.567156 480.000000 640.000000
28 0.619967 0.456668 0.602884 0.397048 0.637051 0.516287 480.000000 640.000000
29 0.929842 0.487087 0.908928 0.424044 0.950756 0.550130 480.000000 640.000000
25 0.073364 0.596588 0.051189 0.533384 0.095538 0.659793 480.000000 640.000000
16 0.731397 0.459910 0.720041 0.401929 0.742752 0.517891 480.000000 640.000000
5 0.194458 0.530659 0.168906 0.468111 0.220009 0.593207 480.000000 640.000000
