7 0.410642 0.482327 0.383926 0.417335 0.437359 0.547319 480.000000 640.000000
15 0.773516 0.493267 0.757884 0.423970 0.789148 0.562564 480.000000 640.000000
11 0.343767 0.462767 0.331186 0.402990 0.356347 0.522545 480.000000 640.000000
17 0.241902 0.612510 0.217991 0.547639 0.265813 0.677382 480.000000 640.000000
20 0.814468 0.536055 0.789954 0.474631 0.838983 0.597478 480.000000 640.000000
21 0.862978 0.466249 0.837318 0.403362 0.888638 0.529137 480.000000 640.000000
1 0.597651 0.503972 0.581794 0.440634 0.613507 0.567311 480.000000 640.000000
28 0.631330 0.458100 0.607521 0.398396 0.655140 0.517804 480.000000 640.000000
29 0.945145 0.487522 0.930871 0.425946 0.959420 0.549098 480.000000 640.000000
25 0.060833 0.595811 0.044638 0.532413 0.077029 0.659210 480.000000 640.000000
16 0.737223 0.459971 0.723399 0.402019 0.751048 0.517923 480.000000 640.000000
5 0.204733 0.530301 0.187046 0.465678 0.222420 0.594924 480.000000 640.000000
