3 0.127267 0.499298 0.100144 0.435057 0.154391 0.563538 480.000000 640.000000
7 0.575087 0.469202 0.551798 0.409294 0.598375 0.529109 480.000000 640.000000
1 0.791470 0.504155 0.768214 0.442553 0.814726 0.565758 480.000000 640.000000
15 0.826281 0.451030 0.805685 0.390022 0.846876 0.512039 480.000000 640.000000
16 0.893420 0.468388 0.877937 0.409829 0.908902 0.526947 480.000000 640.000000
5 0.380551 0.522649 0.358693 0.459269 0.402409 0.586028 480.000000 640.000000
11 0.460533 0.466265 0.447871 0.407177 0.473195 0.525354 480.000000 640.000000
17 0.029618 0.616337 0.003327 0.548928 0.055909 0.683747 480.000000 640.000000
19 0.617850 0.450775 0.602815 0.384426 0.632884 0.517123 480.000000 640.000000
20 0.987500 0.514236 0.975000 0.438194 1.000000 0.590278 480.000000 640.000000
