3 0.090891 0.499869 0.072004 0.434073 0.109777 0.565666 480.000000 640.000000
7 0.540768 0.472521 0.518411 0.407825 0.563125 0.537217 480.000000 640.000000
1 0.754591 0.503269 0.725152 0.442058 0.784031 0.564480 480.000000 640.000000
15 0.791035 0.454621 0.767519 0.393423 0.814551 0.515818 480.000000 640.000000
16 0.868754 0.466374 0.853577 0.408145 0.883931 0.524603 480.000000 640.000000
5 0.347027 0.522178 0.323220 0.456801 0.370833 0.587555 480.000000 640.000000
11 0.440562 0.468607 0.424052 0.409978 0.457071 0.527236 480.000000 640.000000
17 0.069317 0.616601 0.048188 0.549853 0.090447 0.683348 480.000000 640.000000
19 0.644596 0.463842 0.626413 0.398308 0.662778 0.529376 480.000000 640.000000
20 0.961730 0.529530 0.947312 0.468750 0.976149 0.590309 480.000000 640.000000
21 0.987615 0.479128 0.975635 0.422516 0.999596 0.535741 480.000000 640.000000
