7 0.460568 0.480011 0.438439 0.413063 0.482697 0.546960 480.000000 640.000000
15 0.719495 0.484142 0.700378 0.416435 0.738611 0.551849 480.000000 640.000000
16 0.786626 0.461089 0.767170 0.403789 0.806083 0.518389 480.000000 640.000000
5 0.265193 0.526867 0.245818 0.464497 0.284567 0.589237 480.000000 640.000000
11 0.383888 0.468698 0.367773 0.409452 0.400002 0.527945 480.000000 640.000000
17 0.182087 0.614057 0.153160 0.548723 0.211014 0.679390 480.000000 640.000000
20 0.870984 0.531475 0.854060 0.469518 0.887908 0.593433 480.000000 640.000000
21 0.913771 0.469513 0.891105 0.407203 0.936436 0.531823 480.000000 640.000000
1 0.662758 0.506111 0.638417 0.446488 0.687100 0.565735 480.000000 640.000000
28 0.698132 0.459363 0.683882 0.395602 0.712381 0.523124 480.000000 640.000000
29 0.989221 0.492828 0.978704 0.434146 0.999737 0.551509 480.000000 640.000000
25 0.015398 0.588877 0.000176 0.522261 0.030620 0.655492 480.000000 640.000000
