3 0.014835 0.502777 -0.001336 0.438104 0.031006 0.567451 480.000000 640.000000
7 0.489986 0.475766 0.468550 0.412210 0.511423 0.539323 480.000000 640.000000
15 0.724596 0.454923 0.709515 0.396138 0.739677 0.513708 480.000000 640.000000
16 0.813634 0.462315 0.793995 0.405622 0.833273 0.519008 480.000000 640.000000
5 0.284482 0.525792 0.268568 0.462220 0.300395 0.589363 480.000000 640.000000
11 0.394462 0.465998 0.376218 0.404868 0.412705 0.527128 480.000000 640.000000
17 0.147439 0.614442 0.125264 0.549513 0.169614 0.679371 480.000000 640.000000
19 0.703083 0.479573 0.686867 0.407939 0.719299 0.551207 480.000000 640.000000
20 0.897202 0.532075 0.871436 0.470341 0.922968 0.593808 480.000000 640.000000
21 0.938198 0.473450 0.916242 0.412197 0.960153 0.534704 480.000000 640.000000
1 0.683487 0.504623 0.663868 0.443538 0.703105 0.565709 480.000000 640.000000
