7 0.450134 0.480690 0.428104 0.415551 0.472163 0.545830 480.000000 640.000000
15 0.741086 0.484710 0.722365 0.417169 0.759808 0.552250 480.000000 640.000000
16 0.776491 0.461223 0.758162 0.403882 0.794820 0.518564 480.000000 640.000000
5 0.243465 0.518289 0.225717 0.443863 0.261212 0.592715 480.000000 640.000000
11 0.367727 0.469056 0.349873 0.409753 0.385582 0.528359 480.000000 640.000000
17 0.195744 0.612676 0.172943 0.546754 0.218545 0.678598 480.000000 640.000000
20 0.854468 0.534789 0.827668 0.472895 0.881267 0.596683 480.000000 640.000000
21 0.899539 0.468504 0.878286 0.404287 0.920792 0.532722 480.000000 640.000000
1 0.637816 0.503690 0.619820 0.441771 0.655811 0.565608 480.000000 640.000000
28 0.674801 0.457260 0.650944 0.399881 0.698658 0.514639 480.000000 640.000000
29 0.986041 0.486877 0.972217 0.422260 0.999865 0.551494 480.000000 640.000000
25 0.023687 0.595030 0.007629 0.530380 0.039745 0.659680 480.000000 640.000000
