7 0.374998 0.483363 0.348747 0.417164 0.401249 0.549561 480.000000 640.000000
11 0.324189 0.466106 0.308383 0.405238 0.339996 0.526975 480.000000 640.000000
17 0.283716 0.612679 0.253472 0.547047 0.313960 0.678311 480.000000 640.000000
20 0.778433 0.538312 0.751246 0.479201 0.805620 0.597422 480.000000 640.000000
21 0.835284 0.464501 0.815336 0.403245 0.855232 0.525756 480.000000 640.000000
1 0.563978 0.503493 0.549594 0.441665 0.578363 0.565322 480.000000 640.000000
28 0.595798 0.456685 0.572531 0.398101 0.619065 0.515269 480.000000 640.000000
29 0.910954 0.487466 0.887402 0.424140 0.934507 0.550792 480.000000 640.000000
25 0.090354 0.594521 0.075159 0.532948 0.105549 0.656094 480.000000 640.000000
16 0.713304 0.461296 0.690708 0.404253 0.735900 0.518340 480.000000 640.000000
5 0.170025 0.530473 0.154526 0.465866 0.185523 0.595080 480.000000 640.000000
15 0.805910 0.503711 0.790997 0.434102 0.820824 0.573320 480.000000 640.000000
