7 0.428945 0.478287 0.413014 0.412979 0.444877 0.543594 480.000000 640.000000
15 0.754577 0.481217 0.726661 0.405045 0.782494 0.557390 480.000000 640.000000
11 0.358220 0.468657 0.336400 0.408293 0.380041 0.529022 480.000000 640.000000
17 0.224381 0.613458 0.198820 0.546691 0.249942 0.680226 480.000000 640.000000
20 0.835714 0.533928 0.821917 0.471398 0.849511 0.596457 480.000000 640.000000
21 0.880178 0.464148 0.860348 0.400061 0.900008 0.528235 480.000000 640.000000
1 0.622728 0.506159 0.595467 0.445023 0.649990 0.567296 480.000000 640.000000
28 0.656948 0.454495 0.643544 0.392876 0.670351 0.516114 480.000000 640.000000
29 0.964582 0.488689 0.934335 0.425834 0.994829 0.551543 480.000000 640.000000
25 0.041325 0.596823 0.017658 0.533372 0.064991 0.660274 480.000000 640.000000
30 0.224492 0.578854 0.197801 0.477918 0.251183 0.679791 480.000000 640.000000
