7 0.412672 0.482777 0.384990 0.418284 0.440354 0.547270 480.000000 640.000000
15 0.771399 0.490975 0.755171 0.423216 0.787627 0.558733 480.000000 640.000000
11 0.346986 0.462988 0.332448 0.401276 0.361523 0.524700 480.000000 640.000000
17 0.238585 0.613229 0.211483 0.548408 0.265687 0.678049 480.000000 640.000000
20 0.816159 0.538940 0.790373 0.480840 0.841945 0.597040 480.000000 640.000000
21 0.865288 0.466660 0.838941 0.403685 0.891636 0.529635 480.000000 640.000000
1 0.601464 0.503686 0.586888 0.441499 0.616041 0.565872 480.000000 640.000000
28 0.635294 0.458060 0.611527 0.398324 0.659061 0.517795 480.000000 640.000000
29 0.949564 0.488876 0.932577 0.428289 0.966551 0.549463 480.000000 640.000000
25 0.058626 0.595489 0.042255 0.531746 0.074997 0.659232 480.000000 640.000000
16 0.738347 0.460400 0.723394 0.403175 0.753300 0.517626 480.000000 640.000000
5 0.208556 0.529453 0.192520 0.465267 0.224593 0.593639 480.000000 640.000000
