7 0.475948 0.473604 0.462720 0.409815 0.489176 0.537394 480.000000 640.000000
15 0.712166 0.469577 0.690748 0.397568 0.733584 0.541587 480.000000 640.000000
16 0.804767 0.461487 0.791219 0.404665 0.818315 0.518310 480.000000 640.000000
5 0.275794 0.526983 0.253408 0.462969 0.298181 0.590996 480.000000 640.000000
11 0.390186 0.468222 0.368992 0.408976 0.411380 0.527468 480.000000 640.000000
17 0.155401 0.613309 0.138326 0.547770 0.172475 0.678848 480.000000 640.000000
20 0.890586 0.532219 0.870980 0.470851 0.910193 0.593587 480.000000 640.000000
21 0.932550 0.469483 0.916735 0.405552 0.948365 0.533414 480.000000 640.000000
1 0.672337 0.505271 0.645347 0.445194 0.699327 0.565348 480.000000 640.000000
25 0.011117 0.553819 0.000000 0.454861 0.022233 0.652778 480.000000 640.000000
