3 0.063457 0.502798 0.040331 0.438475 0.086584 0.567120 480.000000 640.000000
7 0.524994 0.473022 0.505883 0.407973 0.544105 0.538071 480.000000 640.000000
1 0.728970 0.501467 0.713043 0.437543 0.744898 0.565392 480.000000 640.000000
15 0.766677 0.454210 0.749111 0.392788 0.784242 0.515632 480.000000 640.000000
16 0.847738 0.465341 0.825589 0.408779 0.869888 0.521904 480.000000 640.000000
5 0.324736 0.526528 0.309597 0.463365 0.339875 0.589690 480.000000 640.000000
11 0.421582 0.469119 0.401047 0.410465 0.442118 0.527772 480.000000 640.000000
17 0.096150 0.617511 0.069537 0.550051 0.122763 0.684971 480.000000 640.000000
19 0.668996 0.466310 0.646464 0.400308 0.691528 0.532311 480.000000 640.000000
20 0.936721 0.531137 0.909840 0.470689 0.963602 0.591586 480.000000 640.000000
21 0.979348 0.472394 0.961515 0.409985 0.997182 0.534803 480.000000 640.000000
