7 0.387149 0.480352 0.370384 0.415169 0.403915 0.545536 480.000000 640.000000
11 0.329373 0.466164 0.308742 0.406625 0.350005 0.525704 480.000000 640.000000
17 0.276752 0.611752 0.247695 0.546959 0.305809 0.676544 480.000000 640.000000
20 0.788465 0.515461 0.767175 0.434198 0.809755 0.596724 480.000000 640.000000
21 0.839882 0.462482 0.821820 0.399885 0.857943 0.525079 480.000000 640.000000
1 0.576596 0.505462 0.550154 0.443592 0.603038 0.567331 480.000000 640.000000
28 0.605083 0.455198 0.587080 0.394221 0.623086 0.516175 480.000000 640.000000
29 0.917900 0.487678 0.887959 0.425547 0.947842 0.549809 480.000000 640.000000
25 0.079440 0.597590 0.057078 0.533423 0.101801 0.661757 480.000000 640.000000
16 0.718444 0.461705 0.697600 0.405408 0.739288 0.518003 480.000000 640.000000
5 0.185252 0.529999 0.169545 0.467975 0.200960 0.592023 480.000000 640.000000
