3 0.031328 0.502867 0.004383 0.439335 0.058274 0.566399 480.000000 640.000000
7 0.502569 0.476452 0.480541 0.412807 0.524598 0.540098 480.000000 640.000000
1 0.708321 0.504965 0.681339 0.443875 0.735303 0.566055 480.000000 640.000000
15 0.744532 0.457389 0.725357 0.396865 0.763708 0.517914 480.000000 640.000000
16 0.826634 0.461035 0.811900 0.403710 0.841369 0.518360 480.000000 640.000000
5 0.306682 0.528019 0.283433 0.465410 0.329930 0.590627 480.000000 640.000000
11 0.413291 0.468682 0.395319 0.407143 0.431262 0.530220 480.000000 640.000000
17 0.126779 0.614797 0.102587 0.548894 0.150972 0.680700 480.000000 640.000000
19 0.679784 0.472307 0.657538 0.405397 0.702030 0.539218 480.000000 640.000000
20 0.917929 0.529859 0.903710 0.467194 0.932148 0.592524 480.000000 640.000000
21 0.954496 0.472630 0.930749 0.408790 0.978244 0.536471 480.000000 640.000000
23 0.686979 0.451736 0.673438 0.404514 0.700521 0.498958 480.000000 640.000000
