3 0.110618 0.499847 0.087305 0.434986 0.133932 0.564707 480.000000 640.000000
7 0.556434 0.465206 0.537989 0.402226 0.574879 0.528186 480.000000 640.000000
1 0.768809 0.501169 0.749602 0.438263 0.788015 0.564075 480.000000 640.000000
15 0.812222 0.451323 0.796815 0.391159 0.827629 0.511487 480.000000 640.000000
16 0.882250 0.467290 0.861470 0.408859 0.903030 0.525720 480.000000 640.000000
5 0.362579 0.521628 0.346720 0.456280 0.378439 0.586976 480.000000 640.000000
11 0.447473 0.469395 0.426905 0.411557 0.468041 0.527233 480.000000 640.000000
17 0.047997 0.617646 0.024376 0.552027 0.071618 0.683265 480.000000 640.000000
19 0.633998 0.457904 0.613144 0.389842 0.654852 0.525967 480.000000 640.000000
20 0.974881 0.529760 0.950142 0.469138 0.999619 0.590381 480.000000 640.000000
