7 0.365937 0.483241 0.346982 0.417429 0.384893 0.549053 480.000000 640.000000
11 0.310867 0.464882 0.294882 0.405004 0.326852 0.524760 480.000000 640.000000
17 0.299429 0.608928 0.283490 0.542387 0.315368 0.675470 480.000000 640.000000
20 0.766010 0.534253 0.748979 0.472148 0.783042 0.596357 480.000000 640.000000
21 0.817456 0.450688 0.802450 0.399836 0.832461 0.501539 480.000000 640.000000
1 0.542027 0.505620 0.516960 0.443599 0.567094 0.567642 480.000000 640.000000
28 0.579955 0.454044 0.566088 0.391345 0.593822 0.516744 480.000000 640.000000
29 0.890042 0.486202 0.873242 0.421993 0.906842 0.550411 480.000000 640.000000
25 0.108200 0.596862 0.085922 0.534383 0.130478 0.659341 480.000000 640.000000
16 0.698219 0.459695 0.687362 0.402335 0.709076 0.517055 480.000000 640.000000
5 0.154537 0.531514 0.129728 0.466900 0.179347 0.596129 480.000000 640.000000
15 0.821761 0.505421 0.797185 0.436580 0.846338 0.574262 480.000000 640.000000
