3 0.026846 0.504100 -0.002137 0.440960 0.055829 0.567241 480.000000 640.000000
7 0.496287 0.475915 0.468992 0.412697 0.523582 0.539132 480.000000 640.000000
1 0.700398 0.504651 0.682932 0.443675 0.717863 0.565626 480.000000 640.000000
15 0.737726 0.454596 0.723930 0.393552 0.751522 0.515639 480.000000 640.000000
16 0.819641 0.461542 0.798356 0.404643 0.840925 0.518440 480.000000 640.000000
5 0.295633 0.528406 0.275518 0.466328 0.315747 0.590484 480.000000 640.000000
11 0.406670 0.464970 0.392192 0.405829 0.421147 0.524110 480.000000 640.000000
17 0.136265 0.615478 0.105481 0.551260 0.167050 0.679696 480.000000 640.000000
19 0.691257 0.471871 0.672904 0.406241 0.709610 0.537501 480.000000 640.000000
20 0.906820 0.531519 0.887165 0.470094 0.926475 0.592945 480.000000 640.000000
21 0.949461 0.473827 0.922348 0.410743 0.976575 0.536911 480.000000 640.000000
23 0.694482 0.440857 0.679818 0.405527 0.709146 0.476188 480.000000 640.000000
