7 0.430748 0.479787 0.416437 0.413816 0.445058 0.545758 480.000000 640.000000
15 0.753701 0.480651 0.725124 0.404524 0.782278 0.556778 480.000000 640.000000
5 0.230163 0.526071 0.205860 0.468579 0.254466 0.583564 480.000000 640.000000
11 0.359685 0.469009 0.337443 0.408182 0.381926 0.529836 480.000000 640.000000
17 0.220649 0.612643 0.196089 0.545148 0.245209 0.680138 480.000000 640.000000
20 0.838170 0.534339 0.824313 0.471862 0.852027 0.596817 480.000000 640.000000
21 0.883826 0.463821 0.865773 0.400063 0.901878 0.527580 480.000000 640.000000
1 0.623676 0.506502 0.595861 0.445949 0.651491 0.567055 480.000000 640.000000
28 0.660036 0.454717 0.645605 0.394147 0.674466 0.515286 480.000000 640.000000
29 0.966235 0.488602 0.937065 0.425245 0.995405 0.551960 480.000000 640.000000
25 0.039918 0.596868 0.015823 0.533642 0.064013 0.660094 480.000000 640.000000
30 0.225130 0.576042 0.195833 0.472569 0.254427 0.679514 480.000000 640.000000
