3 0.051779 0.501016 0.035524 0.435700 0.068033 0.566333 480.000000 640.000000
7 0.518706 0.477211 0.500984 0.414848 0.536427 0.539574 480.000000 640.000000
1 0.717519 0.503685 0.693247 0.440873 0.741791 0.566497 480.000000 640.000000
15 0.760606 0.454901 0.742427 0.395437 0.778785 0.514364 480.000000 640.000000
16 0.841431 0.463561 0.824452 0.405662 0.858410 0.521461 480.000000 640.000000
5 0.317131 0.526351 0.298247 0.464684 0.336016 0.588018 480.000000 640.000000
11 0.419075 0.469262 0.397501 0.410656 0.440649 0.527868 480.000000 640.000000
17 0.104882 0.613158 0.087407 0.547828 0.122356 0.678487 480.000000 640.000000
19 0.674356 0.467507 0.647539 0.402433 0.701174 0.532581 480.000000 640.000000
20 0.931747 0.533050 0.909055 0.475698 0.954438 0.590402 480.000000 640.000000
21 0.973930 0.471634 0.956854 0.406567 0.991006 0.536700 480.000000 640.000000
