7 0.402766 0.480279 0.383965 0.414627 0.421567 0.545930 480.000000 640.000000
15 0.781152 0.496915 0.762816 0.429155 0.799488 0.564676 480.000000 640.000000
11 0.335571 0.465143 0.316133 0.405689 0.355009 0.524597 480.000000 640.000000
17 0.250444 0.610480 0.234155 0.545074 0.266733 0.675887 480.000000 640.000000
20 0.807734 0.530630 0.790834 0.464346 0.824633 0.596914 480.000000 640.000000
21 0.856279 0.464918 0.837764 0.400922 0.874795 0.528915 480.000000 640.000000
1 0.586369 0.504861 0.561418 0.442233 0.611320 0.567489 480.000000 640.000000
28 0.622117 0.457536 0.602950 0.398039 0.641283 0.517032 480.000000 640.000000
29 0.934055 0.488480 0.916692 0.426423 0.951418 0.550537 480.000000 640.000000
25 0.071319 0.596553 0.050221 0.533311 0.092418 0.659795 480.000000 640.000000
16 0.733866 0.459793 0.721646 0.401847 0.746086 0.517738 480.000000 640.000000
5 0.196395 0.530023 0.171715 0.466902 0.221075 0.593144 480.000000 640.000000
