7 0.373841 0.483912 0.346940 0.418276 0.400742 0.549549 480.000000 640.000000
11 0.321743 0.465359 0.307247 0.405206 0.336239 0.525511 480.000000 640.000000
17 0.286226 0.611473 0.258276 0.546042 0.314176 0.676903 480.000000 640.000000
20 0.776922 0.537448 0.749860 0.477549 0.803983 0.597348 480.000000 640.000000
21 0.834697 0.463668 0.814456 0.402329 0.854939 0.525006 480.000000 640.000000
1 0.560566 0.503905 0.547066 0.441176 0.574066 0.566634 480.000000 640.000000
28 0.593159 0.457573 0.569907 0.398507 0.616411 0.516639 480.000000 640.000000
29 0.908011 0.487032 0.887376 0.423979 0.928647 0.550086 480.000000 640.000000
25 0.091827 0.595130 0.077354 0.532763 0.106301 0.657497 480.000000 640.000000
16 0.712096 0.460522 0.691055 0.402398 0.733137 0.518646 480.000000 640.000000
5 0.167086 0.530819 0.150506 0.466127 0.183665 0.595512 480.000000 640.000000
15 0.806615 0.504223 0.792398 0.434808 0.820831 0.573638 480.000000 640.000000
