3 0.018319 0.503338 -0.001699 0.439197 0.038336 0.567480 480.000000 640.000000
7 0.492022 0.476360 0.468004 0.412777 0.516039 0.539944 480.000000 640.000000
15 0.725018 0.455024 0.708231 0.395305 0.741805 0.514744 480.000000 640.000000
16 0.815040 0.462557 0.794106 0.406306 0.835974 0.518808 480.000000 640.000000
5 0.287383 0.523564 0.272168 0.458274 0.302598 0.588854 480.000000 640.000000
11 0.397271 0.464350 0.379730 0.402787 0.414812 0.525914 480.000000 640.000000
17 0.144316 0.614870 0.118931 0.550570 0.169701 0.679170 480.000000 640.000000
19 0.696115 0.485848 0.674938 0.406764 0.717292 0.564933 480.000000 640.000000
20 0.898777 0.532748 0.872448 0.471896 0.925106 0.593601 480.000000 640.000000
21 0.941730 0.473788 0.916859 0.412279 0.966602 0.535297 480.000000 640.000000
