7 0.417089 0.482055 0.389694 0.417154 0.444484 0.546956 480.000000 640.000000
15 0.760691 0.488594 0.740044 0.417728 0.781338 0.559460 480.000000 640.000000
11 0.352357 0.463947 0.336164 0.402378 0.368551 0.525516 480.000000 640.000000
17 0.232673 0.613416 0.202173 0.548627 0.263173 0.678205 480.000000 640.000000
20 0.820666 0.531322 0.797202 0.466210 0.844130 0.596433 480.000000 640.000000
21 0.869865 0.465989 0.844703 0.403695 0.895027 0.528282 480.000000 640.000000
1 0.612580 0.505272 0.594643 0.442342 0.630517 0.568202 480.000000 640.000000
28 0.641821 0.454583 0.622010 0.393472 0.661632 0.515695 480.000000 640.000000
29 0.958319 0.488043 0.931736 0.425238 0.984903 0.550848 480.000000 640.000000
25 0.049886 0.596343 0.032950 0.532419 0.066822 0.660267 480.000000 640.000000
16 0.742830 0.460929 0.725869 0.404619 0.759790 0.517239 480.000000 640.000000
5 0.216547 0.517421 0.201520 0.453164 0.231574 0.581679 480.000000 640.000000
