3 0.039403 0.500893 0.019517 0.435343 0.059289 0.566443 480.000000 640.000000
7 0.508512 0.472737 0.491972 0.408425 0.525053 0.537049 480.000000 640.000000
1 0.712340 0.504561 0.684740 0.443784 0.739940 0.565337 480.000000 640.000000
15 0.750696 0.457570 0.728051 0.398599 0.773340 0.516542 480.000000 640.000000
16 0.832280 0.461881 0.821354 0.404185 0.843207 0.519576 480.000000 640.000000
5 0.310865 0.527981 0.287469 0.465706 0.334260 0.590256 480.000000 640.000000
11 0.416592 0.470139 0.395698 0.409327 0.437487 0.530950 480.000000 640.000000
17 0.116032 0.614186 0.097285 0.546908 0.134779 0.681465 480.000000 640.000000
19 0.677516 0.468947 0.656207 0.403697 0.698825 0.534197 480.000000 640.000000
20 0.923766 0.530358 0.909077 0.470667 0.938455 0.590049 480.000000 640.000000
21 0.962165 0.471874 0.941845 0.407606 0.982485 0.536143 480.000000 640.000000
