7 0.382698 0.481852 0.361803 0.415450 0.403592 0.548253 480.000000 640.000000
11 0.328909 0.466279 0.308728 0.406874 0.349089 0.525684 480.000000 640.000000
17 0.278567 0.611987 0.248295 0.547584 0.308838 0.676390 480.000000 640.000000
20 0.785158 0.533769 0.762054 0.470716 0.808262 0.596822 480.000000 640.000000
21 0.836413 0.462649 0.816221 0.400370 0.856604 0.524928 480.000000 640.000000
1 0.573942 0.505079 0.550391 0.443266 0.597493 0.566892 480.000000 640.000000
28 0.602421 0.455380 0.582870 0.395193 0.621972 0.515567 480.000000 640.000000
29 0.917010 0.488473 0.887562 0.426563 0.946457 0.550383 480.000000 640.000000
25 0.081538 0.596474 0.060851 0.533833 0.102224 0.659114 480.000000 640.000000
16 0.716487 0.461823 0.694712 0.406066 0.738262 0.517580 480.000000 640.000000
5 0.180790 0.528998 0.167543 0.466890 0.194038 0.591107 480.000000 640.000000
15 0.797866 0.500936 0.782021 0.434126 0.813711 0.567745 480.000000 640.000000
