7 0.473491 0.476268 0.461065 0.411036 0.485917 0.541499 480.000000 640.000000
15 0.709890 0.472623 0.685767 0.398061 0.734013 0.547185 480.000000 640.000000
16 0.800642 0.460738 0.788369 0.403374 0.812915 0.518101 480.000000 640.000000
5 0.274210 0.527481 0.250054 0.464196 0.298366 0.590766 480.000000 640.000000
11 0.389473 0.469040 0.368161 0.409730 0.410785 0.528350 480.000000 640.000000
17 0.158558 0.612872 0.140972 0.547716 0.176143 0.678029 480.000000 640.000000
20 0.888034 0.531819 0.871538 0.470596 0.904531 0.593042 480.000000 640.000000
21 0.930668 0.469305 0.914064 0.405325 0.947273 0.533286 480.000000 640.000000
1 0.670513 0.505948 0.642501 0.446369 0.698524 0.565527 480.000000 640.000000
25 0.012304 0.555750 -0.000044 0.459302 0.024651 0.652198 480.000000 640.000000
