3 0.048112 0.500707 0.031721 0.435383 0.064503 0.566032 480.000000 640.000000
7 0.515437 0.473755 0.498880 0.409034 0.531994 0.538475 480.000000 640.000000
1 0.715391 0.503812 0.689754 0.441891 0.741028 0.565733 480.000000 640.000000
15 0.756161 0.455513 0.734213 0.396112 0.778109 0.514914 480.000000 640.000000
16 0.838402 0.462292 0.823886 0.405452 0.852918 0.519133 480.000000 640.000000
5 0.314540 0.527314 0.293185 0.465368 0.335894 0.589261 480.000000 640.000000
11 0.418260 0.469349 0.396838 0.410458 0.439682 0.528240 480.000000 640.000000
17 0.107200 0.612688 0.090835 0.547379 0.123564 0.677996 480.000000 640.000000
19 0.674973 0.468211 0.648391 0.403507 0.701555 0.532915 480.000000 640.000000
20 0.929271 0.531676 0.909522 0.473522 0.949019 0.589831 480.000000 640.000000
21 0.971176 0.471310 0.953881 0.406712 0.988471 0.535907 480.000000 640.000000
