3 0.023989 0.503921 -0.002119 0.440475 0.050096 0.567367 480.000000 640.000000
7 0.495090 0.476116 0.468676 0.412870 0.521504 0.539362 480.000000 640.000000
15 0.730123 0.455066 0.714346 0.393004 0.745900 0.517128 480.000000 640.000000
16 0.817486 0.462542 0.794897 0.406481 0.840074 0.518604 480.000000 640.000000
5 0.292742 0.526225 0.277653 0.465226 0.307830 0.587224 480.000000 640.000000
11 0.400977 0.465448 0.388435 0.406433 0.413518 0.524464 480.000000 640.000000
17 0.139876 0.615871 0.110049 0.551552 0.169704 0.680190 480.000000 640.000000
19 0.694957 0.485134 0.679128 0.407354 0.710785 0.562913 480.000000 640.000000
20 0.901513 0.533014 0.877403 0.472447 0.925622 0.593581 480.000000 640.000000
21 0.945830 0.474360 0.918191 0.412773 0.973468 0.535946 480.000000 640.000000
