3 0.096818 0.499764 0.080781 0.433763 0.112855 0.565765 480.000000 640.000000
7 0.547227 0.471696 0.527850 0.406339 0.566605 0.537053 480.000000 640.000000
1 0.757258 0.503298 0.729096 0.442153 0.785419 0.564443 480.000000 640.000000
15 0.795956 0.455091 0.774236 0.394847 0.817677 0.515335 480.000000 640.000000
16 0.871654 0.465495 0.858104 0.407327 0.885204 0.523662 480.000000 640.000000
5 0.350102 0.523140 0.327847 0.459188 0.372356 0.587092 480.000000 640.000000
11 0.444203 0.468999 0.425330 0.410444 0.463077 0.527555 480.000000 640.000000
17 0.059744 0.615981 0.042078 0.549531 0.077411 0.682432 480.000000 640.000000
19 0.639694 0.464226 0.616865 0.398259 0.662523 0.530193 480.000000 640.000000
20 0.967576 0.529605 0.951680 0.469725 0.983473 0.589485 480.000000 640.000000
21 0.993750 0.485764 0.987500 0.439583 1.000000 0.531944 480.000000 640.000000
22 0.968750 0.497569 0.957292 0.470139 0.980208 0.525000 480.000000 640.000000
