3 0.093080 0.499842 0.075494 0.433820 0.110665 0.565865 480.000000 640.000000
7 0.543472 0.472133 0.522143 0.406753 0.564802 0.537514 480.000000 640.000000
1 0.755786 0.503439 0.726694 0.442584 0.784878 0.564295 480.000000 640.000000
15 0.794043 0.455914 0.771737 0.396481 0.816350 0.515347 480.000000 640.000000
16 0.871102 0.465948 0.856577 0.407902 0.885627 0.523995 480.000000 640.000000
5 0.348230 0.524119 0.324404 0.461145 0.372056 0.587092 480.000000 640.000000
11 0.442549 0.469043 0.424752 0.409936 0.460346 0.528151 480.000000 640.000000
17 0.063737 0.616245 0.045120 0.549393 0.082355 0.683097 480.000000 640.000000
19 0.641568 0.464304 0.620554 0.398821 0.662582 0.529788 480.000000 640.000000
20 0.964544 0.529862 0.950065 0.469320 0.979023 0.590405 480.000000 640.000000
21 0.989830 0.483844 0.979831 0.432121 0.999829 0.535568 480.000000 640.000000
