3 0.055355 0.501757 0.038346 0.437066 0.072365 0.566448 480.000000 640.000000
7 0.519698 0.472151 0.502632 0.406223 0.536764 0.538080 480.000000 640.000000
1 0.719893 0.503264 0.697366 0.439927 0.742421 0.566600 480.000000 640.000000
15 0.762757 0.455048 0.745715 0.394807 0.779799 0.515288 480.000000 640.000000
16 0.844162 0.464433 0.825368 0.406179 0.862955 0.522687 480.000000 640.000000
5 0.319326 0.527337 0.302104 0.464589 0.336549 0.590086 480.000000 640.000000
11 0.419636 0.469561 0.398145 0.411103 0.441127 0.528019 480.000000 640.000000
17 0.102855 0.616169 0.083287 0.548411 0.122422 0.683926 480.000000 640.000000
19 0.673423 0.466749 0.646913 0.401293 0.699932 0.532205 480.000000 640.000000
20 0.933995 0.531670 0.909167 0.472722 0.958822 0.590617 480.000000 640.000000
21 0.975975 0.471303 0.959508 0.407452 0.992442 0.535154 480.000000 640.000000
