7 0.415041 0.482662 0.387091 0.417660 0.442991 0.547663 480.000000 640.000000
15 0.769154 0.490311 0.753333 0.422338 0.784974 0.558285 480.000000 640.000000
11 0.347219 0.462336 0.334115 0.401544 0.360323 0.523128 480.000000 640.000000
17 0.236041 0.613835 0.207239 0.549138 0.264843 0.678532 480.000000 640.000000
20 0.817341 0.534610 0.790988 0.471526 0.843693 0.597693 480.000000 640.000000
21 0.867083 0.466520 0.840746 0.403915 0.893420 0.529126 480.000000 640.000000
1 0.604429 0.504704 0.589188 0.441937 0.619671 0.567472 480.000000 640.000000
28 0.637191 0.457283 0.613612 0.397455 0.660769 0.517111 480.000000 640.000000
29 0.952753 0.487551 0.932256 0.425271 0.973250 0.549831 480.000000 640.000000
25 0.056275 0.595709 0.039541 0.531083 0.073010 0.660336 480.000000 640.000000
16 0.739843 0.460909 0.723070 0.404394 0.756616 0.517425 480.000000 640.000000
5 0.211127 0.528309 0.196291 0.463534 0.225962 0.593085 480.000000 640.000000
