7 0.368292 0.483594 0.346185 0.418142 0.390399 0.549046 480.000000 640.000000
11 0.313109 0.464886 0.299296 0.404748 0.326921 0.525024 480.000000 640.000000
17 0.297184 0.607703 0.280216 0.542147 0.314152 0.673258 480.000000 640.000000
20 0.769109 0.534832 0.749775 0.473595 0.788443 0.596069 480.000000 640.000000
21 0.822400 0.449829 0.807313 0.401119 0.837487 0.498540 480.000000 640.000000
1 0.545150 0.505017 0.523025 0.442622 0.567274 0.567411 480.000000 640.000000
28 0.581958 0.454690 0.568081 0.392556 0.595835 0.516824 480.000000 640.000000
29 0.893995 0.485866 0.879843 0.421268 0.908147 0.550464 480.000000 640.000000
25 0.105589 0.596665 0.085155 0.533616 0.126022 0.659714 480.000000 640.000000
16 0.701201 0.459143 0.688621 0.401687 0.713781 0.516600 480.000000 640.000000
5 0.156098 0.531197 0.131845 0.466712 0.180351 0.595683 480.000000 640.000000
15 0.819465 0.503748 0.797094 0.433223 0.841836 0.574273 480.000000 640.000000
