3 0.168599 0.499567 0.137871 0.436289 0.199326 0.562845 480.000000 640.000000
7 0.603342 0.469351 0.584784 0.406418 0.621900 0.532284 480.000000 640.000000
1 0.822320 0.499845 0.807286 0.437422 0.837353 0.562267 480.000000 640.000000
15 0.864258 0.453115 0.844583 0.390182 0.883933 0.516049 480.000000 640.000000
16 0.919655 0.469617 0.897447 0.412448 0.941863 0.526786 480.000000 640.000000
5 0.410993 0.522790 0.392013 0.459035 0.429972 0.586546 480.000000 640.000000
11 0.480643 0.469726 0.462604 0.414300 0.498681 0.525153 480.000000 640.000000
9 0.589041 0.446420 0.573509 0.380824 0.604574 0.512017 480.000000 640.000000
17 0.009932 0.649199 -0.000095 0.614894 0.019958 0.683504 480.000000 640.000000
18 0.821875 0.473958 0.805208 0.383333 0.838542 0.564583 480.000000 640.000000
