7 0.415444 0.482375 0.386944 0.417234 0.443944 0.547515 480.000000 640.000000
15 0.765428 0.490397 0.747293 0.421815 0.783563 0.558979 480.000000 640.000000
11 0.349852 0.463142 0.335954 0.402968 0.363751 0.523316 480.000000 640.000000
17 0.234334 0.614274 0.204125 0.549889 0.264543 0.678658 480.000000 640.000000
20 0.818916 0.532391 0.793626 0.467746 0.844207 0.597037 480.000000 640.000000
21 0.868515 0.466221 0.842267 0.403368 0.894762 0.529075 480.000000 640.000000
1 0.609499 0.505057 0.594493 0.442574 0.624506 0.567540 480.000000 640.000000
28 0.638930 0.455893 0.616644 0.395208 0.661217 0.516577 480.000000 640.000000
29 0.955759 0.487193 0.931768 0.424103 0.979750 0.550283 480.000000 640.000000
25 0.051936 0.596289 0.036650 0.532354 0.067223 0.660224 480.000000 640.000000
16 0.740605 0.461103 0.723500 0.404636 0.757711 0.517570 480.000000 640.000000
5 0.213601 0.524253 0.199070 0.458624 0.228131 0.589883 480.000000 640.000000
