3 0.073065 0.502549 0.041638 0.437952 0.104493 0.567147 480.000000 640.000000
7 0.532631 0.473543 0.507046 0.408989 0.558215 0.538097 480.000000 640.000000
1 0.743283 0.501134 0.725958 0.437402 0.760608 0.564867 480.000000 640.000000
15 0.780929 0.456554 0.765244 0.397837 0.796615 0.515272 480.000000 640.000000
16 0.852762 0.466773 0.830898 0.409336 0.874627 0.524209 480.000000 640.000000
5 0.336604 0.523869 0.319663 0.459880 0.353545 0.587858 480.000000 640.000000
11 0.429072 0.468458 0.413200 0.409476 0.444943 0.527440 480.000000 640.000000
17 0.087914 0.618709 0.056075 0.553845 0.119752 0.683573 480.000000 640.000000
19 0.657113 0.465247 0.641296 0.397520 0.672930 0.532974 480.000000 640.000000
20 0.943913 0.530079 0.921514 0.469403 0.966312 0.590755 480.000000 640.000000
21 0.982823 0.474395 0.965756 0.413701 0.999891 0.535088 480.000000 640.000000
