7 0.405555 0.480475 0.384262 0.416078 0.426848 0.544871 480.000000 640.000000
15 0.779314 0.495475 0.761634 0.426319 0.796994 0.564630 480.000000 640.000000
11 0.338279 0.464363 0.321058 0.404106 0.355500 0.524620 480.000000 640.000000
17 0.247913 0.610248 0.231079 0.545253 0.264748 0.675243 480.000000 640.000000
20 0.809997 0.531078 0.790210 0.464704 0.829785 0.597453 480.000000 640.000000
21 0.858477 0.465020 0.836999 0.401541 0.879955 0.528500 480.000000 640.000000
1 0.589555 0.504848 0.567616 0.442088 0.611494 0.567608 480.000000 640.000000
28 0.625411 0.457899 0.602830 0.398746 0.647993 0.517053 480.000000 640.000000
29 0.938238 0.489642 0.923478 0.429064 0.952997 0.550221 480.000000 640.000000
25 0.068398 0.596328 0.048774 0.533012 0.088023 0.659643 480.000000 640.000000
16 0.736836 0.459375 0.723329 0.400952 0.750343 0.517799 480.000000 640.000000
5 0.198673 0.530045 0.175761 0.466083 0.221585 0.594007 480.000000 640.000000
