7 0.433619 0.480706 0.420630 0.414805 0.446607 0.546607 480.000000 640.000000
15 0.752213 0.483015 0.724495 0.409852 0.779932 0.556178 480.000000 640.000000
5 0.233493 0.527351 0.209788 0.467452 0.257197 0.587249 480.000000 640.000000
11 0.360220 0.469329 0.337808 0.409102 0.382632 0.529556 480.000000 640.000000
17 0.211275 0.612900 0.193322 0.546534 0.229229 0.679267 480.000000 640.000000
20 0.841530 0.532328 0.827426 0.471208 0.855634 0.593447 480.000000 640.000000
21 0.888442 0.464130 0.872588 0.400058 0.904296 0.528203 480.000000 640.000000
1 0.624674 0.506741 0.597189 0.446532 0.652159 0.566949 480.000000 640.000000
28 0.661989 0.455860 0.646682 0.395051 0.677295 0.516669 480.000000 640.000000
29 0.968013 0.488893 0.939976 0.426057 0.996050 0.551729 480.000000 640.000000
25 0.038755 0.596910 0.014933 0.533691 0.062576 0.660130 480.000000 640.000000
