1 0.483089 0.451704 0.467128 0.389628 0.499050 0.513780 480.000000 640.000000
2 0.977403 0.480357 0.960572 0.415927 0.994233 0.544786 480.000000 640.000000
3 0.277979 0.523666 0.249670 0.455195 0.306289 0.592137 480.000000 640.000000
4 0.440620 0.537235 0.415429 0.468057 0.465810 0.606412 480.000000 640.000000
6 0.583533 0.462393 0.562689 0.406147 0.604377 0.518639 480.000000 640.000000
7 0.223534 0.567320 0.207518 0.503018 0.239550 0.631623 480.000000 640.000000
8 0.760552 0.569417 0.736451 0.500254 0.784653 0.638579 480.000000 640.000000
10 0.137547 0.476718 0.125172 0.419669 0.149921 0.533766 480.000000 640.000000
11 0.041705 0.575300 0.014570 0.503005 0.068841 0.647595 480.000000 640.000000
13 0.753254 0.490249 0.737776 0.448083 0.768733 0.532415 480.000000 640.000000
15 0.369293 0.509233 0.354977 0.450802 0.383608 0.567665 480.000000 640.000000
17 0.060196 0.521460 0.036537 0.466118 0.083856 0.576802 480.000000 640.000000
20 0.010777 0.462489 0.000179 0.397295 0.021376 0.527683 480.000000 640.000000
21 0.049674 0.556250 0.014779 0.466319 0.084570 0.646181 480.000000 640.000000
