1 0.393106 0.455427 0.372983 0.394052 0.413230 0.516801 480.000000 640.000000
3 0.356143 0.526733 0.332990 0.459834 0.379297 0.593633 480.000000 640.000000
4 0.524896 0.538870 0.500726 0.468234 0.549066 0.609507 480.000000 640.000000
6 0.473835 0.472009 0.448404 0.414875 0.499267 0.529144 480.000000 640.000000
7 0.309111 0.564522 0.287417 0.501051 0.330804 0.627993 480.000000 640.000000
11 0.125435 0.580445 0.099342 0.516676 0.151529 0.644215 480.000000 640.000000
17 0.163216 0.518813 0.142267 0.458353 0.184166 0.579273 480.000000 640.000000
10 0.034550 0.479894 0.019590 0.422193 0.049510 0.537594 480.000000 640.000000
15 0.262627 0.505942 0.243330 0.449009 0.281925 0.562876 480.000000 640.000000
23 0.834959 0.542366 0.813260 0.447114 0.856659 0.637618 480.000000 640.000000
27 0.121940 0.458008 0.107658 0.398906 0.136222 0.517111 480.000000 640.000000
8 0.834590 0.568170 0.812476 0.499899 0.856704 0.636442 480.000000 640.000000
