3 0.389791 0.523970 0.365406 0.454837 0.414176 0.593104 480.000000 640.000000
4 0.562557 0.539011 0.537050 0.468184 0.588064 0.609837 480.000000 640.000000
6 0.431653 0.477004 0.408613 0.419069 0.454694 0.534940 480.000000 640.000000
7 0.345680 0.562919 0.323721 0.500799 0.367638 0.625040 480.000000 640.000000
11 0.163236 0.578334 0.135635 0.512603 0.190837 0.644065 480.000000 640.000000
23 0.868865 0.541419 0.844121 0.445679 0.893610 0.637159 480.000000 640.000000
27 0.082463 0.462454 0.067354 0.399986 0.097572 0.524922 480.000000 640.000000
1 0.353741 0.458457 0.333572 0.398464 0.373910 0.518450 480.000000 640.000000
30 0.873971 0.489104 0.858296 0.444265 0.889646 0.533944 480.000000 640.000000
31 0.987672 0.475412 0.975280 0.421634 1.000065 0.529189 480.000000 640.000000
8 0.868453 0.572991 0.843164 0.507862 0.893742 0.638120 480.000000 640.000000
15 0.214461 0.513336 0.193580 0.447768 0.235342 0.578904 480.000000 640.000000
