3 0.376758 0.498706 0.358635 0.405036 0.394881 0.592376 480.000000 640.000000
4 0.540735 0.538642 0.520050 0.467886 0.561420 0.609398 480.000000 640.000000
6 0.453129 0.472317 0.437860 0.413105 0.468398 0.531529 480.000000 640.000000
7 0.320622 0.563929 0.300798 0.499169 0.340445 0.628690 480.000000 640.000000
11 0.138696 0.576523 0.122199 0.510367 0.155193 0.642679 480.000000 640.000000
17 0.188708 0.518918 0.170027 0.454957 0.207390 0.582878 480.000000 640.000000
10 0.016823 0.480444 -0.001633 0.424063 0.035279 0.536825 480.000000 640.000000
15 0.241848 0.506655 0.221373 0.447794 0.262322 0.565517 480.000000 640.000000
23 0.850783 0.543264 0.829153 0.449943 0.872413 0.636585 480.000000 640.000000
27 0.107287 0.460768 0.082532 0.400498 0.132042 0.521039 480.000000 640.000000
