4 0.609627 0.537734 0.588502 0.469690 0.630752 0.605778 480.000000 640.000000
6 0.366684 0.482414 0.349827 0.422362 0.383541 0.542467 480.000000 640.000000
7 0.388805 0.564093 0.363334 0.502084 0.414276 0.626102 480.000000 640.000000
11 0.206547 0.575765 0.183933 0.510560 0.229161 0.640970 480.000000 640.000000
27 0.028965 0.463257 0.004348 0.401260 0.053581 0.525254 480.000000 640.000000
1 0.303565 0.462275 0.279180 0.402561 0.327950 0.521988 480.000000 640.000000
30 0.924733 0.500970 0.903070 0.441469 0.946396 0.560472 480.000000 640.000000
31 0.945574 0.475528 0.933761 0.419355 0.957387 0.531700 480.000000 640.000000
8 0.910160 0.571558 0.884135 0.506641 0.936185 0.636476 480.000000 640.000000
17 0.271005 0.519000 0.257770 0.455040 0.284239 0.582960 480.000000 640.000000
3 0.431863 0.520150 0.405845 0.453951 0.457880 0.586349 480.000000 640.000000
15 0.160201 0.509000 0.136463 0.449877 0.183938 0.568122 480.000000 640.000000
23 0.915651 0.543336 0.885178 0.450444 0.946124 0.636228 480.000000 640.000000
