1 0.521930 0.450179 0.504639 0.389817 0.539222 0.510541 480.000000 640.000000
2 0.938042 0.476661 0.920920 0.412846 0.955163 0.540476 480.000000 640.000000
3 0.252384 0.521227 0.232918 0.447530 0.271849 0.594923 480.000000 640.000000
4 0.404538 0.530541 0.377797 0.448364 0.431278 0.612718 480.000000 640.000000
6 0.626569 0.460097 0.603456 0.403074 0.649682 0.517120 480.000000 640.000000
7 0.198622 0.569605 0.174312 0.506658 0.222931 0.632553 480.000000 640.000000
8 0.734709 0.565518 0.715594 0.496010 0.753824 0.635025 480.000000 640.000000
9 0.034586 0.463112 0.013842 0.398745 0.055331 0.527479 480.000000 640.000000
10 0.178082 0.476410 0.161075 0.418606 0.195089 0.534215 480.000000 640.000000
11 0.019299 0.559438 0.000173 0.488615 0.038426 0.630260 480.000000 640.000000
12 0.728238 0.542186 0.703258 0.448535 0.753218 0.635837 480.000000 640.000000
