4 0.599736 0.537275 0.573094 0.468339 0.626378 0.606212 480.000000 640.000000
6 0.382731 0.478738 0.368477 0.420753 0.396985 0.536722 480.000000 640.000000
7 0.372946 0.570061 0.356087 0.514109 0.389805 0.626013 480.000000 640.000000
11 0.199496 0.573384 0.173555 0.505974 0.225437 0.640793 480.000000 640.000000
27 0.044606 0.464057 0.030272 0.401303 0.058939 0.526811 480.000000 640.000000
1 0.319030 0.459886 0.300451 0.398929 0.337610 0.520842 480.000000 640.000000
30 0.907455 0.492464 0.891281 0.445788 0.923630 0.539139 480.000000 640.000000
31 0.962073 0.476593 0.942331 0.421015 0.981815 0.532172 480.000000 640.000000
8 0.897836 0.578994 0.870899 0.521914 0.924773 0.636075 480.000000 640.000000
17 0.249806 0.523884 0.226067 0.464745 0.273546 0.583023 480.000000 640.000000
3 0.426692 0.520262 0.399325 0.452500 0.454059 0.588024 480.000000 640.000000
15 0.177497 0.501160 0.162635 0.445849 0.192359 0.556472 480.000000 640.000000
