4 0.672611 0.534231 0.647269 0.467164 0.697953 0.601299 480.000000 640.000000
7 0.441401 0.564163 0.424704 0.502369 0.458099 0.625957 480.000000 640.000000
11 0.264364 0.571844 0.244614 0.504612 0.284114 0.639076 480.000000 640.000000
3 0.491542 0.513087 0.478693 0.447455 0.504391 0.578718 480.000000 640.000000
15 0.088653 0.513905 0.065935 0.454850 0.111370 0.572960 480.000000 640.000000
35 0.881529 0.474765 0.863496 0.418634 0.899562 0.530896 480.000000 640.000000
1 0.246542 0.461178 0.229791 0.399222 0.263293 0.523134 480.000000 640.000000
17 0.335860 0.524709 0.310507 0.466770 0.361213 0.582649 480.000000 640.000000
8 0.961428 0.571529 0.938839 0.505670 0.984016 0.637387 480.000000 640.000000
23 0.966923 0.542516 0.938616 0.447852 0.995229 0.637180 480.000000 640.000000
6 0.295058 0.483036 0.279970 0.424829 0.310147 0.541242 480.000000 640.000000
