3 0.381659 0.513121 0.359179 0.433416 0.404140 0.592826 480.000000 640.000000
4 0.548992 0.540031 0.525780 0.469846 0.572203 0.610217 480.000000 640.000000
6 0.445208 0.473546 0.425684 0.414231 0.464731 0.532860 480.000000 640.000000
7 0.327712 0.560479 0.311628 0.498429 0.343796 0.622530 480.000000 640.000000
11 0.148568 0.576859 0.128504 0.510939 0.168632 0.642780 480.000000 640.000000
17 0.196531 0.524010 0.171697 0.464535 0.221365 0.583485 480.000000 640.000000
10 0.014766 0.503892 -0.001309 0.468309 0.030840 0.539476 480.000000 640.000000
15 0.236555 0.507441 0.213413 0.448790 0.259697 0.566091 480.000000 640.000000
23 0.859305 0.539057 0.834156 0.440244 0.884454 0.637870 480.000000 640.000000
27 0.099952 0.460856 0.078045 0.400258 0.121859 0.521454 480.000000 640.000000
29 0.993750 0.508681 0.987500 0.492708 1.000000 0.524653 480.000000 640.000000
1 0.370232 0.456882 0.352960 0.397362 0.387505 0.516401 480.000000 640.000000
