4 0.642329 0.536276 0.619684 0.468323 0.664974 0.604229 480.000000 640.000000
6 0.329645 0.484196 0.313074 0.426761 0.346217 0.541631 480.000000 640.000000
7 0.421635 0.566130 0.400151 0.502452 0.443119 0.629808 480.000000 640.000000
11 0.241422 0.575828 0.213803 0.509838 0.269040 0.641819 480.000000 640.000000
27 0.008492 0.474886 -0.000174 0.423629 0.017158 0.526143 480.000000 640.000000
3 0.467101 0.517641 0.441475 0.450707 0.492728 0.584575 480.000000 640.000000
15 0.122168 0.509791 0.098090 0.450672 0.146246 0.568910 480.000000 640.000000
35 0.909293 0.472091 0.896179 0.416741 0.922406 0.527440 480.000000 640.000000
1 0.270123 0.462775 0.247830 0.402294 0.292417 0.523256 480.000000 640.000000
17 0.309963 0.522402 0.296334 0.460977 0.323593 0.583827 480.000000 640.000000
30 0.955181 0.506603 0.934930 0.446404 0.975433 0.566803 480.000000 640.000000
8 0.937805 0.581300 0.910996 0.523567 0.964613 0.639033 480.000000 640.000000
23 0.943546 0.543340 0.911657 0.447627 0.975435 0.639052 480.000000 640.000000
