1 0.418519 0.457997 0.392429 0.399004 0.444610 0.516991 480.000000 640.000000
3 0.337335 0.523935 0.312796 0.456942 0.361873 0.590929 480.000000 640.000000
4 0.501588 0.534543 0.479871 0.471926 0.523304 0.597160 480.000000 640.000000
6 0.505128 0.455538 0.485289 0.410880 0.524967 0.500197 480.000000 640.000000
7 0.280947 0.572851 0.258631 0.515995 0.303263 0.629708 480.000000 640.000000
11 0.098017 0.577148 0.081251 0.512927 0.114783 0.641369 480.000000 640.000000
17 0.133678 0.518829 0.118379 0.455159 0.148977 0.582499 480.000000 640.000000
22 0.155887 0.455031 0.137486 0.394333 0.174287 0.515730 480.000000 640.000000
23 0.813337 0.542973 0.790651 0.449928 0.836023 0.636017 480.000000 640.000000
10 0.061711 0.478616 0.048146 0.422007 0.075277 0.535225 480.000000 640.000000
15 0.294345 0.507551 0.279570 0.450460 0.309120 0.564641 480.000000 640.000000
