1 0.416947 0.458081 0.392387 0.398876 0.441508 0.517285 480.000000 640.000000
3 0.339255 0.524674 0.314762 0.457227 0.363748 0.592122 480.000000 640.000000
4 0.503692 0.538101 0.481363 0.472255 0.526020 0.603948 480.000000 640.000000
6 0.502285 0.453795 0.483974 0.411398 0.520595 0.496192 480.000000 640.000000
7 0.282969 0.570799 0.262789 0.512212 0.303149 0.629387 480.000000 640.000000
11 0.100308 0.576528 0.083660 0.513038 0.116957 0.640019 480.000000 640.000000
17 0.136992 0.519122 0.121072 0.456077 0.152912 0.582166 480.000000 640.000000
22 0.154813 0.455002 0.136290 0.394805 0.173337 0.515200 480.000000 640.000000
23 0.816458 0.543747 0.790920 0.450955 0.841996 0.636539 480.000000 640.000000
10 0.059185 0.479138 0.045089 0.422872 0.073281 0.535405 480.000000 640.000000
15 0.292156 0.497126 0.277599 0.449729 0.306713 0.544522 480.000000 640.000000
25 0.146322 0.519444 0.120638 0.456250 0.172005 0.582639 480.000000 640.000000
