4 0.619600 0.537897 0.599659 0.470332 0.639540 0.605462 480.000000 640.000000
6 0.356624 0.483934 0.332390 0.425822 0.380859 0.542047 480.000000 640.000000
7 0.393572 0.564026 0.371502 0.500660 0.415642 0.627393 480.000000 640.000000
11 0.214947 0.574803 0.197925 0.509265 0.231968 0.640342 480.000000 640.000000
27 0.023605 0.463518 0.001008 0.402173 0.046202 0.524864 480.000000 640.000000
1 0.296218 0.458787 0.276175 0.400962 0.316261 0.516611 480.000000 640.000000
30 0.932674 0.497777 0.911683 0.440695 0.953666 0.554859 480.000000 640.000000
17 0.287897 0.495099 0.259250 0.407143 0.316544 0.583055 480.000000 640.000000
3 0.442985 0.517084 0.421164 0.449556 0.464807 0.584612 480.000000 640.000000
15 0.150428 0.509267 0.134519 0.449631 0.166338 0.568903 480.000000 640.000000
23 0.927541 0.538320 0.901624 0.442266 0.953458 0.634374 480.000000 640.000000
