1 0.454433 0.455114 0.433813 0.395457 0.475052 0.514770 480.000000 640.000000
2 0.988105 0.492488 0.975819 0.437588 1.000392 0.547389 480.000000 640.000000
3 0.303977 0.524298 0.274223 0.455833 0.333730 0.592764 480.000000 640.000000
4 0.463742 0.537151 0.441344 0.464508 0.486140 0.609795 480.000000 640.000000
6 0.550147 0.463542 0.524359 0.407704 0.575936 0.519380 480.000000 640.000000
7 0.246336 0.565773 0.226341 0.499482 0.266331 0.632064 480.000000 640.000000
8 0.781153 0.570720 0.754382 0.503650 0.807923 0.637790 480.000000 640.000000
10 0.110745 0.479453 0.094044 0.423764 0.127445 0.535142 480.000000 640.000000
11 0.060325 0.580796 0.043024 0.515003 0.077626 0.646588 480.000000 640.000000
13 0.778736 0.490801 0.762391 0.449585 0.795080 0.532017 480.000000 640.000000
15 0.339923 0.510057 0.323506 0.451061 0.356341 0.569053 480.000000 640.000000
17 0.086027 0.516406 0.072696 0.459940 0.099358 0.572872 480.000000 640.000000
22 0.187253 0.452613 0.161628 0.391400 0.212879 0.513826 480.000000 640.000000
