1 0.497030 0.453872 0.471519 0.393233 0.522542 0.514511 480.000000 640.000000
2 0.956884 0.479464 0.933711 0.416386 0.980057 0.542543 480.000000 640.000000
3 0.268759 0.521430 0.241189 0.450282 0.296328 0.592578 480.000000 640.000000
4 0.422047 0.537183 0.403325 0.468897 0.440769 0.605469 480.000000 640.000000
6 0.596453 0.460733 0.573632 0.403278 0.619273 0.518189 480.000000 640.000000
7 0.208543 0.569316 0.189800 0.504913 0.227286 0.633719 480.000000 640.000000
8 0.751364 0.568284 0.723831 0.499334 0.778897 0.637235 480.000000 640.000000
10 0.155373 0.478001 0.131576 0.421543 0.179171 0.534459 480.000000 640.000000
11 0.023613 0.579818 0.001411 0.512635 0.045814 0.647001 480.000000 640.000000
13 0.739261 0.498055 0.723251 0.449145 0.755271 0.546965 480.000000 640.000000
15 0.384336 0.510344 0.360128 0.450727 0.408545 0.569960 480.000000 640.000000
