1 0.510734 0.451588 0.487919 0.390920 0.533548 0.512255 480.000000 640.000000
2 0.947297 0.478507 0.925188 0.415908 0.969407 0.541107 480.000000 640.000000
3 0.257485 0.522469 0.238785 0.456094 0.276185 0.588843 480.000000 640.000000
4 0.408306 0.531680 0.383633 0.451852 0.432979 0.611508 480.000000 640.000000
6 0.617765 0.458856 0.599949 0.400875 0.635582 0.516837 480.000000 640.000000
7 0.202489 0.570159 0.177834 0.508045 0.227144 0.632273 480.000000 640.000000
8 0.735389 0.568018 0.710724 0.497415 0.760053 0.638621 480.000000 640.000000
10 0.171653 0.475632 0.158908 0.418397 0.184398 0.532866 480.000000 640.000000
11 0.021366 0.581020 0.000127 0.511552 0.042605 0.650488 480.000000 640.000000
12 0.726826 0.543050 0.705029 0.448714 0.748624 0.637387 480.000000 640.000000
13 0.724338 0.507507 0.706731 0.449385 0.741945 0.565630 480.000000 640.000000
14 0.023201 0.523264 0.002132 0.461458 0.044271 0.585069 480.000000 640.000000
