1 0.529948 0.450000 0.511979 0.390278 0.547917 0.509722 480.000000 640.000000
2 0.932813 0.472917 0.916146 0.408333 0.949479 0.537500 480.000000 640.000000
3 0.243620 0.528819 0.217188 0.459722 0.270052 0.597917 480.000000 640.000000
4 0.395573 0.549306 0.374219 0.487500 0.416927 0.611111 480.000000 640.000000
5 0.423698 0.515278 0.402083 0.453125 0.445312 0.577431 480.000000 640.000000
6 0.633333 0.459028 0.611458 0.401736 0.655208 0.516319 480.000000 640.000000
7 0.184635 0.568403 0.166536 0.504514 0.202734 0.632292 480.000000 640.000000
8 0.729688 0.566667 0.710417 0.499653 0.748958 0.633681 480.000000 640.000000
9 0.039103 0.464236 0.018636 0.399306 0.059570 0.529167 480.000000 640.000000
10 0.192578 0.477083 0.169401 0.420486 0.215755 0.533681 480.000000 640.000000
11 0.009603 0.532986 0.000000 0.478819 0.019206 0.587153 480.000000 640.000000
