1 0.405486 0.454383 0.387230 0.392347 0.423742 0.516419 480.000000 640.000000
3 0.349813 0.526392 0.323472 0.459634 0.376154 0.593150 480.000000 640.000000
4 0.516336 0.537534 0.490983 0.467371 0.541689 0.607698 480.000000 640.000000
6 0.488044 0.466602 0.469165 0.410881 0.506923 0.522324 480.000000 640.000000
7 0.293969 0.563284 0.277375 0.499972 0.310563 0.626596 480.000000 640.000000
11 0.114265 0.577642 0.093526 0.513257 0.135004 0.642028 480.000000 640.000000
17 0.153428 0.515779 0.125977 0.452204 0.180880 0.579354 480.000000 640.000000
10 0.047720 0.484869 0.024007 0.432276 0.071432 0.537461 480.000000 640.000000
15 0.272861 0.505819 0.253134 0.450638 0.292589 0.561001 480.000000 640.000000
23 0.826331 0.543057 0.799213 0.448019 0.853449 0.638096 480.000000 640.000000
27 0.135451 0.456811 0.123850 0.397438 0.147051 0.516184 480.000000 640.000000
28 0.048031 0.501736 0.024186 0.465972 0.071875 0.537500 480.000000 640.000000
