3 0.391164 0.523764 0.368031 0.453987 0.414296 0.593542 480.000000 640.000000
4 0.564354 0.537782 0.541156 0.468086 0.587551 0.607479 480.000000 640.000000
6 0.428089 0.476562 0.407628 0.418822 0.448549 0.534301 480.000000 640.000000
7 0.348277 0.562698 0.325571 0.500304 0.370984 0.625092 480.000000 640.000000
11 0.164293 0.578226 0.137312 0.512557 0.191274 0.643895 480.000000 640.000000
27 0.079627 0.462386 0.063168 0.399822 0.096086 0.524950 480.000000 640.000000
1 0.349416 0.459148 0.327270 0.399513 0.371562 0.518784 480.000000 640.000000
30 0.876385 0.490002 0.860745 0.446032 0.892024 0.533972 480.000000 640.000000
31 0.988728 0.472167 0.977406 0.418741 1.000051 0.525593 480.000000 640.000000
8 0.872772 0.570188 0.847636 0.502815 0.897909 0.637560 480.000000 640.000000
15 0.212065 0.516222 0.192417 0.450268 0.231713 0.582176 480.000000 640.000000
