1 0.449678 0.455729 0.431616 0.394616 0.467741 0.516842 480.000000 640.000000
3 0.311996 0.523227 0.278443 0.453766 0.345550 0.592688 480.000000 640.000000
4 0.470972 0.538471 0.447582 0.468093 0.494361 0.608848 480.000000 640.000000
6 0.544630 0.463057 0.523423 0.406909 0.565837 0.519205 480.000000 640.000000
7 0.252811 0.560391 0.236945 0.499106 0.268677 0.621676 480.000000 640.000000
8 0.788712 0.575822 0.762800 0.513362 0.814625 0.638283 480.000000 640.000000
11 0.069142 0.580924 0.049643 0.514411 0.088642 0.647436 480.000000 640.000000
13 0.788751 0.490024 0.771263 0.446204 0.806239 0.533843 480.000000 640.000000
15 0.328532 0.513850 0.311744 0.449803 0.345320 0.577897 480.000000 640.000000
17 0.099601 0.521668 0.079515 0.461611 0.119687 0.581724 480.000000 640.000000
22 0.184530 0.453362 0.156411 0.390510 0.212649 0.516213 480.000000 640.000000
23 0.789617 0.541826 0.763558 0.446073 0.815677 0.637579 480.000000 640.000000
