1 0.526619 0.450097 0.509015 0.389503 0.544223 0.510691 480.000000 640.000000
2 0.933514 0.473426 0.915110 0.406303 0.951918 0.540549 480.000000 640.000000
3 0.247628 0.525025 0.223638 0.452636 0.271617 0.597415 480.000000 640.000000
4 0.402146 0.535077 0.376186 0.458139 0.428106 0.612015 480.000000 640.000000
6 0.629733 0.460179 0.604285 0.402778 0.655181 0.517579 480.000000 640.000000
7 0.191858 0.569634 0.170068 0.505093 0.213647 0.634176 480.000000 640.000000
8 0.728835 0.565768 0.706268 0.498416 0.751402 0.633119 480.000000 640.000000
9 0.037021 0.464907 0.016036 0.399751 0.058007 0.530063 480.000000 640.000000
10 0.183599 0.477637 0.165838 0.421042 0.201360 0.534232 480.000000 640.000000
11 0.014991 0.528373 0.000075 0.469492 0.029907 0.587254 480.000000 640.000000
12 0.723958 0.539931 0.699479 0.446875 0.748437 0.632986 480.000000 640.000000
