1 0.468545 0.453453 0.450872 0.395023 0.486218 0.511884 480.000000 640.000000
2 0.983522 0.483185 0.966204 0.418952 1.000840 0.547418 480.000000 640.000000
3 0.292176 0.523260 0.266886 0.455949 0.317465 0.590571 480.000000 640.000000
4 0.456705 0.536421 0.430870 0.463404 0.482539 0.609437 480.000000 640.000000
6 0.560061 0.461190 0.537729 0.404160 0.582392 0.518219 480.000000 640.000000
7 0.240648 0.567151 0.216010 0.501836 0.265287 0.632465 480.000000 640.000000
8 0.776801 0.568062 0.756176 0.498795 0.797426 0.637328 480.000000 640.000000
10 0.120543 0.480914 0.097839 0.425294 0.143247 0.536535 480.000000 640.000000
11 0.051390 0.582513 0.028012 0.517605 0.074768 0.647420 480.000000 640.000000
13 0.766879 0.493958 0.749845 0.451771 0.783913 0.536146 480.000000 640.000000
15 0.347248 0.509392 0.324230 0.450972 0.370265 0.567812 480.000000 640.000000
17 0.077933 0.523211 0.062492 0.465496 0.093375 0.580927 480.000000 640.000000
22 0.197033 0.450326 0.178283 0.389186 0.215782 0.511467 480.000000 640.000000
