1 0.505942 0.452700 0.482769 0.391736 0.529115 0.513664 480.000000 640.000000
2 0.949518 0.479139 0.925633 0.415970 0.973403 0.542309 480.000000 640.000000
3 0.258913 0.526522 0.238896 0.460162 0.278931 0.592882 480.000000 640.000000
4 0.409823 0.537187 0.386693 0.464290 0.432954 0.610084 480.000000 640.000000
6 0.614886 0.458450 0.597031 0.400647 0.632741 0.516252 480.000000 640.000000
7 0.202890 0.570174 0.178043 0.507869 0.227737 0.632479 480.000000 640.000000
8 0.736690 0.568596 0.710866 0.496995 0.762515 0.640196 480.000000 640.000000
10 0.167779 0.476072 0.151851 0.419000 0.183707 0.533144 480.000000 640.000000
11 0.020199 0.579800 0.000048 0.508798 0.040349 0.650803 480.000000 640.000000
13 0.724531 0.508154 0.705250 0.450404 0.743813 0.565905 480.000000 640.000000
15 0.394010 0.510069 0.380469 0.451736 0.407552 0.568403 480.000000 640.000000
9 0.022697 0.489883 0.001341 0.401441 0.044054 0.578325 480.000000 640.000000
