1 0.391205 0.456558 0.372709 0.398505 0.409702 0.514610 480.000000 640.000000
3 0.362112 0.526313 0.341962 0.459225 0.382263 0.593401 480.000000 640.000000
4 0.528640 0.538419 0.507962 0.467192 0.549318 0.609647 480.000000 640.000000
6 0.471308 0.472942 0.447029 0.414634 0.495588 0.531251 480.000000 640.000000
7 0.312783 0.564955 0.288994 0.501436 0.336572 0.628474 480.000000 640.000000
11 0.129078 0.579934 0.106070 0.515442 0.152086 0.644427 480.000000 640.000000
17 0.168946 0.519319 0.153851 0.457625 0.184042 0.581012 480.000000 640.000000
10 0.027529 0.479692 0.015087 0.421580 0.039970 0.537805 480.000000 640.000000
15 0.258988 0.505983 0.244187 0.448711 0.273788 0.563255 480.000000 640.000000
23 0.839775 0.543048 0.818216 0.450548 0.861334 0.635548 480.000000 640.000000
27 0.115895 0.458471 0.096175 0.399546 0.135615 0.517396 480.000000 640.000000
8 0.841142 0.569803 0.818647 0.503108 0.863637 0.636497 480.000000 640.000000
