1 0.423947 0.456417 0.399554 0.396993 0.448341 0.515841 480.000000 640.000000
3 0.332359 0.521738 0.310132 0.454852 0.354586 0.588625 480.000000 640.000000
4 0.489930 0.533422 0.466777 0.459989 0.513083 0.606855 480.000000 640.000000
6 0.515121 0.463980 0.491878 0.409003 0.538364 0.518956 480.000000 640.000000
7 0.276194 0.565448 0.251484 0.502537 0.300904 0.628358 480.000000 640.000000
11 0.091323 0.580921 0.067529 0.515997 0.115118 0.645846 480.000000 640.000000
17 0.120781 0.520840 0.105094 0.459432 0.136468 0.582248 480.000000 640.000000
22 0.161996 0.453800 0.148587 0.389852 0.175405 0.517749 480.000000 640.000000
23 0.804659 0.539938 0.781113 0.445862 0.828205 0.634014 480.000000 640.000000
10 0.074660 0.479187 0.057321 0.423944 0.091999 0.534431 480.000000 640.000000
15 0.305676 0.509555 0.285990 0.451575 0.325361 0.567535 480.000000 640.000000
