3 0.384382 0.522248 0.360551 0.451543 0.408213 0.592953 480.000000 640.000000
4 0.552872 0.540206 0.528780 0.469817 0.576965 0.610595 480.000000 640.000000
6 0.441715 0.473943 0.420312 0.414955 0.463118 0.532931 480.000000 640.000000
7 0.329770 0.554685 0.313604 0.498880 0.345937 0.610489 480.000000 640.000000
11 0.152750 0.576918 0.130077 0.510930 0.175424 0.642905 480.000000 640.000000
17 0.198680 0.524791 0.173361 0.465905 0.223998 0.583678 480.000000 640.000000
15 0.235701 0.507149 0.213936 0.449135 0.257467 0.565164 480.000000 640.000000
23 0.860505 0.541278 0.835717 0.445592 0.885293 0.636964 480.000000 640.000000
27 0.097060 0.461070 0.077394 0.400571 0.116726 0.521569 480.000000 640.000000
1 0.368116 0.457163 0.350595 0.397914 0.385638 0.516413 480.000000 640.000000
30 0.863021 0.497569 0.847396 0.447569 0.878646 0.547569 480.000000 640.000000
31 0.992708 0.479861 0.985417 0.435069 1.000000 0.524653 480.000000 640.000000
32 0.012760 0.476736 0.000000 0.416667 0.025521 0.536806 480.000000 640.000000
8 0.859415 0.575261 0.834500 0.512978 0.884330 0.637544 480.000000 640.000000
