1 0.457135 0.453465 0.437094 0.395749 0.477175 0.511182 480.000000 640.000000
2 0.986902 0.490387 0.973344 0.433883 1.000460 0.546891 480.000000 640.000000
3 0.300459 0.523794 0.272671 0.455300 0.328247 0.592288 480.000000 640.000000
4 0.461791 0.534337 0.439254 0.459322 0.484327 0.609351 480.000000 640.000000
6 0.551606 0.462792 0.525915 0.406397 0.577296 0.519187 480.000000 640.000000
7 0.244210 0.566352 0.222052 0.499658 0.266369 0.633047 480.000000 640.000000
8 0.780101 0.571029 0.754271 0.503675 0.805932 0.638382 480.000000 640.000000
10 0.113940 0.481225 0.094516 0.426462 0.133364 0.535988 480.000000 640.000000
11 0.058016 0.581047 0.040642 0.515667 0.075390 0.646427 480.000000 640.000000
13 0.775553 0.491771 0.758817 0.450350 0.792288 0.533192 480.000000 640.000000
15 0.343067 0.510087 0.323487 0.451179 0.362648 0.568995 480.000000 640.000000
17 0.083559 0.522377 0.070549 0.463501 0.096569 0.581253 480.000000 640.000000
22 0.188424 0.451492 0.164431 0.390535 0.212418 0.512450 480.000000 640.000000
