3 0.388367 0.525970 0.362734 0.458757 0.413999 0.593184 480.000000 640.000000
4 0.560101 0.539737 0.534191 0.469117 0.586012 0.610357 480.000000 640.000000
6 0.435536 0.476487 0.410126 0.418290 0.460946 0.534684 480.000000 640.000000
7 0.338276 0.562239 0.319614 0.499813 0.356939 0.624666 480.000000 640.000000
11 0.161270 0.577922 0.134570 0.512600 0.187970 0.643244 480.000000 640.000000
17 0.202449 0.525385 0.178544 0.466683 0.226355 0.584086 480.000000 640.000000
15 0.227685 0.506116 0.211956 0.449424 0.243414 0.562807 480.000000 640.000000
23 0.864117 0.542992 0.837928 0.447796 0.890307 0.638187 480.000000 640.000000
27 0.086659 0.460565 0.072654 0.399696 0.100664 0.521434 480.000000 640.000000
1 0.362291 0.457605 0.344815 0.398033 0.379766 0.517176 480.000000 640.000000
30 0.869367 0.495357 0.853333 0.445984 0.885401 0.544729 480.000000 640.000000
31 0.988127 0.480981 0.976099 0.433113 1.000155 0.528849 480.000000 640.000000
8 0.863704 0.576873 0.837055 0.516181 0.890352 0.637566 480.000000 640.000000
