3 0.376526 0.495644 0.357743 0.398781 0.395310 0.592506 480.000000 640.000000
4 0.542541 0.539440 0.521531 0.468824 0.563551 0.610055 480.000000 640.000000
6 0.451072 0.471898 0.435185 0.413365 0.466959 0.530430 480.000000 640.000000
7 0.323215 0.562874 0.305774 0.498863 0.340656 0.626884 480.000000 640.000000
11 0.141383 0.576516 0.124456 0.509731 0.158311 0.643302 480.000000 640.000000
17 0.192024 0.521013 0.170269 0.459240 0.213780 0.582787 480.000000 640.000000
10 0.016331 0.480854 -0.001663 0.424256 0.034325 0.537452 480.000000 640.000000
15 0.239119 0.505919 0.216635 0.446651 0.261603 0.565188 480.000000 640.000000
23 0.853764 0.541017 0.830647 0.445100 0.876880 0.636935 480.000000 640.000000
27 0.105800 0.461041 0.081098 0.400181 0.130501 0.521900 480.000000 640.000000
