1 0.500052 0.453307 0.475152 0.394100 0.524953 0.512513 480.000000 640.000000
2 0.954504 0.480980 0.927482 0.416433 0.981526 0.545526 480.000000 640.000000
3 0.264000 0.524499 0.239990 0.455929 0.288010 0.593069 480.000000 640.000000
4 0.417914 0.538734 0.399651 0.470320 0.436176 0.607148 480.000000 640.000000
6 0.604265 0.460012 0.586510 0.402171 0.622019 0.517854 480.000000 640.000000
7 0.205450 0.569353 0.183017 0.505540 0.227882 0.633166 480.000000 640.000000
8 0.746475 0.568009 0.720885 0.498357 0.772065 0.637662 480.000000 640.000000
10 0.159336 0.477332 0.137117 0.421034 0.181554 0.533630 480.000000 640.000000
11 0.018715 0.580494 -0.000087 0.510735 0.037517 0.650253 480.000000 640.000000
13 0.730665 0.508301 0.707679 0.450230 0.753651 0.566373 480.000000 640.000000
15 0.387333 0.511719 0.365408 0.453196 0.409259 0.570243 480.000000 640.000000
9 0.021074 0.497821 0.001203 0.409207 0.040945 0.586434 480.000000 640.000000
