1 0.501171 0.453322 0.476710 0.392993 0.525632 0.513651 480.000000 640.000000
2 0.952940 0.480473 0.926083 0.415480 0.979797 0.545466 480.000000 640.000000
3 0.262716 0.523793 0.239619 0.453688 0.285813 0.593899 480.000000 640.000000
4 0.416032 0.538641 0.396406 0.471329 0.435657 0.605953 480.000000 640.000000
6 0.608272 0.459224 0.589973 0.401111 0.626572 0.517337 480.000000 640.000000
7 0.204610 0.569851 0.181295 0.506873 0.227925 0.632829 480.000000 640.000000
8 0.742502 0.567733 0.717379 0.497830 0.767625 0.637636 480.000000 640.000000
10 0.161735 0.477100 0.141149 0.420674 0.182321 0.533526 480.000000 640.000000
11 0.019129 0.576591 -0.000045 0.501434 0.038303 0.651747 480.000000 640.000000
13 0.728341 0.508771 0.706314 0.450554 0.750368 0.566988 480.000000 640.000000
15 0.389246 0.510923 0.369289 0.452849 0.409203 0.568998 480.000000 640.000000
9 0.023436 0.504284 0.005038 0.422881 0.041834 0.585686 480.000000 640.000000
16 0.030452 0.515972 0.017415 0.448611 0.043490 0.583333 480.000000 640.000000
