4 0.641322 0.537264 0.618167 0.469434 0.664477 0.605094 480.000000 640.000000
6 0.330388 0.483024 0.314343 0.425911 0.346433 0.540138 480.000000 640.000000
7 0.418515 0.565582 0.398785 0.501786 0.438244 0.629378 480.000000 640.000000
11 0.240784 0.575358 0.213362 0.510020 0.268206 0.640697 480.000000 640.000000
27 0.008514 0.464315 -0.000203 0.403025 0.017232 0.525606 480.000000 640.000000
3 0.465555 0.516887 0.441384 0.449398 0.489726 0.584375 480.000000 640.000000
15 0.123769 0.510265 0.098784 0.451274 0.148754 0.569257 480.000000 640.000000
35 0.911689 0.474649 0.898898 0.416844 0.924481 0.532454 480.000000 640.000000
1 0.271973 0.462236 0.250263 0.402251 0.293683 0.522220 480.000000 640.000000
17 0.304350 0.522879 0.291671 0.462481 0.317030 0.583277 480.000000 640.000000
30 0.951647 0.504230 0.933436 0.441751 0.969859 0.566709 480.000000 640.000000
8 0.938538 0.569938 0.909295 0.503589 0.967781 0.636287 480.000000 640.000000
23 0.940189 0.539695 0.910336 0.443140 0.970042 0.636250 480.000000 640.000000
