1 0.429615 0.456016 0.408500 0.394872 0.450731 0.517160 480.000000 640.000000
3 0.328269 0.522645 0.305580 0.455595 0.350958 0.589696 480.000000 640.000000
4 0.484816 0.539164 0.459889 0.469156 0.509743 0.609171 480.000000 640.000000
6 0.520743 0.465027 0.499616 0.407172 0.541869 0.522882 480.000000 640.000000
7 0.273468 0.564901 0.250535 0.502697 0.296401 0.627105 480.000000 640.000000
11 0.087478 0.581509 0.059247 0.515196 0.115709 0.647822 480.000000 640.000000
17 0.118414 0.523007 0.099969 0.463363 0.136859 0.582651 480.000000 640.000000
22 0.166260 0.453192 0.154076 0.388949 0.178444 0.517434 480.000000 640.000000
23 0.802967 0.536444 0.780700 0.444979 0.825234 0.627908 480.000000 640.000000
10 0.076211 0.482271 0.058389 0.430360 0.094033 0.534182 480.000000 640.000000
15 0.305569 0.509803 0.286451 0.452068 0.324687 0.567539 480.000000 640.000000
