1 0.528407 0.451229 0.510662 0.389398 0.546152 0.513059 480.000000 640.000000
2 0.932406 0.475931 0.913930 0.413155 0.950882 0.538707 480.000000 640.000000
3 0.245355 0.527655 0.220388 0.457354 0.270321 0.597957 480.000000 640.000000
4 0.399682 0.543614 0.375388 0.475782 0.423976 0.611446 480.000000 640.000000
5 0.422610 0.517116 0.403478 0.454362 0.441741 0.579870 480.000000 640.000000
6 0.631568 0.460251 0.606979 0.403562 0.656156 0.516940 480.000000 640.000000
7 0.188969 0.570859 0.168383 0.507572 0.209556 0.634146 480.000000 640.000000
8 0.729282 0.567283 0.708201 0.499063 0.750363 0.635502 480.000000 640.000000
9 0.037741 0.464589 0.016891 0.400864 0.058592 0.528314 480.000000 640.000000
10 0.190696 0.478030 0.168194 0.421434 0.213197 0.534627 480.000000 640.000000
11 0.012860 0.529729 0.000036 0.470436 0.025684 0.589021 480.000000 640.000000
