4 0.663073 0.534397 0.641583 0.465966 0.684564 0.602827 480.000000 640.000000
7 0.433173 0.567111 0.414301 0.503524 0.452044 0.630698 480.000000 640.000000
11 0.255866 0.564586 0.238167 0.490953 0.273564 0.638219 480.000000 640.000000
3 0.481466 0.515564 0.464221 0.448235 0.498711 0.582892 480.000000 640.000000
15 0.098482 0.512066 0.082452 0.453092 0.114512 0.571039 480.000000 640.000000
35 0.886924 0.476146 0.862677 0.421308 0.911171 0.530985 480.000000 640.000000
1 0.252956 0.462402 0.234668 0.400812 0.271245 0.523993 480.000000 640.000000
17 0.330061 0.524818 0.301976 0.466569 0.358146 0.583067 480.000000 640.000000
8 0.954685 0.569126 0.932991 0.503483 0.976378 0.634770 480.000000 640.000000
30 0.971538 0.508870 0.954434 0.451073 0.988643 0.566666 480.000000 640.000000
36 0.303648 0.483890 0.289997 0.428045 0.317300 0.539736 480.000000 640.000000
23 0.960314 0.542778 0.932743 0.450643 0.987886 0.634914 480.000000 640.000000
