1 0.451025 0.455737 0.432268 0.394812 0.469782 0.516661 480.000000 640.000000
3 0.309150 0.523998 0.276687 0.455873 0.341614 0.592123 480.000000 640.000000
4 0.468403 0.538382 0.446019 0.468737 0.490787 0.608028 480.000000 640.000000
6 0.547978 0.463370 0.525131 0.407993 0.570825 0.518748 480.000000 640.000000
7 0.250859 0.562411 0.234789 0.499172 0.266929 0.625650 480.000000 640.000000
8 0.787195 0.574203 0.760875 0.510588 0.813515 0.637818 480.000000 640.000000
11 0.064953 0.580908 0.047072 0.514192 0.082833 0.647624 480.000000 640.000000
13 0.785592 0.490071 0.768565 0.448621 0.802620 0.531520 480.000000 640.000000
15 0.331326 0.505032 0.315208 0.449650 0.347445 0.560413 480.000000 640.000000
17 0.095221 0.517578 0.077982 0.453830 0.112460 0.581327 480.000000 640.000000
22 0.185160 0.452989 0.157792 0.390786 0.212528 0.515193 480.000000 640.000000
23 0.789537 0.543598 0.760785 0.449231 0.818289 0.637965 480.000000 640.000000
