4 0.654771 0.533686 0.637135 0.466655 0.672408 0.600717 480.000000 640.000000
7 0.429064 0.567201 0.406764 0.504071 0.451363 0.630331 480.000000 640.000000
11 0.251695 0.573367 0.234015 0.507262 0.269375 0.639472 480.000000 640.000000
27 0.004994 0.506285 -0.000025 0.486466 0.010013 0.526105 480.000000 640.000000
3 0.477597 0.515881 0.454265 0.448534 0.500929 0.583228 480.000000 640.000000
15 0.103971 0.510712 0.088808 0.451893 0.119134 0.569532 480.000000 640.000000
35 0.890563 0.475095 0.867730 0.419993 0.913395 0.530198 480.000000 640.000000
1 0.258205 0.464267 0.234676 0.403272 0.281735 0.525262 480.000000 640.000000
17 0.326994 0.521828 0.300645 0.460818 0.353343 0.582838 480.000000 640.000000
8 0.952144 0.567670 0.928401 0.503081 0.975887 0.632259 480.000000 640.000000
30 0.968975 0.512793 0.952263 0.457218 0.985687 0.568369 480.000000 640.000000
36 0.306529 0.486234 0.292114 0.431514 0.320944 0.540955 480.000000 640.000000
