4 0.578543 0.536710 0.556904 0.467729 0.600182 0.605692 480.000000 640.000000
6 0.405682 0.505842 0.386718 0.420995 0.424645 0.590688 480.000000 640.000000
7 0.357145 0.563431 0.336628 0.500815 0.377662 0.626047 480.000000 640.000000
11 0.177708 0.573486 0.160536 0.509931 0.194881 0.637041 480.000000 640.000000
27 0.064136 0.464340 0.038152 0.404727 0.090120 0.523952 480.000000 640.000000
1 0.337300 0.459990 0.312265 0.399994 0.362336 0.519985 480.000000 640.000000
30 0.893931 0.494623 0.878121 0.445166 0.909740 0.544079 480.000000 640.000000
31 0.974825 0.475069 0.954875 0.417803 0.994775 0.532334 480.000000 640.000000
8 0.884953 0.572189 0.862948 0.510357 0.906959 0.634021 480.000000 640.000000
15 0.196738 0.501929 0.176812 0.450348 0.216663 0.553509 480.000000 640.000000
17 0.236334 0.526704 0.212204 0.470558 0.260463 0.582849 480.000000 640.000000
