1 0.524175 0.449972 0.507111 0.389562 0.541239 0.510381 480.000000 640.000000
2 0.935451 0.473150 0.918292 0.407241 0.952610 0.539059 480.000000 640.000000
3 0.249976 0.522898 0.227985 0.449858 0.271967 0.595938 480.000000 640.000000
4 0.403688 0.531417 0.377368 0.450620 0.430008 0.612215 480.000000 640.000000
6 0.628705 0.460144 0.603009 0.402248 0.654401 0.518039 480.000000 640.000000
7 0.195341 0.570788 0.172130 0.507423 0.218552 0.634154 480.000000 640.000000
8 0.729794 0.563684 0.707495 0.493178 0.752093 0.634190 480.000000 640.000000
9 0.036297 0.464734 0.015196 0.399382 0.057398 0.530086 480.000000 640.000000
10 0.182362 0.477497 0.163050 0.420370 0.201673 0.534625 480.000000 640.000000
11 0.017563 0.529803 0.000123 0.471714 0.035002 0.587892 480.000000 640.000000
12 0.726511 0.541614 0.701613 0.448282 0.751410 0.634947 480.000000 640.000000
