1 0.409485 0.455741 0.390238 0.394087 0.428732 0.517395 480.000000 640.000000
3 0.346257 0.525041 0.319908 0.457033 0.372607 0.593048 480.000000 640.000000
4 0.510173 0.535912 0.487008 0.463007 0.533339 0.608818 480.000000 640.000000
6 0.495934 0.465831 0.477570 0.409511 0.514298 0.522152 480.000000 640.000000
7 0.285892 0.566192 0.266228 0.503622 0.305557 0.628763 480.000000 640.000000
11 0.108602 0.576742 0.089786 0.511441 0.127417 0.642043 480.000000 640.000000
17 0.149009 0.493001 0.123643 0.405024 0.174375 0.580977 480.000000 640.000000
22 0.146978 0.518875 0.121331 0.457331 0.172625 0.580419 480.000000 640.000000
10 0.051243 0.484055 0.029662 0.431146 0.072824 0.536964 480.000000 640.000000
15 0.280512 0.503303 0.262090 0.449723 0.298934 0.556883 480.000000 640.000000
26 0.051335 0.502778 0.028451 0.468403 0.074219 0.537153 480.000000 640.000000
23 0.823657 0.542958 0.796777 0.449078 0.850537 0.636837 480.000000 640.000000
