4 0.576388 0.536735 0.554221 0.468509 0.598554 0.604961 480.000000 640.000000
6 0.408667 0.501954 0.392244 0.420864 0.425091 0.583044 480.000000 640.000000
7 0.355448 0.564451 0.333105 0.502963 0.377790 0.625938 480.000000 640.000000
11 0.176055 0.573074 0.158444 0.509953 0.193666 0.636195 480.000000 640.000000
27 0.066222 0.464233 0.040198 0.404010 0.092246 0.524457 480.000000 640.000000
1 0.341107 0.460911 0.312542 0.401109 0.369672 0.520713 480.000000 640.000000
30 0.891991 0.497340 0.875868 0.446875 0.908114 0.547805 480.000000 640.000000
31 0.978868 0.474397 0.961055 0.416243 0.996681 0.532550 480.000000 640.000000
8 0.882278 0.574032 0.860797 0.512596 0.903759 0.635468 480.000000 640.000000
15 0.200799 0.501438 0.185368 0.450913 0.216229 0.551963 480.000000 640.000000
17 0.232952 0.522700 0.212166 0.462612 0.253738 0.582787 480.000000 640.000000
