1 0.481265 0.451709 0.464610 0.388863 0.497921 0.514554 480.000000 640.000000
2 0.979517 0.480352 0.962562 0.415558 0.996472 0.545145 480.000000 640.000000
3 0.279030 0.524976 0.251595 0.458185 0.306465 0.591768 480.000000 640.000000
4 0.442238 0.537557 0.417052 0.467750 0.467423 0.607364 480.000000 640.000000
6 0.580067 0.462300 0.560714 0.406075 0.599420 0.518524 480.000000 640.000000
7 0.227183 0.567508 0.209351 0.502763 0.245015 0.632253 480.000000 640.000000
8 0.762428 0.569689 0.740536 0.500102 0.784319 0.639277 480.000000 640.000000
10 0.133987 0.476256 0.121984 0.419735 0.145991 0.532777 480.000000 640.000000
11 0.046426 0.579370 0.015869 0.511716 0.076982 0.647023 480.000000 640.000000
13 0.754981 0.513024 0.739106 0.447898 0.770856 0.578151 480.000000 640.000000
15 0.366484 0.509503 0.352106 0.450215 0.380862 0.568792 480.000000 640.000000
17 0.063730 0.522666 0.040098 0.466148 0.087363 0.579185 480.000000 640.000000
20 0.010170 0.462195 0.000155 0.397990 0.020186 0.526400 480.000000 640.000000
21 0.051400 0.556878 0.015680 0.467509 0.087119 0.646247 480.000000 640.000000
22 0.218099 0.451389 0.201823 0.390972 0.234375 0.511806 480.000000 640.000000
