1 0.440841 0.454953 0.424413 0.392493 0.457270 0.517412 480.000000 640.000000
3 0.317241 0.522327 0.286048 0.452028 0.348434 0.592627 480.000000 640.000000
4 0.481268 0.539816 0.455270 0.470911 0.507265 0.608720 480.000000 640.000000
6 0.531417 0.461822 0.513282 0.404110 0.549551 0.519533 480.000000 640.000000
7 0.263721 0.563874 0.244543 0.499797 0.282899 0.627950 480.000000 640.000000
8 0.797594 0.572150 0.775315 0.507888 0.819872 0.636412 480.000000 640.000000
11 0.081999 0.581098 0.056098 0.514193 0.107901 0.648002 480.000000 640.000000
17 0.106618 0.520210 0.077443 0.457162 0.135792 0.583258 480.000000 640.000000
22 0.175410 0.452544 0.155830 0.388926 0.194990 0.516162 480.000000 640.000000
23 0.797743 0.541758 0.776657 0.445037 0.818830 0.638478 480.000000 640.000000
