1 0.398205 0.455531 0.380157 0.393448 0.416254 0.517615 480.000000 640.000000
3 0.352981 0.527014 0.328370 0.460588 0.377591 0.593439 480.000000 640.000000
4 0.521981 0.538746 0.496257 0.468006 0.547705 0.609486 480.000000 640.000000
6 0.476372 0.471697 0.452462 0.413015 0.500282 0.530379 480.000000 640.000000
7 0.303557 0.564334 0.283999 0.500324 0.323116 0.628344 480.000000 640.000000
11 0.121658 0.579575 0.096210 0.516412 0.147105 0.642738 480.000000 640.000000
17 0.159219 0.519446 0.134144 0.459362 0.184295 0.579530 480.000000 640.000000
10 0.042068 0.480925 0.022339 0.424347 0.061796 0.537502 480.000000 640.000000
15 0.266748 0.506315 0.246084 0.449436 0.287413 0.563195 480.000000 640.000000
23 0.830295 0.539551 0.805789 0.440887 0.854801 0.638215 480.000000 640.000000
27 0.125333 0.456837 0.111654 0.397572 0.139011 0.516101 480.000000 640.000000
