1 0.472642 0.451592 0.456097 0.392172 0.489188 0.511012 480.000000 640.000000
2 0.983317 0.482282 0.965620 0.417209 1.001014 0.547354 480.000000 640.000000
3 0.288704 0.524160 0.261989 0.457233 0.315419 0.591087 480.000000 640.000000
4 0.447693 0.540210 0.423374 0.471517 0.472012 0.608903 480.000000 640.000000
6 0.567618 0.460727 0.550674 0.404041 0.584562 0.517413 480.000000 640.000000
7 0.238208 0.567243 0.214034 0.502566 0.262382 0.631920 480.000000 640.000000
8 0.768438 0.568302 0.746707 0.498779 0.790169 0.637824 480.000000 640.000000
10 0.123049 0.479169 0.101557 0.423323 0.144541 0.535014 480.000000 640.000000
11 0.047569 0.583275 0.020666 0.518604 0.074472 0.647945 480.000000 640.000000
13 0.762768 0.500174 0.745974 0.449978 0.779563 0.550370 480.000000 640.000000
15 0.351918 0.508623 0.331128 0.450242 0.372707 0.567004 480.000000 640.000000
17 0.074622 0.523873 0.056264 0.466543 0.092980 0.581204 480.000000 640.000000
20 0.005510 0.486596 -0.000095 0.443240 0.011116 0.529952 480.000000 640.000000
