4 0.606353 0.536727 0.584915 0.467767 0.627791 0.605687 480.000000 640.000000
6 0.372135 0.483700 0.357074 0.421251 0.387196 0.546148 480.000000 640.000000
7 0.386582 0.564117 0.362904 0.502671 0.410259 0.625563 480.000000 640.000000
11 0.203134 0.576577 0.176561 0.511823 0.229706 0.641331 480.000000 640.000000
27 0.032018 0.463434 0.009208 0.401535 0.054828 0.525334 480.000000 640.000000
1 0.305675 0.460432 0.281648 0.400741 0.329702 0.520123 480.000000 640.000000
30 0.922743 0.494794 0.898725 0.435502 0.946762 0.554087 480.000000 640.000000
31 0.949947 0.475711 0.937680 0.420808 0.962215 0.530614 480.000000 640.000000
8 0.907582 0.570657 0.876716 0.505078 0.938449 0.636236 480.000000 640.000000
17 0.265635 0.519554 0.253205 0.457752 0.278065 0.581357 480.000000 640.000000
3 0.429947 0.520529 0.401944 0.454808 0.457950 0.586249 480.000000 640.000000
15 0.164059 0.508408 0.142542 0.449227 0.185577 0.567588 480.000000 640.000000
23 0.912436 0.535795 0.877633 0.436174 0.947240 0.635416 480.000000 640.000000
