4 0.635595 0.536972 0.610947 0.468127 0.660244 0.605816 480.000000 640.000000
6 0.343612 0.483315 0.325585 0.425274 0.361638 0.541355 480.000000 640.000000
7 0.406611 0.563251 0.390205 0.499900 0.423017 0.626601 480.000000 640.000000
11 0.231599 0.574654 0.208785 0.508799 0.254414 0.640508 480.000000 640.000000
27 0.011153 0.463455 -0.000707 0.400919 0.023013 0.525990 480.000000 640.000000
3 0.460654 0.515919 0.440059 0.447978 0.481249 0.583859 480.000000 640.000000
15 0.133728 0.508661 0.115803 0.448883 0.151653 0.568439 480.000000 640.000000
23 0.931756 0.539421 0.905933 0.441189 0.957579 0.637654 480.000000 640.000000
35 0.917890 0.473034 0.900449 0.416767 0.935330 0.529302 480.000000 640.000000
36 0.289882 0.492405 0.266560 0.400786 0.313203 0.584024 480.000000 640.000000
8 0.929442 0.565251 0.906558 0.493495 0.952326 0.637006 480.000000 640.000000
