1 0.433546 0.455800 0.415223 0.394683 0.451869 0.516917 480.000000 640.000000
3 0.323825 0.523229 0.298172 0.455290 0.349478 0.591168 480.000000 640.000000
4 0.483487 0.538820 0.457899 0.469001 0.509076 0.608640 480.000000 640.000000
6 0.523753 0.464133 0.504015 0.406021 0.543492 0.522245 480.000000 640.000000
7 0.270630 0.564523 0.248621 0.502091 0.292640 0.626954 480.000000 640.000000
11 0.086039 0.582083 0.057718 0.515807 0.114361 0.648360 480.000000 640.000000
17 0.116326 0.524088 0.095914 0.465953 0.136739 0.582224 480.000000 640.000000
22 0.169336 0.452231 0.156317 0.388732 0.182355 0.515730 480.000000 640.000000
23 0.800855 0.539784 0.780501 0.445066 0.821210 0.634503 480.000000 640.000000
10 0.079221 0.488724 0.060562 0.443285 0.097880 0.534164 480.000000 640.000000
15 0.307047 0.509699 0.288421 0.451210 0.325673 0.568189 480.000000 640.000000
