4 0.608025 0.537460 0.587088 0.469334 0.628962 0.605586 480.000000 640.000000
6 0.369581 0.483952 0.354343 0.421892 0.384820 0.546013 480.000000 640.000000
7 0.387740 0.563937 0.362889 0.501748 0.412592 0.626125 480.000000 640.000000
11 0.204657 0.576499 0.179667 0.511419 0.229648 0.641579 480.000000 640.000000
27 0.030418 0.462811 0.006565 0.400507 0.054271 0.525115 480.000000 640.000000
1 0.304308 0.461613 0.280014 0.401906 0.328603 0.521319 480.000000 640.000000
30 0.924243 0.493033 0.900908 0.429712 0.947579 0.556353 480.000000 640.000000
31 0.948244 0.475247 0.936332 0.419418 0.960155 0.531076 480.000000 640.000000
8 0.910472 0.574337 0.880844 0.512261 0.940100 0.636414 480.000000 640.000000
17 0.268257 0.518661 0.256300 0.454972 0.280214 0.582350 480.000000 640.000000
3 0.430755 0.520256 0.403673 0.454028 0.457837 0.586483 480.000000 640.000000
15 0.161761 0.508702 0.138594 0.449684 0.184929 0.567719 480.000000 640.000000
23 0.914316 0.534286 0.880865 0.432205 0.947768 0.636366 480.000000 640.000000
