1 0.407388 0.454908 0.388750 0.392640 0.426026 0.517176 480.000000 640.000000
3 0.348024 0.525517 0.321310 0.457913 0.374738 0.593121 480.000000 640.000000
4 0.513232 0.536572 0.488479 0.465480 0.537986 0.607665 480.000000 640.000000
6 0.492540 0.465771 0.474841 0.410311 0.510239 0.521231 480.000000 640.000000
7 0.290835 0.565063 0.273629 0.500667 0.308040 0.629459 480.000000 640.000000
11 0.112014 0.577543 0.091568 0.512237 0.132460 0.642849 480.000000 640.000000
17 0.151017 0.509758 0.124670 0.438855 0.177364 0.580661 480.000000 640.000000
22 0.147510 0.501011 0.120886 0.420372 0.174134 0.581651 480.000000 640.000000
10 0.049806 0.494804 0.027073 0.452460 0.072538 0.537147 480.000000 640.000000
15 0.276869 0.504948 0.257986 0.451045 0.295752 0.558852 480.000000 640.000000
23 0.824899 0.542346 0.797843 0.447093 0.851955 0.637599 480.000000 640.000000
27 0.138118 0.455903 0.124023 0.399306 0.152214 0.512500 480.000000 640.000000
