1 0.389600 0.456825 0.370095 0.398690 0.409104 0.514961 480.000000 640.000000
3 0.364807 0.526126 0.346354 0.459310 0.383260 0.592943 480.000000 640.000000
4 0.531673 0.539141 0.512259 0.468319 0.551086 0.609962 480.000000 640.000000
6 0.469069 0.473168 0.447291 0.414920 0.490846 0.531415 480.000000 640.000000
7 0.314145 0.565093 0.289412 0.500825 0.338879 0.629362 480.000000 640.000000
11 0.130986 0.579633 0.110683 0.514837 0.151288 0.644429 480.000000 640.000000
17 0.173571 0.515430 0.160988 0.457285 0.186154 0.573575 480.000000 640.000000
10 0.024630 0.479576 0.011558 0.422001 0.037702 0.537152 480.000000 640.000000
15 0.256209 0.504769 0.241574 0.444452 0.270843 0.565087 480.000000 640.000000
23 0.842786 0.545173 0.820431 0.454456 0.865140 0.635889 480.000000 640.000000
27 0.112370 0.459334 0.089402 0.399651 0.135338 0.519018 480.000000 640.000000
