4 0.651636 0.533881 0.633647 0.467361 0.669625 0.600401 480.000000 640.000000
7 0.427646 0.567308 0.403890 0.504291 0.451403 0.630325 480.000000 640.000000
11 0.249633 0.574277 0.230679 0.508004 0.268587 0.640550 480.000000 640.000000
27 0.005908 0.494031 -0.000088 0.461868 0.011904 0.526195 480.000000 640.000000
3 0.476001 0.516435 0.450418 0.449719 0.501584 0.583152 480.000000 640.000000
15 0.107485 0.510964 0.092363 0.452027 0.122606 0.569900 480.000000 640.000000
35 0.892063 0.475153 0.869957 0.420275 0.914169 0.530031 480.000000 640.000000
1 0.260495 0.463568 0.235133 0.403764 0.285858 0.523371 480.000000 640.000000
17 0.324885 0.515734 0.300146 0.448347 0.349625 0.583120 480.000000 640.000000
8 0.951404 0.567179 0.924966 0.502724 0.977842 0.631634 480.000000 640.000000
30 0.967061 0.508719 0.948980 0.449684 0.985143 0.567754 480.000000 640.000000
37 0.308854 0.482639 0.293229 0.425694 0.324479 0.539583 480.000000 640.000000
38 0.006079 0.507292 0.000000 0.488889 0.012158 0.525694 480.000000 640.000000
23 0.954936 0.542783 0.924726 0.454343 0.985146 0.631223 480.000000 640.000000
