1 0.421902 0.457574 0.395929 0.397992 0.447876 0.517156 480.000000 640.000000
3 0.335185 0.521572 0.314076 0.455583 0.356294 0.587561 480.000000 640.000000
4 0.491978 0.534549 0.471479 0.462693 0.512476 0.606405 480.000000 640.000000
6 0.513230 0.463535 0.489304 0.409170 0.537155 0.517900 480.000000 640.000000
7 0.276949 0.565861 0.252037 0.502776 0.301861 0.628946 480.000000 640.000000
11 0.093137 0.580501 0.071467 0.516077 0.114807 0.644924 480.000000 640.000000
17 0.123052 0.520337 0.109049 0.458113 0.137055 0.582560 480.000000 640.000000
22 0.159486 0.454614 0.143767 0.391349 0.175204 0.517878 480.000000 640.000000
23 0.805879 0.542900 0.782093 0.447663 0.829665 0.638137 480.000000 640.000000
10 0.073049 0.478668 0.056830 0.422880 0.089269 0.534457 480.000000 640.000000
15 0.304114 0.509011 0.286158 0.451159 0.322070 0.566862 480.000000 640.000000
