1 0.515066 0.450471 0.494462 0.389957 0.535670 0.510986 480.000000 640.000000
2 0.944914 0.478005 0.923950 0.415622 0.965878 0.540387 480.000000 640.000000
3 0.256321 0.520239 0.238304 0.449767 0.274339 0.590712 480.000000 640.000000
4 0.406850 0.530439 0.380961 0.448701 0.432740 0.612178 480.000000 640.000000
6 0.619943 0.459328 0.600908 0.401507 0.638978 0.517149 480.000000 640.000000
7 0.201584 0.570118 0.177501 0.507829 0.225666 0.632406 480.000000 640.000000
8 0.737096 0.568963 0.716321 0.497340 0.757872 0.640586 480.000000 640.000000
9 0.027036 0.470742 0.004277 0.399651 0.049795 0.541833 480.000000 640.000000
10 0.174185 0.475747 0.160900 0.418051 0.187469 0.533443 480.000000 640.000000
11 0.020838 0.580385 0.000162 0.512130 0.041514 0.648640 480.000000 640.000000
12 0.729525 0.544788 0.705042 0.448835 0.754008 0.640742 480.000000 640.000000
13 0.721354 0.508333 0.704167 0.449653 0.738542 0.567014 480.000000 640.000000
