4 0.604340 0.537254 0.581479 0.468515 0.627201 0.605992 480.000000 640.000000
6 0.375017 0.480405 0.360444 0.420857 0.389590 0.539954 480.000000 640.000000
7 0.384247 0.564063 0.361896 0.502784 0.406599 0.625343 480.000000 640.000000
11 0.202420 0.576246 0.175339 0.511740 0.229502 0.640752 480.000000 640.000000
27 0.035511 0.463380 0.015546 0.400737 0.055477 0.526023 480.000000 640.000000
1 0.308054 0.460417 0.284732 0.400768 0.331377 0.520067 480.000000 640.000000
30 0.919666 0.495876 0.897042 0.442293 0.942290 0.549460 480.000000 640.000000
31 0.953052 0.474513 0.939650 0.419036 0.966455 0.529990 480.000000 640.000000
8 0.905100 0.570039 0.874544 0.503738 0.935656 0.636340 480.000000 640.000000
17 0.261435 0.520841 0.247192 0.461076 0.275679 0.580607 480.000000 640.000000
3 0.429323 0.520702 0.400766 0.454449 0.457880 0.586956 480.000000 640.000000
15 0.166472 0.508229 0.146442 0.448259 0.186502 0.568198 480.000000 640.000000
