1 0.466362 0.450539 0.448339 0.395037 0.484385 0.506041 480.000000 640.000000
2 0.984261 0.483839 0.967767 0.420976 1.000755 0.546703 480.000000 640.000000
3 0.293498 0.523003 0.268957 0.455904 0.318039 0.590101 480.000000 640.000000
4 0.460528 0.534094 0.434781 0.458525 0.486276 0.609663 480.000000 640.000000
6 0.556516 0.461837 0.533348 0.405529 0.579683 0.518146 480.000000 640.000000
7 0.241612 0.566590 0.217158 0.500569 0.266067 0.632611 480.000000 640.000000
8 0.779081 0.568955 0.758029 0.500011 0.800133 0.637899 480.000000 640.000000
10 0.119368 0.480609 0.097308 0.424841 0.141429 0.536377 480.000000 640.000000
11 0.054563 0.582197 0.032862 0.517036 0.076265 0.647358 480.000000 640.000000
13 0.769163 0.493465 0.752011 0.451309 0.786316 0.535621 480.000000 640.000000
15 0.345975 0.509397 0.323120 0.450808 0.368830 0.567986 480.000000 640.000000
17 0.079333 0.523510 0.065268 0.466088 0.093398 0.580932 480.000000 640.000000
22 0.194606 0.450610 0.173768 0.389114 0.215445 0.512105 480.000000 640.000000
