4 0.631845 0.536578 0.607989 0.467274 0.655701 0.605881 480.000000 640.000000
6 0.351769 0.484101 0.330178 0.426316 0.373361 0.541887 480.000000 640.000000
7 0.401752 0.563092 0.385086 0.500091 0.418418 0.626094 480.000000 640.000000
11 0.223083 0.574064 0.204261 0.508193 0.241905 0.639935 480.000000 640.000000
27 0.015613 0.462795 -0.000871 0.399637 0.032096 0.525953 480.000000 640.000000
17 0.288222 0.524771 0.260671 0.465469 0.315772 0.584073 480.000000 640.000000
3 0.455567 0.515404 0.437145 0.446678 0.473989 0.584131 480.000000 640.000000
15 0.141411 0.508456 0.125961 0.447692 0.156862 0.569219 480.000000 640.000000
23 0.928334 0.542281 0.904023 0.448884 0.952645 0.635678 480.000000 640.000000
35 0.920608 0.475252 0.902375 0.422748 0.938841 0.527755 480.000000 640.000000
36 0.285853 0.493384 0.259738 0.399422 0.311968 0.587347 480.000000 640.000000
8 0.924432 0.568871 0.903958 0.501035 0.944906 0.636708 480.000000 640.000000
