1 0.387348 0.457157 0.367142 0.398752 0.407555 0.515563 480.000000 640.000000
3 0.368025 0.526060 0.350304 0.459118 0.385746 0.593001 480.000000 640.000000
4 0.534707 0.538498 0.515260 0.467841 0.554154 0.609155 480.000000 640.000000
6 0.465359 0.472542 0.445808 0.413654 0.484910 0.531431 480.000000 640.000000
7 0.315275 0.564926 0.290512 0.500612 0.340039 0.629240 480.000000 640.000000
11 0.132733 0.578612 0.114434 0.513477 0.151031 0.643747 480.000000 640.000000
17 0.177189 0.517247 0.165124 0.456238 0.189254 0.578256 480.000000 640.000000
10 0.020913 0.479343 0.004929 0.421768 0.036896 0.536917 480.000000 640.000000
15 0.253147 0.504102 0.238158 0.444900 0.268136 0.563303 480.000000 640.000000
23 0.844161 0.548037 0.822194 0.458913 0.866128 0.637161 480.000000 640.000000
27 0.109985 0.460361 0.084778 0.400634 0.135192 0.520088 480.000000 640.000000
