4 0.600775 0.536968 0.574737 0.467712 0.626814 0.606223 480.000000 640.000000
6 0.381633 0.475779 0.365834 0.420589 0.397433 0.530968 480.000000 640.000000
7 0.377935 0.566849 0.357997 0.507362 0.397873 0.626335 480.000000 640.000000
11 0.201106 0.575141 0.174241 0.510055 0.227971 0.640227 480.000000 640.000000
27 0.041455 0.464258 0.025577 0.401384 0.057332 0.527133 480.000000 640.000000
1 0.314874 0.460532 0.294513 0.399654 0.335236 0.521410 480.000000 640.000000
30 0.909442 0.494098 0.893262 0.446513 0.925623 0.541682 480.000000 640.000000
31 0.959427 0.476212 0.942329 0.421261 0.976524 0.531164 480.000000 640.000000
8 0.899229 0.572976 0.872084 0.509638 0.926374 0.636314 480.000000 640.000000
17 0.252901 0.521205 0.232442 0.460106 0.273360 0.582304 480.000000 640.000000
3 0.427981 0.520157 0.399874 0.452995 0.456088 0.587319 480.000000 640.000000
15 0.173183 0.505603 0.156442 0.446596 0.189925 0.564611 480.000000 640.000000
