4 0.639269 0.537464 0.614788 0.468727 0.663750 0.606201 480.000000 640.000000
6 0.331611 0.482352 0.316568 0.424853 0.346654 0.539851 480.000000 640.000000
7 0.414562 0.565338 0.396353 0.501239 0.432771 0.629437 480.000000 640.000000
11 0.239742 0.574714 0.212864 0.509876 0.266621 0.639551 480.000000 640.000000
27 0.008662 0.463677 -0.000293 0.402605 0.017616 0.524749 480.000000 640.000000
3 0.463545 0.516136 0.441002 0.448386 0.486089 0.583885 480.000000 640.000000
15 0.125581 0.510252 0.101115 0.451618 0.150047 0.568886 480.000000 640.000000
35 0.913506 0.474032 0.900440 0.417251 0.926572 0.530813 480.000000 640.000000
1 0.275155 0.461332 0.254535 0.401645 0.295775 0.521020 480.000000 640.000000
17 0.299663 0.524129 0.284460 0.464022 0.314867 0.584237 480.000000 640.000000
30 0.948409 0.506976 0.931100 0.448056 0.965719 0.565896 480.000000 640.000000
8 0.934511 0.571511 0.908272 0.506617 0.960750 0.636405 480.000000 640.000000
