1 0.401158 0.455342 0.383716 0.392901 0.418601 0.517782 480.000000 640.000000
3 0.351514 0.527099 0.326138 0.461008 0.376889 0.593190 480.000000 640.000000
4 0.520213 0.538402 0.494875 0.468118 0.545551 0.608685 480.000000 640.000000
6 0.479351 0.469671 0.457201 0.412829 0.501500 0.526512 480.000000 640.000000
7 0.300556 0.563991 0.282871 0.500037 0.318240 0.627944 480.000000 640.000000
11 0.118376 0.578763 0.096684 0.516146 0.140068 0.641379 480.000000 640.000000
17 0.157458 0.519355 0.130995 0.459202 0.183920 0.579508 480.000000 640.000000
10 0.044474 0.480780 0.022577 0.424427 0.066370 0.537134 480.000000 640.000000
15 0.267698 0.506096 0.248213 0.450110 0.287183 0.562082 480.000000 640.000000
23 0.828685 0.540863 0.803040 0.443787 0.854330 0.637939 480.000000 640.000000
27 0.128316 0.457942 0.114414 0.398825 0.142218 0.517060 480.000000 640.000000
28 0.045491 0.497811 0.024436 0.458356 0.066546 0.537266 480.000000 640.000000
