4 0.628276 0.536344 0.605654 0.467378 0.650898 0.605311 480.000000 640.000000
6 0.354715 0.483946 0.331258 0.425863 0.378173 0.542028 480.000000 640.000000
7 0.398843 0.563699 0.380583 0.500542 0.417102 0.626856 480.000000 640.000000
11 0.219695 0.574378 0.202528 0.508750 0.236863 0.640006 480.000000 640.000000
27 0.018713 0.462727 -0.000481 0.400360 0.037907 0.525093 480.000000 640.000000
1 0.291631 0.443330 0.273684 0.401027 0.309579 0.485634 480.000000 640.000000
17 0.287685 0.518631 0.260294 0.453133 0.315076 0.584129 480.000000 640.000000
3 0.452861 0.516075 0.432518 0.448085 0.473204 0.584066 480.000000 640.000000
15 0.144333 0.508894 0.129525 0.448348 0.159141 0.569439 480.000000 640.000000
23 0.926988 0.540044 0.902564 0.443457 0.951412 0.636630 480.000000 640.000000
35 0.923438 0.475000 0.907292 0.423611 0.939583 0.526389 480.000000 640.000000
36 0.286133 0.493056 0.259505 0.402431 0.312760 0.583681 480.000000 640.000000
8 0.922265 0.562825 0.901363 0.488865 0.943168 0.636786 480.000000 640.000000
