4 0.574987 0.537388 0.553228 0.468709 0.596747 0.606067 480.000000 640.000000
6 0.410043 0.494324 0.393843 0.419991 0.426242 0.568658 480.000000 640.000000
7 0.354778 0.565307 0.331323 0.504983 0.378234 0.625631 480.000000 640.000000
11 0.173046 0.576333 0.155692 0.512499 0.190399 0.640168 480.000000 640.000000
27 0.066298 0.463932 0.038588 0.402103 0.094008 0.525760 480.000000 640.000000
1 0.340798 0.461472 0.312998 0.401587 0.368599 0.521358 480.000000 640.000000
30 0.890242 0.484808 0.874205 0.446179 0.906278 0.523437 480.000000 640.000000
31 0.982773 0.473806 0.967993 0.415829 0.997552 0.531784 480.000000 640.000000
8 0.881496 0.570900 0.859481 0.506285 0.903512 0.635514 480.000000 640.000000
15 0.200659 0.502114 0.184993 0.449781 0.216324 0.554448 480.000000 640.000000
17 0.229313 0.519491 0.211578 0.456332 0.247047 0.582650 480.000000 640.000000
