4 0.634137 0.536668 0.609468 0.467699 0.658806 0.605637 480.000000 640.000000
6 0.347807 0.483679 0.327659 0.425545 0.367954 0.541813 480.000000 640.000000
7 0.404108 0.562170 0.387786 0.499920 0.420431 0.624419 480.000000 640.000000
11 0.227576 0.574625 0.206469 0.508436 0.248684 0.640815 480.000000 640.000000
27 0.012802 0.462580 -0.000829 0.400040 0.026433 0.525119 480.000000 640.000000
3 0.458362 0.516071 0.438961 0.447750 0.477763 0.584393 480.000000 640.000000
15 0.138265 0.508258 0.122757 0.448355 0.153773 0.568162 480.000000 640.000000
23 0.929079 0.540998 0.904440 0.445742 0.953718 0.636254 480.000000 640.000000
35 0.918939 0.473969 0.900703 0.418861 0.937175 0.529077 480.000000 640.000000
36 0.287365 0.492661 0.262107 0.400444 0.312624 0.584877 480.000000 640.000000
8 0.926871 0.566328 0.905123 0.495257 0.948620 0.637399 480.000000 640.000000
