1 0.420674 0.457754 0.394080 0.398571 0.447268 0.516937 480.000000 640.000000
3 0.334644 0.521266 0.311208 0.455831 0.358080 0.586700 480.000000 640.000000
4 0.493316 0.537299 0.474898 0.469065 0.511734 0.605532 480.000000 640.000000
6 0.511265 0.464048 0.486749 0.410133 0.535781 0.517963 480.000000 640.000000
7 0.277789 0.566229 0.253276 0.503079 0.302302 0.629379 480.000000 640.000000
11 0.094890 0.580332 0.075717 0.514708 0.114063 0.645957 480.000000 640.000000
17 0.126055 0.519463 0.112926 0.457165 0.139184 0.581761 480.000000 640.000000
22 0.157004 0.455363 0.138959 0.392593 0.175049 0.518134 480.000000 640.000000
23 0.810761 0.543311 0.789979 0.449957 0.831544 0.636665 480.000000 640.000000
10 0.069405 0.478695 0.054507 0.422711 0.084303 0.534678 480.000000 640.000000
15 0.300865 0.509255 0.285006 0.451901 0.316723 0.566610 480.000000 640.000000
