3 0.388723 0.525717 0.363367 0.458300 0.414079 0.593135 480.000000 640.000000
4 0.561216 0.539217 0.535100 0.468443 0.587332 0.609991 480.000000 640.000000
6 0.434115 0.476885 0.409409 0.419042 0.458821 0.534727 480.000000 640.000000
7 0.342335 0.564072 0.321428 0.502690 0.363243 0.625455 480.000000 640.000000
11 0.162266 0.578565 0.134847 0.513278 0.189685 0.643852 480.000000 640.000000
17 0.208857 0.519545 0.183375 0.455148 0.234340 0.583941 480.000000 640.000000
23 0.866129 0.541690 0.840971 0.444443 0.891286 0.638936 480.000000 640.000000
27 0.083798 0.461943 0.068352 0.399739 0.099245 0.524148 480.000000 640.000000
1 0.358391 0.458400 0.340459 0.398687 0.376323 0.518113 480.000000 640.000000
30 0.872052 0.489820 0.856278 0.442908 0.887826 0.536731 480.000000 640.000000
31 0.987774 0.480919 0.975434 0.432901 1.000115 0.528938 480.000000 640.000000
8 0.865964 0.575553 0.840283 0.512136 0.891645 0.638969 480.000000 640.000000
