4 0.658633 0.534527 0.639666 0.466148 0.677599 0.602907 480.000000 640.000000
7 0.430688 0.567148 0.410358 0.503516 0.451018 0.630779 480.000000 640.000000
11 0.254481 0.568437 0.236459 0.497809 0.272504 0.639065 480.000000 640.000000
3 0.479298 0.514982 0.458950 0.448313 0.499647 0.581652 480.000000 640.000000
15 0.101166 0.510381 0.085928 0.451611 0.116404 0.569151 480.000000 640.000000
35 0.888378 0.475515 0.864284 0.420098 0.912472 0.530932 480.000000 640.000000
1 0.255677 0.463607 0.234644 0.402640 0.276711 0.524573 480.000000 640.000000
17 0.328530 0.524220 0.301387 0.465248 0.355673 0.583192 480.000000 640.000000
8 0.953558 0.567871 0.931060 0.503007 0.976056 0.632735 480.000000 640.000000
30 0.969874 0.510059 0.953676 0.452506 0.986072 0.567611 480.000000 640.000000
36 0.305526 0.484304 0.291087 0.428789 0.319966 0.539820 480.000000 640.000000
23 0.958094 0.542202 0.930380 0.451539 0.985807 0.632865 480.000000 640.000000
