1 0.475401 0.450688 0.457933 0.390986 0.492868 0.510391 480.000000 640.000000
2 0.983177 0.481947 0.965400 0.417375 1.000955 0.546518 480.000000 640.000000
3 0.286060 0.525129 0.259490 0.459469 0.312630 0.590788 480.000000 640.000000
4 0.446113 0.539944 0.420380 0.470671 0.471847 0.609217 480.000000 640.000000
6 0.569168 0.461282 0.553556 0.405700 0.584780 0.516864 480.000000 640.000000
7 0.236652 0.567102 0.213879 0.502954 0.259425 0.631251 480.000000 640.000000
8 0.769198 0.567536 0.748566 0.499796 0.789830 0.635276 480.000000 640.000000
10 0.125711 0.477675 0.106694 0.420634 0.144727 0.534717 480.000000 640.000000
11 0.046920 0.582634 0.018974 0.517817 0.074865 0.647451 480.000000 640.000000
13 0.761143 0.515330 0.744165 0.449974 0.778121 0.580687 480.000000 640.000000
15 0.354964 0.508613 0.335957 0.450757 0.373972 0.566469 480.000000 640.000000
17 0.072042 0.523528 0.052244 0.466017 0.091841 0.581038 480.000000 640.000000
22 0.209401 0.449030 0.198588 0.386494 0.220213 0.511566 480.000000 640.000000
