1 0.438568 0.455233 0.422573 0.393580 0.454564 0.516885 480.000000 640.000000
3 0.319333 0.522955 0.290116 0.453864 0.348551 0.592046 480.000000 640.000000
4 0.482486 0.539753 0.456534 0.471029 0.508438 0.608476 480.000000 640.000000
6 0.527588 0.462991 0.511205 0.404831 0.543970 0.521151 480.000000 640.000000
7 0.267346 0.564150 0.246741 0.501099 0.287952 0.627201 480.000000 640.000000
8 0.800596 0.571036 0.779698 0.506599 0.821494 0.635472 480.000000 640.000000
11 0.084367 0.581782 0.056718 0.514999 0.112017 0.648566 480.000000 640.000000
17 0.112436 0.523214 0.087837 0.463442 0.137035 0.582986 480.000000 640.000000
22 0.172796 0.452129 0.157048 0.388764 0.188545 0.515495 480.000000 640.000000
23 0.799892 0.541881 0.779693 0.446621 0.820091 0.637140 480.000000 640.000000
10 0.081746 0.478468 0.065378 0.423564 0.098115 0.533371 480.000000 640.000000
