1 0.463926 0.449425 0.445424 0.395248 0.482427 0.503602 480.000000 640.000000
2 0.985188 0.488928 0.970056 0.430517 1.000320 0.547338 480.000000 640.000000
3 0.296380 0.523601 0.270706 0.455658 0.322053 0.591544 480.000000 640.000000
4 0.461783 0.532967 0.436601 0.456642 0.486965 0.609291 480.000000 640.000000
6 0.553814 0.462541 0.529240 0.406508 0.578388 0.518575 480.000000 640.000000
7 0.242512 0.566607 0.218652 0.500096 0.266372 0.633119 480.000000 640.000000
8 0.778848 0.569284 0.754530 0.499997 0.803166 0.638571 480.000000 640.000000
10 0.117635 0.480940 0.097228 0.425573 0.138042 0.536306 480.000000 640.000000
11 0.055927 0.581588 0.036978 0.516105 0.074876 0.647071 480.000000 640.000000
13 0.771347 0.493062 0.754492 0.450427 0.788201 0.535698 480.000000 640.000000
15 0.344774 0.510087 0.323017 0.451436 0.366531 0.568739 480.000000 640.000000
17 0.080281 0.521068 0.067916 0.460278 0.092645 0.581859 480.000000 640.000000
22 0.191144 0.450944 0.168376 0.390026 0.213911 0.511862 480.000000 640.000000
