1 0.419445 0.457800 0.392955 0.398762 0.445936 0.516838 480.000000 640.000000
3 0.335822 0.523236 0.311603 0.456841 0.360041 0.589631 480.000000 640.000000
4 0.495686 0.538359 0.477216 0.471027 0.514157 0.605690 480.000000 640.000000
6 0.508914 0.463998 0.483847 0.411396 0.533981 0.516601 480.000000 640.000000
7 0.279399 0.570024 0.255444 0.510744 0.303354 0.629304 480.000000 640.000000
11 0.096450 0.578886 0.078852 0.513950 0.114047 0.643823 480.000000 640.000000
17 0.131109 0.519361 0.115346 0.455891 0.146873 0.582832 480.000000 640.000000
22 0.156439 0.455164 0.138182 0.393735 0.174696 0.516592 480.000000 640.000000
23 0.812178 0.542752 0.790748 0.449635 0.833607 0.635869 480.000000 640.000000
10 0.064708 0.479153 0.051029 0.422878 0.078387 0.535428 480.000000 640.000000
15 0.296912 0.508875 0.282003 0.451223 0.311821 0.566527 480.000000 640.000000
24 0.505469 0.532292 0.477083 0.460417 0.533854 0.604167 480.000000 640.000000
