1 0.519100 0.450038 0.500324 0.389931 0.537875 0.510145 480.000000 640.000000
2 0.942171 0.477868 0.922423 0.414030 0.961918 0.541705 480.000000 640.000000
3 0.254571 0.522250 0.237379 0.451077 0.271763 0.593423 480.000000 640.000000
4 0.405646 0.530016 0.378975 0.447343 0.432317 0.612688 480.000000 640.000000
6 0.623558 0.459349 0.602957 0.402642 0.644159 0.516055 480.000000 640.000000
7 0.200509 0.569998 0.176190 0.507186 0.224828 0.632811 480.000000 640.000000
8 0.737173 0.566996 0.718832 0.497165 0.755514 0.636827 480.000000 640.000000
9 0.028651 0.484612 0.004155 0.399599 0.053146 0.569624 480.000000 640.000000
10 0.175446 0.476100 0.161081 0.417832 0.189812 0.534368 480.000000 640.000000
11 0.017988 0.575677 0.000155 0.507201 0.035820 0.644152 480.000000 640.000000
12 0.729575 0.543196 0.704970 0.449171 0.754180 0.637221 480.000000 640.000000
