3 0.377625 0.494493 0.356009 0.396418 0.399241 0.592569 480.000000 640.000000
4 0.545738 0.540199 0.523058 0.470563 0.568417 0.609836 480.000000 640.000000
6 0.448853 0.473099 0.431684 0.414158 0.466021 0.532039 480.000000 640.000000
7 0.325680 0.561790 0.309268 0.498533 0.342093 0.625047 480.000000 640.000000
11 0.144478 0.576751 0.126576 0.510420 0.162379 0.643082 480.000000 640.000000
17 0.193987 0.522523 0.170391 0.462085 0.217583 0.582962 480.000000 640.000000
10 0.016011 0.495684 -0.001496 0.453219 0.033519 0.538148 480.000000 640.000000
15 0.237554 0.507015 0.214181 0.448519 0.260927 0.565511 480.000000 640.000000
23 0.856838 0.539259 0.832499 0.441239 0.881177 0.637279 480.000000 640.000000
27 0.103267 0.460910 0.079823 0.400068 0.126710 0.521751 480.000000 640.000000
