2 0.577256 0.615333 0.554533 0.547565 0.599979 0.683100 480.000000 640.000000
3 0.457890 0.610835 0.436515 0.545311 0.479265 0.676359 480.000000 640.000000
4 0.127399 0.651668 0.101807 0.577847 0.152991 0.725488 480.000000 640.000000
5 0.286557 0.646931 0.268724 0.566486 0.304390 0.727375 480.000000 640.000000
6 0.992396 0.550325 0.984735 0.497248 1.000057 0.603402 480.000000 640.000000
7 0.016977 0.499076 -0.001014 0.436229 0.034968 0.561922 480.000000 640.000000
9 0.547798 0.548276 0.531255 0.488283 0.564340 0.608270 480.000000 640.000000
12 0.484644 0.592406 0.470834 0.527015 0.498453 0.657798 480.000000 640.000000
13 0.906694 0.603274 0.877987 0.524417 0.935401 0.682130 480.000000 640.000000
14 0.509121 0.520216 0.492138 0.459695 0.526105 0.580737 480.000000 640.000000
15 0.372414 0.572797 0.350639 0.511458 0.394189 0.634135 480.000000 640.000000
20 0.870313 0.504004 0.847586 0.421437 0.893040 0.586571 480.000000 640.000000
24 0.173233 0.431789 0.158898 0.371035 0.187567 0.492543 480.000000 640.000000
27 0.914278 0.453882 0.898254 0.401423 0.930301 0.506341 480.000000 640.000000
29 0.292153 0.466507 0.274440 0.401644 0.309866 0.531370 480.000000 640.000000
30 0.350616 0.522758 0.337241 0.460983 0.363991 0.584532 480.000000 640.000000
31 0.019145 0.611690 0.001168 0.550402 0.037122 0.672978 480.000000 640.000000
33 0.120906 0.471128 0.099627 0.397637 0.142185 0.544620 480.000000 640.000000
34 0.612608 0.481289 0.596031 0.407237 0.629185 0.555342 480.000000 640.000000
18 0.699770 0.454132 0.683694 0.395551 0.715846 0.512713 480.000000 640.000000
1 0.636360 0.572701 0.613850 0.503297 0.658870 0.642106 480.000000 640.000000
25 0.082077 0.493923 0.062393 0.417504 0.101761 0.570341 480.000000 640.000000
11 0.456372 0.513132 0.433016 0.455990 0.479728 0.570275 480.000000 640.000000
