5 0.552681 0.648133 0.525760 0.573223 0.579602 0.723043 480.000000 640.000000
15 0.693381 0.576761 0.675545 0.513886 0.711218 0.639635 480.000000 640.000000
30 0.620645 0.529261 0.599954 0.469604 0.641337 0.588919 480.000000 640.000000
1 0.932649 0.576160 0.914293 0.506782 0.951005 0.645539 480.000000 640.000000
7 0.313557 0.555999 0.289433 0.496245 0.337681 0.615754 480.000000 640.000000
57 0.765239 0.597022 0.738534 0.529762 0.791945 0.664282 480.000000 640.000000
67 0.142813 0.650425 0.118883 0.561579 0.166743 0.739270 480.000000 640.000000
9 0.806719 0.556856 0.788345 0.494327 0.825093 0.619386 480.000000 640.000000
63 0.205130 0.618186 0.175268 0.552190 0.234992 0.684182 480.000000 640.000000
82 0.029899 0.447482 0.016811 0.416099 0.042986 0.478865 480.000000 640.000000
92 0.387485 0.451287 0.372777 0.392571 0.402193 0.510004 480.000000 640.000000
109 0.053269 0.581750 0.026027 0.503283 0.080510 0.660216 480.000000 640.000000
11 0.502135 0.460474 0.487173 0.399273 0.517098 0.521676 480.000000 640.000000
4 0.373863 0.642922 0.350070 0.569909 0.397655 0.715935 480.000000 640.000000
56 0.192120 0.555443 0.178353 0.503052 0.205887 0.607835 480.000000 640.000000
93 0.715661 0.463305 0.699472 0.406684 0.731849 0.519926 480.000000 640.000000
58 0.368690 0.473601 0.343532 0.401717 0.393849 0.545486 480.000000 640.000000
73 0.648658 0.444351 0.632375 0.378940 0.664940 0.509763 480.000000 640.000000
101 0.479004 0.444540 0.465487 0.383810 0.492521 0.505269 480.000000 640.000000
117 0.233391 0.501474 0.213425 0.436736 0.253357 0.566211 480.000000 640.000000
3 0.903235 0.624417 0.883073 0.542624 0.923396 0.706209 480.000000 640.000000
125 0.894782 0.520062 0.878020 0.466557 0.911544 0.573566 480.000000 640.000000
127 0.024469 0.530453 0.006126 0.465851 0.042812 0.595056 480.000000 640.000000
97 0.789932 0.481464 0.769316 0.433649 0.810548 0.529278 480.000000 640.000000
91 0.085164 0.459434 0.071178 0.399383 0.099151 0.519486 480.000000 640.000000
19 0.191582 0.441685 0.173325 0.385503 0.209838 0.497867 480.000000 640.000000
124 0.402883 0.605082 0.385455 0.542043 0.420311 0.668122 480.000000 640.000000
128 0.287240 0.451389 0.265885 0.393750 0.308594 0.509028 480.000000 640.000000
