2 0.846959 0.596046 0.826333 0.519870 0.867585 0.672222 480.000000 640.000000
5 0.501474 0.642493 0.480629 0.573720 0.522319 0.711267 480.000000 640.000000
15 0.635985 0.576665 0.612707 0.514805 0.659264 0.638526 480.000000 640.000000
30 0.566988 0.507775 0.544953 0.429758 0.589022 0.585792 480.000000 640.000000
1 0.875687 0.574900 0.855617 0.506942 0.895757 0.642857 480.000000 640.000000
7 0.247099 0.554311 0.228054 0.493366 0.266145 0.615255 480.000000 640.000000
3 0.819297 0.637892 0.791555 0.573423 0.847039 0.702360 480.000000 640.000000
57 0.708794 0.597576 0.691784 0.532750 0.725804 0.662402 480.000000 640.000000
33 0.304036 0.478771 0.280839 0.393884 0.327232 0.563657 480.000000 640.000000
67 0.092902 0.650527 0.069929 0.570019 0.115875 0.731034 480.000000 640.000000
58 0.355981 0.453327 0.343268 0.396203 0.368694 0.510450 480.000000 640.000000
9 0.757132 0.553734 0.734190 0.490044 0.780073 0.617424 480.000000 640.000000
14 0.730024 0.513595 0.712808 0.442920 0.747241 0.584270 480.000000 640.000000
91 0.034564 0.458929 0.013250 0.398826 0.055879 0.519031 480.000000 640.000000
63 0.148211 0.606465 0.121898 0.527902 0.174525 0.685027 480.000000 640.000000
93 0.754827 0.455080 0.740558 0.404995 0.769097 0.505165 480.000000 640.000000
97 0.730187 0.472384 0.712118 0.433769 0.748255 0.510999 480.000000 640.000000
82 0.087165 0.490837 0.063808 0.426752 0.110522 0.554921 480.000000 640.000000
92 0.446879 0.457111 0.424322 0.399044 0.469437 0.515178 480.000000 640.000000
56 0.143206 0.560013 0.131282 0.507100 0.155130 0.612925 480.000000 640.000000
101 0.416452 0.441504 0.399773 0.381405 0.433131 0.501603 480.000000 640.000000
106 0.355408 0.429510 0.343913 0.395883 0.366903 0.463137 480.000000 640.000000
73 0.603334 0.437392 0.585630 0.374737 0.621039 0.500048 480.000000 640.000000
31 0.321049 0.628328 0.300200 0.544692 0.341898 0.711964 480.000000 640.000000
109 0.011686 0.577778 0.000000 0.500694 0.023372 0.654861 480.000000 640.000000
110 0.845833 0.575694 0.825000 0.479167 0.866667 0.672222 480.000000 640.000000
19 0.247624 0.445130 0.231448 0.388882 0.263800 0.501378 480.000000 640.000000
