5 0.562036 0.648083 0.541624 0.572327 0.582449 0.723839 480.000000 640.000000
15 0.711864 0.577642 0.689798 0.516187 0.733931 0.639097 480.000000 640.000000
30 0.630522 0.528144 0.605827 0.467088 0.655217 0.589199 480.000000 640.000000
1 0.950760 0.574830 0.926839 0.508505 0.974681 0.641155 480.000000 640.000000
7 0.329041 0.555075 0.312082 0.495187 0.346001 0.614964 480.000000 640.000000
57 0.780773 0.598916 0.760164 0.532922 0.801383 0.664909 480.000000 640.000000
67 0.157253 0.651746 0.123482 0.566515 0.191024 0.736977 480.000000 640.000000
9 0.819857 0.558334 0.800907 0.497955 0.838807 0.618714 480.000000 640.000000
63 0.214660 0.597793 0.192228 0.509440 0.237093 0.686145 480.000000 640.000000
109 0.066136 0.582595 0.045621 0.505321 0.086651 0.659868 480.000000 640.000000
4 0.391324 0.645144 0.360375 0.574481 0.422273 0.715808 480.000000 640.000000
93 0.706583 0.468015 0.690043 0.407655 0.723122 0.528376 480.000000 640.000000
58 0.385522 0.471640 0.366322 0.399856 0.404722 0.543425 480.000000 640.000000
117 0.205014 0.499778 0.185881 0.435202 0.224148 0.564355 480.000000 640.000000
3 0.927232 0.582306 0.897167 0.479652 0.957296 0.684961 480.000000 640.000000
125 0.909931 0.524145 0.896587 0.468192 0.923276 0.580097 480.000000 640.000000
127 0.033086 0.531385 0.011848 0.469347 0.054325 0.593423 480.000000 640.000000
97 0.805135 0.477744 0.788548 0.432943 0.821723 0.522546 480.000000 640.000000
91 0.100604 0.462060 0.076294 0.401730 0.124914 0.522391 480.000000 640.000000
19 0.180041 0.440256 0.165181 0.383586 0.194901 0.496926 480.000000 640.000000
124 0.411839 0.604433 0.396927 0.540810 0.426750 0.668057 480.000000 640.000000
11 0.483265 0.456667 0.460243 0.392724 0.506288 0.520611 480.000000 640.000000
128 0.286459 0.449328 0.266459 0.392659 0.306460 0.505998 480.000000 640.000000
