2 0.838263 0.600695 0.814506 0.529391 0.862020 0.671999 480.000000 640.000000
4 0.317492 0.638848 0.293834 0.562760 0.341151 0.714936 480.000000 640.000000
5 0.494004 0.647370 0.475685 0.573116 0.512324 0.721624 480.000000 640.000000
15 0.626068 0.576300 0.608655 0.513779 0.643480 0.638820 480.000000 640.000000
30 0.557994 0.526349 0.532058 0.466337 0.583930 0.586362 480.000000 640.000000
1 0.868740 0.575290 0.845188 0.507820 0.892292 0.642760 480.000000 640.000000
7 0.239631 0.554494 0.213545 0.492019 0.265716 0.616970 480.000000 640.000000
3 0.807068 0.636375 0.789397 0.570287 0.824739 0.702464 480.000000 640.000000
57 0.699441 0.605277 0.683502 0.547184 0.715381 0.663370 480.000000 640.000000
33 0.308618 0.481045 0.290003 0.403082 0.327234 0.559008 480.000000 640.000000
67 0.089608 0.650075 0.062300 0.571345 0.116916 0.728805 480.000000 640.000000
69 0.306851 0.470444 0.288155 0.400474 0.325546 0.540414 480.000000 640.000000
58 0.361311 0.455737 0.346412 0.398784 0.376210 0.512690 480.000000 640.000000
9 0.749910 0.556690 0.734265 0.494737 0.765555 0.618644 480.000000 640.000000
14 0.713872 0.524131 0.688706 0.464496 0.739039 0.583766 480.000000 640.000000
91 0.030699 0.459759 0.006578 0.400199 0.054821 0.519319 480.000000 640.000000
63 0.134587 0.626560 0.114418 0.568240 0.154755 0.684881 480.000000 640.000000
93 0.760330 0.461993 0.745561 0.405999 0.775100 0.517988 480.000000 640.000000
97 0.720134 0.469240 0.701822 0.435913 0.738446 0.502568 480.000000 640.000000
82 0.089738 0.491899 0.064324 0.427806 0.115152 0.555992 480.000000 640.000000
92 0.450883 0.457515 0.427231 0.399224 0.474536 0.515807 480.000000 640.000000
56 0.139810 0.562661 0.124353 0.507565 0.155267 0.617756 480.000000 640.000000
101 0.411586 0.439995 0.398074 0.379432 0.425098 0.500559 480.000000 640.000000
106 0.362565 0.431052 0.351207 0.398275 0.373922 0.463829 480.000000 640.000000
