5 0.559101 0.649755 0.535214 0.573113 0.582988 0.726396 480.000000 640.000000
15 0.708726 0.578577 0.689171 0.517710 0.728281 0.639443 480.000000 640.000000
30 0.628872 0.528172 0.603304 0.467266 0.654441 0.589078 480.000000 640.000000
1 0.947618 0.575856 0.922590 0.510538 0.972646 0.641174 480.000000 640.000000
7 0.325979 0.555575 0.305777 0.495420 0.346181 0.615730 480.000000 640.000000
57 0.776151 0.598604 0.754826 0.533594 0.797476 0.663613 480.000000 640.000000
67 0.154822 0.652414 0.121150 0.566713 0.188493 0.738115 480.000000 640.000000
9 0.817692 0.558242 0.800269 0.497881 0.835115 0.618604 480.000000 640.000000
63 0.213555 0.600502 0.191473 0.515469 0.235637 0.685534 480.000000 640.000000
109 0.063681 0.582356 0.044232 0.504704 0.083130 0.660008 480.000000 640.000000
4 0.389948 0.644882 0.358802 0.574278 0.421094 0.715487 480.000000 640.000000
93 0.707788 0.463100 0.690686 0.407595 0.724890 0.518604 480.000000 640.000000
58 0.381895 0.473138 0.359566 0.400256 0.404223 0.546020 480.000000 640.000000
117 0.211205 0.498733 0.195241 0.434259 0.227168 0.563206 480.000000 640.000000
3 0.929613 0.608296 0.896027 0.510207 0.963199 0.706384 480.000000 640.000000
125 0.908913 0.525621 0.897664 0.472060 0.920162 0.579181 480.000000 640.000000
127 0.027573 0.530693 0.002729 0.467240 0.052417 0.594147 480.000000 640.000000
97 0.804359 0.473937 0.789895 0.432889 0.818822 0.514986 480.000000 640.000000
91 0.099563 0.461103 0.076818 0.401558 0.122308 0.520648 480.000000 640.000000
19 0.183164 0.440259 0.168469 0.384541 0.197858 0.495977 480.000000 640.000000
124 0.408841 0.604264 0.394585 0.541127 0.423097 0.667401 480.000000 640.000000
11 0.485496 0.451901 0.466446 0.382800 0.504546 0.521002 480.000000 640.000000
