1 0.608298 0.570387 0.593144 0.501438 0.623452 0.639336 480.000000 640.000000
2 0.548775 0.617906 0.530930 0.548249 0.566619 0.687563 480.000000 640.000000
3 0.414778 0.605975 0.386686 0.541949 0.442870 0.670001 480.000000 640.000000
4 0.104262 0.652553 0.079906 0.579552 0.128618 0.725553 480.000000 640.000000
5 0.269197 0.650965 0.242274 0.572280 0.296120 0.729650 480.000000 640.000000
6 0.980122 0.541054 0.960121 0.477090 1.000123 0.605018 480.000000 640.000000
7 0.044779 0.498963 0.020372 0.435384 0.069187 0.562542 480.000000 640.000000
8 0.638605 0.507632 0.616999 0.421463 0.660211 0.593802 480.000000 640.000000
9 0.515895 0.547541 0.496317 0.485482 0.535473 0.609599 480.000000 640.000000
10 0.653065 0.495675 0.641323 0.427018 0.664808 0.564332 480.000000 640.000000
11 0.430182 0.501912 0.414761 0.436531 0.445604 0.567294 480.000000 640.000000
12 0.457803 0.590492 0.439611 0.525750 0.475996 0.655234 480.000000 640.000000
13 0.878134 0.601447 0.852277 0.526796 0.903990 0.676099 480.000000 640.000000
14 0.484233 0.524980 0.464046 0.466300 0.504421 0.583660 480.000000 640.000000
15 0.343572 0.569010 0.328685 0.507176 0.358460 0.630845 480.000000 640.000000
16 0.845504 0.512047 0.822764 0.447508 0.868244 0.576587 480.000000 640.000000
17 0.114473 0.501794 0.087588 0.432813 0.141359 0.570775 480.000000 640.000000
18 0.732047 0.454620 0.718049 0.394408 0.746046 0.514832 480.000000 640.000000
19 0.488558 0.445793 0.474588 0.401277 0.502529 0.490308 480.000000 640.000000
20 0.909397 0.472304 0.891802 0.411365 0.926992 0.533242 480.000000 640.000000
21 0.371027 0.431094 0.354413 0.366612 0.387642 0.495576 480.000000 640.000000
22 0.091217 0.434265 0.076861 0.380179 0.105572 0.488350 480.000000 640.000000
24 0.145291 0.430877 0.129377 0.370255 0.161205 0.491498 480.000000 640.000000
25 0.064372 0.470486 0.052637 0.411111 0.076107 0.529861 480.000000 640.000000
26 0.317708 0.529167 0.300000 0.474653 0.335417 0.583681 480.000000 640.000000
27 0.934375 0.452431 0.918750 0.399306 0.950000 0.505556 480.000000 640.000000
