2 0.718171 0.608147 0.696656 0.541363 0.739687 0.674932 480.000000 640.000000
4 0.233657 0.648805 0.206561 0.574941 0.260753 0.722669 480.000000 640.000000
5 0.405772 0.648816 0.382758 0.574122 0.428785 0.723511 480.000000 640.000000
15 0.518524 0.575380 0.496124 0.514035 0.540923 0.636725 480.000000 640.000000
30 0.462811 0.522916 0.442092 0.462172 0.483530 0.583660 480.000000 640.000000
1 0.765297 0.581135 0.750685 0.516831 0.779910 0.645439 480.000000 640.000000
38 0.700796 0.476192 0.682998 0.415256 0.718593 0.537128 480.000000 640.000000
16 0.984108 0.503602 0.967794 0.433851 1.000423 0.573354 480.000000 640.000000
31 0.183516 0.613529 0.157181 0.557080 0.209851 0.669978 480.000000 640.000000
7 0.125016 0.553705 0.105303 0.493082 0.144728 0.614327 480.000000 640.000000
3 0.651103 0.632662 0.635150 0.566190 0.667057 0.699134 480.000000 640.000000
9 0.664246 0.554114 0.646015 0.494904 0.682478 0.613324 480.000000 640.000000
48 0.827379 0.455295 0.809830 0.395572 0.844928 0.515018 480.000000 640.000000
40 0.192940 0.470298 0.172616 0.399896 0.213264 0.540700 480.000000 640.000000
19 0.340565 0.457295 0.325818 0.399048 0.355313 0.515541 480.000000 640.000000
56 0.046208 0.568057 0.029744 0.512285 0.062671 0.623828 480.000000 640.000000
57 0.606963 0.598058 0.585425 0.533258 0.628501 0.662858 480.000000 640.000000
58 0.472785 0.456563 0.460003 0.402314 0.485568 0.510811 480.000000 640.000000
24 0.305285 0.439139 0.285544 0.378381 0.325026 0.499896 480.000000 640.000000
14 0.630014 0.526230 0.615057 0.468924 0.644970 0.583537 480.000000 640.000000
63 0.024629 0.618325 0.002618 0.552534 0.046640 0.684115 480.000000 640.000000
33 0.224897 0.469853 0.198415 0.401069 0.251379 0.538636 480.000000 640.000000
67 0.015813 0.639155 0.000568 0.561003 0.031059 0.717307 480.000000 640.000000
68 0.565479 0.461829 0.541101 0.402954 0.589857 0.520703 480.000000 640.000000
69 0.441667 0.489236 0.421615 0.426389 0.461719 0.552083 480.000000 640.000000
11 0.602587 0.496476 0.582136 0.433011 0.623038 0.559941 480.000000 640.000000
