2 0.854507 0.575473 0.836676 0.478848 0.872338 0.672099 480.000000 640.000000
5 0.505646 0.645187 0.483273 0.576263 0.528019 0.714112 480.000000 640.000000
15 0.641976 0.577424 0.616202 0.515928 0.667750 0.638921 480.000000 640.000000
30 0.577719 0.521721 0.560739 0.456862 0.594698 0.586579 480.000000 640.000000
1 0.884271 0.574807 0.868104 0.506498 0.900437 0.643116 480.000000 640.000000
7 0.261604 0.553390 0.248391 0.493235 0.274817 0.613545 480.000000 640.000000
3 0.828967 0.647021 0.797922 0.591568 0.860012 0.702474 480.000000 640.000000
57 0.721095 0.598538 0.698452 0.534080 0.743737 0.662996 480.000000 640.000000
33 0.296161 0.483434 0.268241 0.401927 0.324082 0.564941 480.000000 640.000000
67 0.096988 0.655355 0.076936 0.569241 0.117041 0.741469 480.000000 640.000000
58 0.347944 0.454531 0.336234 0.395123 0.359654 0.513939 480.000000 640.000000
9 0.761681 0.557112 0.738498 0.495271 0.784864 0.618953 480.000000 640.000000
91 0.042814 0.459673 0.031588 0.400961 0.054039 0.518385 480.000000 640.000000
63 0.156668 0.596170 0.125587 0.507451 0.187749 0.684890 480.000000 640.000000
82 0.076286 0.488325 0.059215 0.423620 0.093357 0.553030 480.000000 640.000000
92 0.428537 0.450394 0.405892 0.384015 0.451181 0.516773 480.000000 640.000000
73 0.608943 0.438261 0.592674 0.374722 0.625212 0.501801 480.000000 640.000000
109 0.018379 0.580247 0.000192 0.502200 0.036566 0.658294 480.000000 640.000000
19 0.236220 0.429492 0.221871 0.389035 0.250569 0.469948 480.000000 640.000000
11 0.551953 0.467973 0.532185 0.407277 0.571721 0.528669 480.000000 640.000000
4 0.333387 0.637249 0.310623 0.557318 0.356150 0.717180 480.000000 640.000000
56 0.151863 0.558390 0.138562 0.504933 0.165165 0.611847 480.000000 640.000000
