2 0.762713 0.603182 0.744147 0.536500 0.781279 0.669864 480.000000 640.000000
4 0.271156 0.647493 0.241689 0.576434 0.300622 0.718552 480.000000 640.000000
5 0.442579 0.648619 0.416027 0.572517 0.469131 0.724720 480.000000 640.000000
15 0.562450 0.577393 0.536507 0.516381 0.588394 0.638404 480.000000 640.000000
30 0.506480 0.522888 0.488798 0.460438 0.524161 0.585337 480.000000 640.000000
1 0.807800 0.576622 0.784525 0.507665 0.831075 0.645580 480.000000 640.000000
31 0.234580 0.606930 0.218221 0.544582 0.250939 0.669278 480.000000 640.000000
7 0.173246 0.553831 0.156445 0.492896 0.190047 0.614765 480.000000 640.000000
3 0.715825 0.635239 0.687304 0.568982 0.744346 0.701495 480.000000 640.000000
19 0.303451 0.452045 0.289442 0.394144 0.317460 0.509946 480.000000 640.000000
56 0.079703 0.568081 0.064338 0.510831 0.095068 0.625330 480.000000 640.000000
57 0.646946 0.599174 0.624611 0.536721 0.669282 0.661628 480.000000 640.000000
63 0.071553 0.618120 0.047355 0.548537 0.095751 0.687703 480.000000 640.000000
33 0.259738 0.465593 0.234612 0.388277 0.284865 0.542908 480.000000 640.000000
67 0.033942 0.654769 0.005046 0.569540 0.062837 0.739998 480.000000 640.000000
69 0.390382 0.494006 0.361758 0.430677 0.419007 0.557336 480.000000 640.000000
58 0.428435 0.461046 0.415272 0.400409 0.441598 0.521683 480.000000 640.000000
9 0.689836 0.553333 0.670688 0.492788 0.708983 0.613879 480.000000 640.000000
82 0.145457 0.494925 0.130550 0.427447 0.160365 0.562404 480.000000 640.000000
86 0.799040 0.473774 0.783301 0.401561 0.814779 0.545987 480.000000 640.000000
24 0.349025 0.440574 0.326593 0.383042 0.371457 0.498106 480.000000 640.000000
14 0.665455 0.525967 0.645762 0.468265 0.685148 0.583668 480.000000 640.000000
