5 0.545714 0.646182 0.522735 0.571290 0.568694 0.721075 480.000000 640.000000
15 0.682191 0.577954 0.655503 0.516385 0.708879 0.639522 480.000000 640.000000
30 0.610202 0.525308 0.592713 0.463188 0.627690 0.587427 480.000000 640.000000
1 0.924689 0.577145 0.907243 0.506873 0.942136 0.647416 480.000000 640.000000
7 0.306891 0.555875 0.289215 0.495963 0.324566 0.615787 480.000000 640.000000
57 0.757261 0.599207 0.736233 0.534366 0.778290 0.664047 480.000000 640.000000
67 0.136065 0.640621 0.114764 0.563582 0.157365 0.717659 480.000000 640.000000
9 0.795862 0.557904 0.773250 0.496244 0.818474 0.619563 480.000000 640.000000
63 0.200978 0.618363 0.171434 0.551172 0.230521 0.685555 480.000000 640.000000
82 0.036501 0.471570 0.023939 0.418457 0.049063 0.524682 480.000000 640.000000
92 0.393487 0.449701 0.379171 0.390110 0.407803 0.509293 480.000000 640.000000
109 0.048175 0.581746 0.024721 0.502523 0.071628 0.660969 480.000000 640.000000
11 0.513412 0.466352 0.487636 0.404262 0.539188 0.528442 480.000000 640.000000
4 0.363218 0.642283 0.342387 0.570846 0.384050 0.713720 480.000000 640.000000
56 0.186722 0.542556 0.174461 0.502004 0.198983 0.583108 480.000000 640.000000
93 0.722340 0.463318 0.706706 0.406384 0.737974 0.520252 480.000000 640.000000
58 0.353201 0.475247 0.335551 0.401993 0.370851 0.548501 480.000000 640.000000
73 0.641094 0.443957 0.624491 0.379118 0.657696 0.508797 480.000000 640.000000
101 0.468166 0.444693 0.445124 0.385166 0.491208 0.504220 480.000000 640.000000
117 0.243077 0.504595 0.211034 0.442993 0.275119 0.566197 480.000000 640.000000
14 0.776630 0.517100 0.759632 0.448618 0.793629 0.585582 480.000000 640.000000
124 0.390626 0.605131 0.373139 0.541063 0.408113 0.669199 480.000000 640.000000
3 0.889252 0.630127 0.863438 0.554493 0.915065 0.705761 480.000000 640.000000
125 0.887047 0.523948 0.862438 0.465980 0.911656 0.581916 480.000000 640.000000
33 0.320892 0.467315 0.298015 0.397355 0.343769 0.537274 480.000000 640.000000
126 0.375781 0.627951 0.342708 0.540625 0.408854 0.715278 480.000000 640.000000
127 0.014685 0.530208 0.000073 0.466319 0.029297 0.594097 480.000000 640.000000
97 0.777693 0.480795 0.760309 0.433785 0.795077 0.527804 480.000000 640.000000
