2 0.724606 0.607577 0.704836 0.539398 0.744376 0.675756 480.000000 640.000000
4 0.237023 0.647734 0.212993 0.575179 0.261053 0.720288 480.000000 640.000000
5 0.413517 0.649165 0.389596 0.573415 0.437438 0.724914 480.000000 640.000000
15 0.522637 0.576777 0.497097 0.515000 0.548178 0.638554 480.000000 640.000000
30 0.470257 0.497756 0.449259 0.410716 0.491254 0.584796 480.000000 640.000000
1 0.771250 0.574031 0.755750 0.503551 0.786751 0.644511 480.000000 640.000000
38 0.694642 0.484274 0.673576 0.429412 0.715707 0.539136 480.000000 640.000000
16 0.985038 0.505920 0.969740 0.440583 1.000336 0.571257 480.000000 640.000000
31 0.188532 0.617855 0.166983 0.564705 0.210082 0.671005 480.000000 640.000000
7 0.133182 0.552818 0.117604 0.491940 0.148760 0.613696 480.000000 640.000000
3 0.659919 0.629371 0.636273 0.561439 0.683565 0.697303 480.000000 640.000000
48 0.824379 0.457446 0.808475 0.399590 0.840283 0.515302 480.000000 640.000000
19 0.334422 0.456099 0.321234 0.398757 0.347611 0.513441 480.000000 640.000000
56 0.048593 0.567501 0.034478 0.511286 0.062708 0.623715 480.000000 640.000000
57 0.611406 0.599701 0.587452 0.537177 0.635360 0.662225 480.000000 640.000000
24 0.312629 0.443946 0.286557 0.379307 0.338701 0.508584 480.000000 640.000000
14 0.635292 0.527862 0.616785 0.471528 0.653799 0.584196 480.000000 640.000000
63 0.027076 0.617184 0.007655 0.551185 0.046496 0.683184 480.000000 640.000000
33 0.227345 0.468401 0.203428 0.399976 0.251262 0.536826 480.000000 640.000000
67 0.017618 0.641727 0.000213 0.566620 0.035023 0.716835 480.000000 640.000000
68 0.563779 0.462010 0.541712 0.402634 0.585847 0.521386 480.000000 640.000000
69 0.435587 0.489712 0.411486 0.427475 0.459688 0.551949 480.000000 640.000000
11 0.610323 0.499621 0.594419 0.434313 0.626226 0.564929 480.000000 640.000000
