2 0.683908 0.606607 0.665821 0.537685 0.701995 0.675528 480.000000 640.000000
4 0.205910 0.649469 0.185510 0.578494 0.226309 0.720444 480.000000 640.000000
5 0.381144 0.648641 0.355949 0.568892 0.406339 0.728390 480.000000 640.000000
13 0.985812 0.603602 0.971268 0.530276 1.000355 0.676928 480.000000 640.000000
15 0.484305 0.567004 0.456484 0.497438 0.512126 0.636569 480.000000 640.000000
29 0.213478 0.477315 0.192374 0.399064 0.234582 0.555565 480.000000 640.000000
30 0.437341 0.521913 0.414567 0.459585 0.460115 0.584240 480.000000 640.000000
33 0.192798 0.468137 0.177564 0.399958 0.208033 0.536316 480.000000 640.000000
1 0.740095 0.583924 0.718709 0.524302 0.761481 0.643547 480.000000 640.000000
38 0.744540 0.472529 0.727362 0.412057 0.761718 0.533001 480.000000 640.000000
16 0.961385 0.505054 0.938701 0.433946 0.984068 0.576162 480.000000 640.000000
31 0.141641 0.609433 0.117785 0.547132 0.165497 0.671735 480.000000 640.000000
7 0.090244 0.551028 0.072696 0.490688 0.107792 0.611367 480.000000 640.000000
3 0.603257 0.606784 0.584259 0.523143 0.622256 0.690425 480.000000 640.000000
9 0.632337 0.552452 0.617045 0.489925 0.647628 0.614978 480.000000 640.000000
48 0.848451 0.456381 0.832149 0.400126 0.864752 0.512636 480.000000 640.000000
40 0.167882 0.462476 0.150308 0.395758 0.185457 0.529193 480.000000 640.000000
19 0.366731 0.456775 0.351053 0.398425 0.382409 0.515126 480.000000 640.000000
55 0.488382 0.463687 0.461639 0.375298 0.515125 0.552076 480.000000 640.000000
56 0.015160 0.572429 0.000063 0.514112 0.030256 0.630746 480.000000 640.000000
57 0.571439 0.597603 0.550645 0.532723 0.592232 0.662484 480.000000 640.000000
58 0.510933 0.466927 0.498297 0.406994 0.523570 0.526859 480.000000 640.000000
24 0.273244 0.439386 0.249110 0.380123 0.297379 0.498648 480.000000 640.000000
11 0.571699 0.500271 0.554875 0.432651 0.588524 0.567890 480.000000 640.000000
61 0.826526 0.433989 0.811142 0.383609 0.841909 0.484369 480.000000 640.000000
