2 0.804152 0.610914 0.784488 0.545260 0.823817 0.676567 480.000000 640.000000
4 0.305210 0.644799 0.278551 0.571619 0.331868 0.717979 480.000000 640.000000
5 0.470300 0.646688 0.443802 0.573786 0.496798 0.719590 480.000000 640.000000
15 0.600490 0.578288 0.575117 0.517187 0.625864 0.639388 480.000000 640.000000
30 0.537772 0.522677 0.515357 0.459118 0.560186 0.586236 480.000000 640.000000
1 0.841526 0.576438 0.824172 0.506397 0.858880 0.646480 480.000000 640.000000
31 0.279783 0.605506 0.265653 0.543946 0.293913 0.667066 480.000000 640.000000
7 0.213538 0.555087 0.199468 0.494176 0.227607 0.615998 480.000000 640.000000
3 0.769743 0.636107 0.739081 0.571635 0.800406 0.700579 480.000000 640.000000
57 0.679949 0.597401 0.660060 0.530711 0.699837 0.664090 480.000000 640.000000
33 0.290661 0.468967 0.266679 0.393403 0.314643 0.544530 480.000000 640.000000
67 0.065075 0.654826 0.037935 0.566048 0.092216 0.743603 480.000000 640.000000
69 0.344363 0.496494 0.316528 0.432656 0.372199 0.560331 480.000000 640.000000
58 0.390376 0.456244 0.377278 0.397419 0.403474 0.515069 480.000000 640.000000
9 0.726015 0.553830 0.702706 0.488916 0.749324 0.618744 480.000000 640.000000
14 0.698368 0.527275 0.682938 0.469699 0.713799 0.584850 480.000000 640.000000
73 0.576262 0.439521 0.560387 0.376261 0.592137 0.502781 480.000000 640.000000
11 0.605612 0.476869 0.582889 0.417185 0.628335 0.536554 480.000000 640.000000
91 0.011582 0.464167 0.000049 0.409054 0.023115 0.519279 480.000000 640.000000
63 0.111469 0.631484 0.080953 0.576513 0.141985 0.686456 480.000000 640.000000
93 0.774079 0.459680 0.757379 0.401365 0.790780 0.517996 480.000000 640.000000
97 0.689825 0.473716 0.674560 0.432378 0.705090 0.515055 480.000000 640.000000
82 0.112064 0.509712 0.098031 0.423041 0.126096 0.596383 480.000000 640.000000
92 0.482015 0.460461 0.463021 0.399660 0.501009 0.521261 480.000000 640.000000
