2 0.740099 0.608453 0.712891 0.541395 0.767307 0.675510 480.000000 640.000000
4 0.249378 0.646914 0.229402 0.576059 0.269353 0.717768 480.000000 640.000000
5 0.423043 0.648085 0.400782 0.573046 0.445304 0.723124 480.000000 640.000000
15 0.536465 0.577972 0.517959 0.516838 0.554970 0.639106 480.000000 640.000000
30 0.480899 0.523299 0.457109 0.461058 0.504689 0.585540 480.000000 640.000000
1 0.785823 0.575332 0.757750 0.505398 0.813897 0.645265 480.000000 640.000000
16 0.994270 0.505568 0.988480 0.438902 1.000061 0.572235 480.000000 640.000000
31 0.208174 0.606079 0.191288 0.542642 0.225061 0.669515 480.000000 640.000000
7 0.151400 0.554158 0.128933 0.494041 0.173866 0.614276 480.000000 640.000000
3 0.676555 0.614783 0.648047 0.528491 0.705063 0.701075 480.000000 640.000000
48 0.815446 0.454219 0.797791 0.399431 0.833102 0.509008 480.000000 640.000000
19 0.322437 0.447657 0.303932 0.379971 0.340942 0.515344 480.000000 640.000000
56 0.063368 0.568314 0.048062 0.511207 0.078673 0.625422 480.000000 640.000000
57 0.622196 0.600985 0.602894 0.539214 0.641498 0.662756 480.000000 640.000000
14 0.652046 0.525235 0.635336 0.465980 0.668756 0.584490 480.000000 640.000000
63 0.044787 0.618467 0.024206 0.550876 0.065368 0.686057 480.000000 640.000000
33 0.237067 0.459597 0.222755 0.383019 0.251380 0.536174 480.000000 640.000000
67 0.018045 0.643134 0.000191 0.569478 0.035899 0.716791 480.000000 640.000000
69 0.426360 0.491476 0.402923 0.427285 0.449796 0.555668 480.000000 640.000000
11 0.618790 0.501345 0.597714 0.438363 0.639866 0.564328 480.000000 640.000000
71 0.172351 0.495472 0.150889 0.432179 0.193814 0.558765 480.000000 640.000000
73 0.530177 0.433272 0.507493 0.377196 0.552861 0.489347 480.000000 640.000000
58 0.451528 0.446691 0.438711 0.403772 0.464346 0.489610 480.000000 640.000000
