2 0.584791 0.614876 0.565503 0.546290 0.604079 0.683463 480.000000 640.000000
3 0.464576 0.612936 0.437475 0.549961 0.491677 0.675911 480.000000 640.000000
4 0.136644 0.651252 0.109261 0.577857 0.164027 0.724647 480.000000 640.000000
5 0.290739 0.648572 0.273030 0.566367 0.308447 0.730777 480.000000 640.000000
6 0.995769 0.549599 0.991542 0.501771 0.999996 0.597427 480.000000 640.000000
7 0.016229 0.512075 -0.000760 0.437181 0.033217 0.586969 480.000000 640.000000
9 0.550970 0.548805 0.532348 0.489828 0.569592 0.607782 480.000000 640.000000
12 0.491338 0.591283 0.478700 0.528008 0.503975 0.654558 480.000000 640.000000
13 0.908032 0.604050 0.881873 0.526488 0.934191 0.681612 480.000000 640.000000
14 0.511959 0.519703 0.496256 0.458932 0.527661 0.580473 480.000000 640.000000
15 0.380146 0.572561 0.361795 0.510825 0.398497 0.634296 480.000000 640.000000
24 0.179137 0.431462 0.164164 0.370448 0.194111 0.492476 480.000000 640.000000
27 0.911102 0.456283 0.895303 0.400439 0.926902 0.512128 480.000000 640.000000
29 0.288349 0.465947 0.273414 0.401213 0.303284 0.530681 480.000000 640.000000
30 0.355171 0.522696 0.341554 0.459993 0.368788 0.585400 480.000000 640.000000
31 0.020716 0.610662 0.004150 0.548859 0.037283 0.672465 480.000000 640.000000
33 0.124393 0.465729 0.106374 0.386963 0.142412 0.544494 480.000000 640.000000
34 0.610425 0.478761 0.593451 0.400415 0.627399 0.557107 480.000000 640.000000
18 0.695241 0.454284 0.679631 0.396094 0.710851 0.512474 480.000000 640.000000
1 0.642001 0.570871 0.623959 0.501971 0.660042 0.639771 480.000000 640.000000
25 0.076498 0.492418 0.052190 0.410759 0.100807 0.574077 480.000000 640.000000
11 0.460823 0.510809 0.438253 0.451807 0.483394 0.569810 480.000000 640.000000
37 0.662035 0.534974 0.650261 0.476232 0.673808 0.593716 480.000000 640.000000
19 0.455214 0.456305 0.438660 0.401980 0.471769 0.510630 480.000000 640.000000
21 0.399091 0.432216 0.381211 0.368101 0.416971 0.496330 480.000000 640.000000
38 0.857812 0.473264 0.839063 0.413194 0.876563 0.533333 480.000000 640.000000
39 0.018490 0.554861 0.000130 0.437500 0.036849 0.672222 480.000000 640.000000
16 0.878513 0.512747 0.859409 0.445268 0.897616 0.580226 480.000000 640.000000
