2 0.638077 0.611136 0.619569 0.541678 0.656584 0.680593 480.000000 640.000000
4 0.175459 0.649767 0.151458 0.577939 0.199460 0.721594 480.000000 640.000000
5 0.339841 0.649391 0.316626 0.570632 0.363056 0.728149 480.000000 640.000000
13 0.956935 0.596391 0.932607 0.528009 0.981263 0.664773 480.000000 640.000000
14 0.557395 0.492535 0.538729 0.405578 0.576062 0.579493 480.000000 640.000000
15 0.434745 0.573860 0.414231 0.511679 0.455260 0.636041 480.000000 640.000000
29 0.249220 0.481623 0.233853 0.413670 0.264588 0.549577 480.000000 640.000000
30 0.397239 0.525693 0.378011 0.465602 0.416466 0.585784 480.000000 640.000000
33 0.161666 0.479165 0.145800 0.420005 0.177532 0.538326 480.000000 640.000000
1 0.700140 0.567018 0.676388 0.490957 0.723891 0.643080 480.000000 640.000000
25 0.018867 0.509684 -0.001196 0.448426 0.038930 0.570942 480.000000 640.000000
38 0.800655 0.476795 0.785135 0.414551 0.816174 0.539039 480.000000 640.000000
16 0.922428 0.505464 0.895057 0.435411 0.949798 0.575517 480.000000 640.000000
31 0.091396 0.611575 0.066289 0.548216 0.116504 0.674933 480.000000 640.000000
7 0.038318 0.556722 0.015227 0.501042 0.061410 0.612402 480.000000 640.000000
11 0.520809 0.501514 0.505219 0.435075 0.536398 0.567954 480.000000 640.000000
44 0.161982 0.409225 0.144152 0.378168 0.179812 0.440283 480.000000 640.000000
3 0.534680 0.614690 0.512520 0.546425 0.556840 0.682955 480.000000 640.000000
9 0.591921 0.551780 0.567832 0.492017 0.616010 0.611543 480.000000 640.000000
48 0.875805 0.457092 0.856875 0.399428 0.894735 0.514756 480.000000 640.000000
49 0.640934 0.457155 0.615729 0.400066 0.666139 0.514244 480.000000 640.000000
24 0.226206 0.427598 0.211343 0.364061 0.241070 0.491135 480.000000 640.000000
40 0.130333 0.465389 0.114112 0.396962 0.146554 0.533816 480.000000 640.000000
19 0.410177 0.458276 0.396857 0.400573 0.423497 0.515978 480.000000 640.000000
21 0.438152 0.439258 0.421906 0.373069 0.454398 0.505446 480.000000 640.000000
