5 0.553532 0.648762 0.525982 0.573516 0.581082 0.724008 480.000000 640.000000
15 0.697070 0.574199 0.680581 0.508794 0.713560 0.639604 480.000000 640.000000
30 0.622398 0.528576 0.599561 0.467752 0.645236 0.589399 480.000000 640.000000
1 0.935640 0.575089 0.917344 0.506378 0.953937 0.643799 480.000000 640.000000
7 0.315367 0.556387 0.290249 0.496410 0.340486 0.616363 480.000000 640.000000
57 0.767085 0.591884 0.740248 0.519261 0.793921 0.664507 480.000000 640.000000
67 0.145591 0.649711 0.120046 0.561817 0.171136 0.737605 480.000000 640.000000
9 0.810045 0.556179 0.792907 0.494771 0.827182 0.617587 480.000000 640.000000
63 0.206251 0.617860 0.177709 0.551186 0.234792 0.684534 480.000000 640.000000
82 0.023737 0.448022 0.011396 0.415944 0.036078 0.480101 480.000000 640.000000
92 0.384758 0.451820 0.368275 0.392699 0.401241 0.510941 480.000000 640.000000
109 0.055492 0.582420 0.029371 0.504168 0.081613 0.660673 480.000000 640.000000
11 0.498704 0.459304 0.485695 0.398873 0.511712 0.519734 480.000000 640.000000
4 0.377525 0.642823 0.351682 0.570134 0.403367 0.715512 480.000000 640.000000
56 0.193096 0.557984 0.177618 0.503109 0.208574 0.612860 480.000000 640.000000
93 0.714482 0.463278 0.697961 0.406862 0.731002 0.519695 480.000000 640.000000
58 0.369411 0.474401 0.344218 0.401302 0.394605 0.547499 480.000000 640.000000
73 0.650940 0.443056 0.634760 0.377890 0.667121 0.508221 480.000000 640.000000
101 0.480842 0.444324 0.468152 0.383056 0.493531 0.505592 480.000000 640.000000
117 0.228612 0.500814 0.211793 0.436869 0.245431 0.564758 480.000000 640.000000
3 0.906420 0.621512 0.884889 0.537113 0.927951 0.705911 480.000000 640.000000
125 0.900076 0.516157 0.888113 0.465892 0.912038 0.566422 480.000000 640.000000
127 0.026421 0.526139 0.008409 0.456996 0.044433 0.595282 480.000000 640.000000
97 0.791811 0.477314 0.771926 0.433725 0.811696 0.520903 480.000000 640.000000
91 0.088705 0.459637 0.073432 0.399820 0.103979 0.519454 480.000000 640.000000
19 0.189948 0.442002 0.172893 0.386190 0.207003 0.497814 480.000000 640.000000
124 0.403890 0.604741 0.386296 0.541653 0.421484 0.667829 480.000000 640.000000
128 0.285959 0.450912 0.264337 0.393552 0.307580 0.508272 480.000000 640.000000
