1 0.612914 0.570214 0.595500 0.501322 0.630328 0.639105 480.000000 640.000000
2 0.551766 0.617233 0.534479 0.548434 0.569053 0.686032 480.000000 640.000000
3 0.417026 0.606971 0.386911 0.544337 0.447141 0.669606 480.000000 640.000000
4 0.107366 0.651760 0.081899 0.579274 0.132834 0.724245 480.000000 640.000000
5 0.271483 0.652126 0.244247 0.572601 0.298719 0.731652 480.000000 640.000000
6 0.981172 0.541187 0.962266 0.477683 1.000077 0.604690 480.000000 640.000000
7 0.041851 0.499118 0.020570 0.435809 0.063132 0.562426 480.000000 640.000000
8 0.641807 0.505343 0.620550 0.415736 0.663064 0.594950 480.000000 640.000000
9 0.518271 0.548920 0.497315 0.487610 0.539227 0.610229 480.000000 640.000000
11 0.432967 0.500372 0.416700 0.434247 0.449234 0.566497 480.000000 640.000000
12 0.460771 0.591348 0.440631 0.526674 0.480911 0.656022 480.000000 640.000000
13 0.880187 0.604242 0.858435 0.532578 0.901940 0.675905 480.000000 640.000000
14 0.487255 0.526909 0.465908 0.469993 0.508602 0.583825 480.000000 640.000000
15 0.345785 0.569869 0.329474 0.507140 0.362097 0.632598 480.000000 640.000000
16 0.846341 0.516932 0.822902 0.454690 0.869780 0.579175 480.000000 640.000000
17 0.112420 0.507085 0.084406 0.442530 0.140433 0.571640 480.000000 640.000000
18 0.727987 0.453156 0.713209 0.391651 0.742765 0.514661 480.000000 640.000000
19 0.486542 0.446508 0.472345 0.401810 0.500739 0.491205 480.000000 640.000000
20 0.906441 0.471213 0.890572 0.409643 0.922311 0.532783 480.000000 640.000000
21 0.373078 0.431430 0.356273 0.366434 0.389883 0.496426 480.000000 640.000000
22 0.096121 0.413655 0.081212 0.377356 0.111031 0.449953 480.000000 640.000000
24 0.148437 0.432084 0.130813 0.371362 0.166061 0.492807 480.000000 640.000000
25 0.064069 0.470317 0.050418 0.406780 0.077720 0.533853 480.000000 640.000000
27 0.933641 0.454089 0.917598 0.399028 0.949685 0.509151 480.000000 640.000000
28 0.097005 0.459722 0.080534 0.377778 0.113477 0.541667 480.000000 640.000000
29 0.314323 0.453472 0.297656 0.389236 0.330990 0.517708 480.000000 640.000000
