2 0.678693 0.605285 0.660108 0.536593 0.697278 0.673978 480.000000 640.000000
4 0.201404 0.649640 0.180546 0.578245 0.222263 0.721035 480.000000 640.000000
5 0.376274 0.647310 0.352803 0.567914 0.399746 0.726707 480.000000 640.000000
13 0.983949 0.601917 0.967441 0.529140 1.000458 0.674694 480.000000 640.000000
15 0.479130 0.575506 0.455560 0.514650 0.502700 0.636362 480.000000 640.000000
29 0.220298 0.488060 0.205940 0.422399 0.234656 0.553721 480.000000 640.000000
30 0.434746 0.522039 0.415080 0.459090 0.454411 0.584988 480.000000 640.000000
33 0.192935 0.469668 0.174143 0.400227 0.211728 0.539108 480.000000 640.000000
1 0.734585 0.573604 0.716160 0.504853 0.753009 0.642355 480.000000 640.000000
38 0.749461 0.473272 0.735463 0.414078 0.763460 0.532466 480.000000 640.000000
16 0.953964 0.504900 0.927954 0.433744 0.979974 0.576056 480.000000 640.000000
31 0.137799 0.609405 0.111979 0.546390 0.163618 0.672420 480.000000 640.000000
7 0.083444 0.551549 0.061041 0.491905 0.105846 0.611193 480.000000 640.000000
3 0.595335 0.590585 0.576161 0.488177 0.614509 0.692993 480.000000 640.000000
9 0.626526 0.553750 0.605199 0.491917 0.647854 0.615583 480.000000 640.000000
48 0.850999 0.456511 0.833618 0.399886 0.868379 0.513136 480.000000 640.000000
40 0.163606 0.462107 0.146524 0.396807 0.180687 0.527407 480.000000 640.000000
21 0.477400 0.452300 0.458477 0.370164 0.496324 0.534435 480.000000 640.000000
19 0.374615 0.458149 0.358889 0.399723 0.390341 0.516575 480.000000 640.000000
55 0.496570 0.483845 0.477616 0.415338 0.515523 0.552352 480.000000 640.000000
56 0.015238 0.572911 0.000184 0.515226 0.030293 0.630597 480.000000 640.000000
57 0.568490 0.596657 0.550094 0.531368 0.586887 0.661945 480.000000 640.000000
58 0.513652 0.465969 0.501297 0.403557 0.526008 0.528380 480.000000 640.000000
24 0.269593 0.436477 0.247300 0.374610 0.291886 0.498343 480.000000 640.000000
11 0.564212 0.500585 0.551651 0.434234 0.576774 0.566937 480.000000 640.000000
60 0.487500 0.461111 0.458073 0.370486 0.516927 0.551736 480.000000 640.000000
61 0.828646 0.441667 0.811458 0.383333 0.845833 0.500000 480.000000 640.000000
