2 0.810098 0.608968 0.792874 0.542075 0.827321 0.675861 480.000000 640.000000
4 0.306853 0.640175 0.276007 0.561861 0.337700 0.718489 480.000000 640.000000
5 0.473081 0.647697 0.446350 0.574469 0.499813 0.720926 480.000000 640.000000
15 0.603211 0.578277 0.577486 0.517429 0.628936 0.639126 480.000000 640.000000
30 0.542890 0.523551 0.523816 0.460413 0.561965 0.586689 480.000000 640.000000
1 0.846265 0.576323 0.829471 0.505472 0.863059 0.647174 480.000000 640.000000
31 0.288071 0.604535 0.271555 0.541731 0.304588 0.667338 480.000000 640.000000
7 0.220627 0.555546 0.207244 0.494253 0.234009 0.616838 480.000000 640.000000
3 0.775084 0.637601 0.742776 0.573601 0.807393 0.701600 480.000000 640.000000
57 0.684976 0.605020 0.661350 0.547127 0.708602 0.662912 480.000000 640.000000
33 0.292035 0.466701 0.264806 0.391951 0.319264 0.541450 480.000000 640.000000
67 0.070871 0.652210 0.041299 0.566350 0.100443 0.738071 480.000000 640.000000
69 0.340074 0.497247 0.310097 0.433539 0.370052 0.560955 480.000000 640.000000
58 0.389508 0.449057 0.369307 0.387429 0.409709 0.510685 480.000000 640.000000
9 0.729278 0.557420 0.707520 0.496307 0.751037 0.618533 480.000000 640.000000
14 0.702956 0.526695 0.685091 0.469134 0.720822 0.584257 480.000000 640.000000
73 0.579719 0.440111 0.563946 0.375907 0.595493 0.504316 480.000000 640.000000
11 0.602736 0.474937 0.579157 0.418821 0.626315 0.531053 480.000000 640.000000
91 0.016123 0.461143 0.000402 0.403930 0.031845 0.518356 480.000000 640.000000
63 0.114327 0.628946 0.085472 0.571819 0.143181 0.686073 480.000000 640.000000
93 0.771884 0.459934 0.755492 0.402143 0.788275 0.517725 480.000000 640.000000
97 0.699195 0.467603 0.680025 0.432334 0.718364 0.502873 480.000000 640.000000
82 0.107038 0.486604 0.093471 0.423525 0.120605 0.549684 480.000000 640.000000
92 0.475968 0.457447 0.461846 0.399391 0.490090 0.515502 480.000000 640.000000
56 0.114968 0.548249 0.099012 0.501698 0.130924 0.594801 480.000000 640.000000
100 0.275456 0.467014 0.235286 0.389931 0.315625 0.544097 480.000000 640.000000
