2 0.858961 0.588575 0.842336 0.503800 0.875586 0.673350 480.000000 640.000000
5 0.511453 0.649547 0.483639 0.576962 0.539267 0.722131 480.000000 640.000000
15 0.645502 0.577205 0.622547 0.516216 0.668457 0.638195 480.000000 640.000000
30 0.581495 0.530249 0.563459 0.474750 0.599531 0.585748 480.000000 640.000000
1 0.889487 0.575504 0.874420 0.505726 0.904554 0.645282 480.000000 640.000000
7 0.268587 0.554488 0.249995 0.493851 0.287178 0.615125 480.000000 640.000000
3 0.836220 0.638363 0.810641 0.573241 0.861799 0.703486 480.000000 640.000000
57 0.724744 0.599015 0.699681 0.534841 0.749807 0.663189 480.000000 640.000000
33 0.292910 0.478819 0.270897 0.401718 0.314923 0.555920 480.000000 640.000000
67 0.100847 0.649569 0.078512 0.570008 0.123183 0.729131 480.000000 640.000000
9 0.765892 0.558561 0.745335 0.498394 0.786449 0.618727 480.000000 640.000000
91 0.047574 0.459349 0.036755 0.399519 0.058394 0.519179 480.000000 640.000000
63 0.158677 0.594284 0.127546 0.503780 0.189807 0.684787 480.000000 640.000000
82 0.067996 0.488344 0.054002 0.423556 0.081989 0.553132 480.000000 640.000000
92 0.428990 0.448448 0.410764 0.380636 0.447216 0.516261 480.000000 640.000000
109 0.021394 0.580849 0.000165 0.502926 0.042622 0.658771 480.000000 640.000000
19 0.232433 0.427790 0.217317 0.382227 0.247550 0.473353 480.000000 640.000000
11 0.546475 0.468458 0.526517 0.407410 0.566434 0.529505 480.000000 640.000000
4 0.341846 0.639727 0.313811 0.562943 0.369882 0.716512 480.000000 640.000000
56 0.156710 0.560534 0.141404 0.504856 0.172016 0.616212 480.000000 640.000000
93 0.745835 0.453786 0.729933 0.403925 0.761737 0.503646 480.000000 640.000000
