5 0.530228 0.646865 0.511688 0.569931 0.548768 0.723799 480.000000 640.000000
15 0.670590 0.576266 0.650935 0.513535 0.690245 0.638997 480.000000 640.000000
30 0.594037 0.526631 0.571511 0.464846 0.616563 0.588416 480.000000 640.000000
1 0.912790 0.577883 0.890200 0.507574 0.935379 0.648192 480.000000 640.000000
7 0.284250 0.556468 0.266070 0.496280 0.302430 0.616656 480.000000 640.000000
57 0.743491 0.595354 0.724093 0.530001 0.762889 0.660707 480.000000 640.000000
67 0.125745 0.654624 0.093973 0.569000 0.157516 0.740248 480.000000 640.000000
9 0.787838 0.556952 0.768763 0.496037 0.806912 0.617866 480.000000 640.000000
63 0.175922 0.614752 0.155143 0.544816 0.196701 0.684688 480.000000 640.000000
82 0.056537 0.486118 0.034976 0.416693 0.078098 0.555543 480.000000 640.000000
92 0.409419 0.452746 0.391044 0.394003 0.427793 0.511490 480.000000 640.000000
109 0.031850 0.578254 0.010468 0.499202 0.053231 0.657306 480.000000 640.000000
11 0.527501 0.465687 0.510121 0.403430 0.544882 0.527944 480.000000 640.000000
4 0.354101 0.643865 0.325193 0.571768 0.383010 0.715961 480.000000 640.000000
56 0.176183 0.551144 0.163102 0.504442 0.189264 0.597846 480.000000 640.000000
93 0.728748 0.463582 0.710076 0.406383 0.747421 0.520780 480.000000 640.000000
58 0.341311 0.475754 0.320098 0.402387 0.362524 0.549121 480.000000 640.000000
73 0.631587 0.442346 0.609909 0.378342 0.653265 0.506351 480.000000 640.000000
101 0.453593 0.442125 0.438316 0.381710 0.468870 0.502539 480.000000 640.000000
117 0.259013 0.499360 0.240788 0.435074 0.277237 0.563646 480.000000 640.000000
118 0.875457 0.586603 0.840869 0.470713 0.910046 0.702492 480.000000 640.000000
119 0.363621 0.602140 0.348661 0.539482 0.378580 0.664798 480.000000 640.000000
97 0.764363 0.481071 0.745849 0.433723 0.782877 0.528420 480.000000 640.000000
14 0.764548 0.509291 0.745266 0.432833 0.783831 0.585749 480.000000 640.000000
120 0.070964 0.470139 0.053841 0.418750 0.088086 0.521528 480.000000 640.000000
