2 0.691335 0.607442 0.668279 0.539116 0.714391 0.675768 480.000000 640.000000
4 0.212613 0.648783 0.189417 0.577854 0.235809 0.719711 480.000000 640.000000
5 0.382075 0.646914 0.359226 0.569490 0.404923 0.724337 480.000000 640.000000
13 0.990583 0.620049 0.981373 0.561227 0.999793 0.678872 480.000000 640.000000
15 0.486646 0.561713 0.458606 0.487224 0.514686 0.636202 480.000000 640.000000
29 0.208378 0.479489 0.182331 0.402791 0.234424 0.556187 480.000000 640.000000
30 0.441067 0.522359 0.415904 0.459969 0.466231 0.584748 480.000000 640.000000
1 0.744174 0.584381 0.719124 0.525279 0.769224 0.643483 480.000000 640.000000
38 0.733913 0.475978 0.714400 0.413940 0.753426 0.538017 480.000000 640.000000
16 0.967352 0.506743 0.945242 0.436644 0.989463 0.576843 480.000000 640.000000
31 0.147345 0.609093 0.129611 0.545404 0.165078 0.672783 480.000000 640.000000
7 0.098835 0.550125 0.084950 0.489695 0.112720 0.610555 480.000000 640.000000
3 0.612568 0.621885 0.586379 0.551923 0.638757 0.691848 480.000000 640.000000
9 0.634277 0.552597 0.620996 0.490522 0.647558 0.614672 480.000000 640.000000
48 0.845128 0.456043 0.828633 0.399604 0.861623 0.512483 480.000000 640.000000
40 0.172176 0.463696 0.154119 0.395879 0.190233 0.531512 480.000000 640.000000
19 0.362686 0.456738 0.348193 0.399111 0.377178 0.514366 480.000000 640.000000
55 0.484270 0.496623 0.454822 0.386849 0.513718 0.606396 480.000000 640.000000
56 0.018361 0.571715 0.004227 0.513879 0.032496 0.629552 480.000000 640.000000
57 0.577122 0.598102 0.552873 0.531967 0.601371 0.664236 480.000000 640.000000
58 0.507712 0.467511 0.492639 0.406948 0.522785 0.528074 480.000000 640.000000
24 0.276763 0.438203 0.253459 0.378402 0.300068 0.498004 480.000000 640.000000
