2 0.771473 0.604222 0.754391 0.535074 0.788555 0.673370 480.000000 640.000000
4 0.272914 0.647065 0.244959 0.575327 0.300868 0.718803 480.000000 640.000000
5 0.451592 0.648587 0.425464 0.571413 0.477719 0.725761 480.000000 640.000000
15 0.566813 0.577579 0.542130 0.516303 0.591497 0.638856 480.000000 640.000000
30 0.510422 0.529981 0.487444 0.475241 0.533400 0.584720 480.000000 640.000000
1 0.817111 0.574375 0.796936 0.503249 0.837286 0.645500 480.000000 640.000000
31 0.243359 0.606084 0.229443 0.543232 0.257274 0.668936 480.000000 640.000000
7 0.182803 0.553862 0.168475 0.492823 0.197132 0.614901 480.000000 640.000000
3 0.723052 0.636270 0.690626 0.570709 0.755477 0.701830 480.000000 640.000000
19 0.297966 0.450443 0.283070 0.391668 0.312862 0.509218 480.000000 640.000000
56 0.086286 0.556607 0.071906 0.510301 0.100666 0.602913 480.000000 640.000000
57 0.651130 0.605702 0.626406 0.550241 0.675853 0.661162 480.000000 640.000000
63 0.079386 0.606670 0.058225 0.526354 0.100548 0.686986 480.000000 640.000000
33 0.262988 0.466883 0.238964 0.390481 0.287011 0.543286 480.000000 640.000000
67 0.037359 0.659365 0.004620 0.570247 0.070098 0.748482 480.000000 640.000000
69 0.385082 0.496567 0.354430 0.433539 0.415733 0.559595 480.000000 640.000000
58 0.419384 0.461254 0.399988 0.401717 0.438779 0.520792 480.000000 640.000000
9 0.698205 0.554078 0.681476 0.491223 0.714934 0.616932 480.000000 640.000000
82 0.139814 0.493987 0.123767 0.428069 0.155862 0.559905 480.000000 640.000000
86 0.796350 0.492812 0.780927 0.400721 0.811773 0.584902 480.000000 640.000000
24 0.357333 0.433017 0.342271 0.381847 0.372394 0.484188 480.000000 640.000000
14 0.675074 0.526021 0.651527 0.468198 0.698621 0.583844 480.000000 640.000000
73 0.551554 0.437879 0.535208 0.372895 0.567900 0.502862 480.000000 640.000000
11 0.637027 0.476281 0.615589 0.416540 0.658465 0.536023 480.000000 640.000000
88 0.512240 0.447569 0.498958 0.400000 0.525521 0.495139 480.000000 640.000000
