2 0.673109 0.605786 0.653945 0.536816 0.692274 0.674756 480.000000 640.000000
4 0.196682 0.649269 0.171863 0.577050 0.221502 0.721488 480.000000 640.000000
5 0.365793 0.645782 0.344962 0.568100 0.386623 0.723464 480.000000 640.000000
13 0.983260 0.604041 0.965851 0.528301 1.000668 0.679781 480.000000 640.000000
15 0.471817 0.574603 0.452848 0.513007 0.490786 0.636199 480.000000 640.000000
29 0.222290 0.487782 0.208922 0.422293 0.235658 0.553271 480.000000 640.000000
30 0.429844 0.520946 0.413617 0.457270 0.446072 0.584622 480.000000 640.000000
33 0.190828 0.463789 0.167409 0.386757 0.214246 0.540822 480.000000 640.000000
1 0.728630 0.557627 0.710257 0.474717 0.747002 0.640537 480.000000 640.000000
38 0.754255 0.471989 0.740888 0.412037 0.767621 0.531941 480.000000 640.000000
16 0.951063 0.501959 0.926723 0.431106 0.975403 0.572813 480.000000 640.000000
31 0.133685 0.609344 0.109624 0.545768 0.157746 0.672920 480.000000 640.000000
7 0.079505 0.552494 0.053805 0.492306 0.105204 0.612682 480.000000 640.000000
3 0.587439 0.609524 0.568149 0.526151 0.606729 0.692898 480.000000 640.000000
9 0.624175 0.552897 0.601667 0.490642 0.646684 0.615151 480.000000 640.000000
48 0.855181 0.456521 0.837855 0.399449 0.872508 0.513593 480.000000 640.000000
40 0.159322 0.465673 0.141188 0.398344 0.177456 0.533003 480.000000 640.000000
21 0.471503 0.434482 0.454542 0.369072 0.488465 0.499892 480.000000 640.000000
19 0.380202 0.459055 0.359418 0.399970 0.400986 0.518140 480.000000 640.000000
55 0.500675 0.484246 0.486361 0.416917 0.514989 0.551576 480.000000 640.000000
56 0.015003 0.572512 0.000250 0.515352 0.029755 0.629673 480.000000 640.000000
57 0.565225 0.596381 0.547814 0.533361 0.582637 0.659401 480.000000 640.000000
58 0.517707 0.464357 0.504294 0.403188 0.531119 0.525525 480.000000 640.000000
24 0.263119 0.435639 0.245843 0.373740 0.280396 0.497538 480.000000 640.000000
11 0.554790 0.500054 0.538211 0.434500 0.571369 0.565608 480.000000 640.000000
