2 0.624326 0.611678 0.602473 0.544535 0.646178 0.678820 480.000000 640.000000
4 0.163505 0.648156 0.141392 0.575207 0.185619 0.721106 480.000000 640.000000
5 0.325053 0.643703 0.307476 0.571900 0.342629 0.715506 480.000000 640.000000
13 0.949027 0.604538 0.923763 0.527652 0.974292 0.681423 480.000000 640.000000
14 0.551859 0.527995 0.534154 0.473716 0.569564 0.582273 480.000000 640.000000
15 0.421215 0.572398 0.404012 0.510098 0.438417 0.634699 480.000000 640.000000
29 0.260762 0.478142 0.242521 0.411122 0.279003 0.545161 480.000000 640.000000
30 0.388744 0.522434 0.374943 0.457641 0.402546 0.587226 480.000000 640.000000
33 0.157562 0.479612 0.137977 0.418882 0.177147 0.540342 480.000000 640.000000
1 0.684166 0.572205 0.663683 0.501935 0.704650 0.642476 480.000000 640.000000
25 0.035439 0.508590 0.017697 0.448487 0.053181 0.568694 480.000000 640.000000
21 0.427258 0.446707 0.406918 0.373910 0.447597 0.519503 480.000000 640.000000
38 0.813750 0.476515 0.792290 0.414847 0.835209 0.538183 480.000000 640.000000
16 0.913430 0.513667 0.891167 0.451351 0.935692 0.575982 480.000000 640.000000
31 0.073202 0.610758 0.056664 0.546042 0.089739 0.675473 480.000000 640.000000
7 0.030284 0.558092 0.007287 0.503976 0.053281 0.612209 480.000000 640.000000
11 0.504000 0.504387 0.481800 0.438893 0.526200 0.569880 480.000000 640.000000
44 0.154736 0.410979 0.136390 0.380373 0.173082 0.441585 480.000000 640.000000
3 0.520088 0.610718 0.489401 0.536794 0.550775 0.684642 480.000000 640.000000
9 0.587006 0.550970 0.564683 0.490518 0.609330 0.611421 480.000000 640.000000
48 0.883653 0.457327 0.867174 0.398650 0.900133 0.516004 480.000000 640.000000
49 0.654579 0.457300 0.638468 0.398591 0.670690 0.516009 480.000000 640.000000
