2 0.698298 0.609839 0.669072 0.544513 0.727525 0.675165 480.000000 640.000000
4 0.220631 0.649249 0.198023 0.576431 0.243238 0.722066 480.000000 640.000000
5 0.388458 0.645014 0.363226 0.571889 0.413691 0.718138 480.000000 640.000000
15 0.492635 0.574192 0.471997 0.512551 0.513273 0.635833 480.000000 640.000000
30 0.445936 0.521049 0.423059 0.458223 0.468813 0.583874 480.000000 640.000000
1 0.748234 0.586584 0.720065 0.528338 0.776402 0.644830 480.000000 640.000000
38 0.725335 0.478212 0.703109 0.415634 0.747561 0.540791 480.000000 640.000000
16 0.975333 0.503755 0.951989 0.429978 0.998678 0.577532 480.000000 640.000000
31 0.156947 0.608233 0.141127 0.544318 0.172768 0.672148 480.000000 640.000000
7 0.107475 0.551644 0.091149 0.490175 0.123801 0.613113 480.000000 640.000000
3 0.620477 0.630336 0.589098 0.567969 0.651857 0.692702 480.000000 640.000000
9 0.641537 0.544764 0.628561 0.473849 0.654512 0.615680 480.000000 640.000000
48 0.840248 0.456815 0.823406 0.398429 0.857090 0.515201 480.000000 640.000000
40 0.178158 0.463212 0.159423 0.395843 0.196893 0.530581 480.000000 640.000000
19 0.355745 0.458137 0.335041 0.399189 0.376450 0.517084 480.000000 640.000000
56 0.025929 0.569214 0.011575 0.512036 0.040283 0.626392 480.000000 640.000000
57 0.586472 0.596955 0.565464 0.533832 0.607480 0.660078 480.000000 640.000000
58 0.502848 0.461884 0.483187 0.396878 0.522508 0.526889 480.000000 640.000000
24 0.283508 0.437385 0.268032 0.375094 0.298984 0.499676 480.000000 640.000000
14 0.615864 0.521960 0.596970 0.465607 0.634757 0.578314 480.000000 640.000000
11 0.581906 0.499911 0.556649 0.430913 0.607163 0.568908 480.000000 640.000000
63 0.015483 0.618271 0.000251 0.552718 0.030714 0.683824 480.000000 640.000000
33 0.205061 0.475942 0.178636 0.393619 0.231486 0.558265 480.000000 640.000000
