2 0.649830 0.611424 0.625365 0.541673 0.674296 0.681175 480.000000 640.000000
4 0.183154 0.649766 0.158293 0.578274 0.208014 0.721259 480.000000 640.000000
5 0.346976 0.650076 0.321520 0.572553 0.372431 0.727598 480.000000 640.000000
13 0.968685 0.603459 0.948649 0.526532 0.988721 0.680387 480.000000 640.000000
14 0.568463 0.522065 0.544895 0.463196 0.592030 0.580934 480.000000 640.000000
15 0.443980 0.574606 0.417890 0.513597 0.470071 0.635615 480.000000 640.000000
29 0.240046 0.480761 0.217288 0.407268 0.262803 0.554255 480.000000 640.000000
30 0.405025 0.528399 0.380232 0.472553 0.429818 0.584244 480.000000 640.000000
33 0.170108 0.468912 0.151899 0.397587 0.188316 0.540236 480.000000 640.000000
1 0.705115 0.568361 0.678400 0.494357 0.731831 0.642364 480.000000 640.000000
25 0.013934 0.508377 -0.001044 0.446382 0.028912 0.570373 480.000000 640.000000
38 0.782631 0.482806 0.756390 0.429621 0.808871 0.535991 480.000000 640.000000
16 0.933750 0.504959 0.914460 0.433319 0.953040 0.576599 480.000000 640.000000
31 0.100371 0.611253 0.075027 0.547179 0.125715 0.675326 480.000000 640.000000
7 0.053958 0.551004 0.039393 0.490528 0.068523 0.611480 480.000000 640.000000
11 0.531513 0.499801 0.514061 0.431396 0.548966 0.568206 480.000000 640.000000
44 0.174680 0.411067 0.161973 0.378773 0.187387 0.443361 480.000000 640.000000
3 0.550392 0.610779 0.531209 0.535813 0.569575 0.685746 480.000000 640.000000
9 0.600614 0.552031 0.583525 0.493586 0.617704 0.610475 480.000000 640.000000
48 0.871273 0.456966 0.854829 0.399489 0.887717 0.514444 480.000000 640.000000
49 0.637374 0.457433 0.618385 0.400274 0.656364 0.514593 480.000000 640.000000
24 0.236809 0.431331 0.217645 0.378494 0.255974 0.484168 480.000000 640.000000
40 0.139790 0.464807 0.123480 0.395637 0.156099 0.533977 480.000000 640.000000
19 0.402632 0.445940 0.389484 0.401147 0.415781 0.490732 480.000000 640.000000
21 0.450572 0.437368 0.433507 0.374865 0.467637 0.499872 480.000000 640.000000
53 0.915606 0.538942 0.904701 0.510990 0.926510 0.566895 480.000000 640.000000
37 0.712201 0.532415 0.691359 0.475482 0.733042 0.589349 480.000000 640.000000
