2 0.865286 0.602488 0.851040 0.529344 0.879533 0.675633 480.000000 640.000000
5 0.518748 0.650023 0.492222 0.574906 0.545275 0.725140 480.000000 640.000000
15 0.653335 0.575505 0.633838 0.513573 0.672833 0.637438 480.000000 640.000000
30 0.585866 0.525651 0.562866 0.463583 0.608866 0.587718 480.000000 640.000000
1 0.894024 0.575817 0.878351 0.505476 0.909697 0.646159 480.000000 640.000000
7 0.275401 0.556033 0.250048 0.496363 0.300754 0.615703 480.000000 640.000000
3 0.845369 0.633360 0.827827 0.565027 0.862910 0.701693 480.000000 640.000000
57 0.728029 0.599016 0.701036 0.534361 0.755022 0.663670 480.000000 640.000000
33 0.301097 0.473523 0.283017 0.403072 0.319177 0.543974 480.000000 640.000000
67 0.106855 0.651552 0.082220 0.569480 0.131489 0.733625 480.000000 640.000000
9 0.772343 0.557219 0.754590 0.495209 0.790097 0.619230 480.000000 640.000000
63 0.162152 0.622592 0.134609 0.560281 0.189696 0.684904 480.000000 640.000000
82 0.061520 0.488725 0.044549 0.423445 0.078490 0.554004 480.000000 640.000000
92 0.421214 0.451562 0.401260 0.387718 0.441167 0.515406 480.000000 640.000000
109 0.023454 0.581447 0.000120 0.501572 0.046788 0.661321 480.000000 640.000000
19 0.228831 0.431903 0.209886 0.364852 0.247776 0.498954 480.000000 640.000000
11 0.544357 0.468288 0.526021 0.406353 0.562693 0.530224 480.000000 640.000000
4 0.347774 0.631997 0.317564 0.547326 0.377983 0.716667 480.000000 640.000000
56 0.161474 0.559122 0.146072 0.506227 0.176876 0.612017 480.000000 640.000000
93 0.742829 0.458495 0.724146 0.403774 0.761511 0.513216 480.000000 640.000000
94 0.109786 0.648433 0.084483 0.572781 0.135090 0.724085 480.000000 640.000000
58 0.333206 0.463478 0.315607 0.397739 0.350806 0.529218 480.000000 640.000000
73 0.615928 0.445377 0.600220 0.383509 0.631637 0.507246 480.000000 640.000000
114 0.440885 0.440972 0.430208 0.382639 0.451562 0.499306 480.000000 640.000000
