2 0.744014 0.608182 0.714826 0.542400 0.773201 0.673965 480.000000 640.000000
4 0.255525 0.647243 0.234915 0.575926 0.276135 0.718561 480.000000 640.000000
5 0.428606 0.648432 0.403174 0.574544 0.454038 0.722320 480.000000 640.000000
15 0.541960 0.577575 0.525313 0.516374 0.558607 0.638775 480.000000 640.000000
30 0.484770 0.522857 0.465673 0.460750 0.503867 0.584965 480.000000 640.000000
1 0.787833 0.574955 0.759825 0.504063 0.815842 0.645846 480.000000 640.000000
31 0.216562 0.606435 0.194567 0.544553 0.238557 0.668317 480.000000 640.000000
7 0.158247 0.555722 0.130048 0.496294 0.186446 0.615149 480.000000 640.000000
3 0.684191 0.625443 0.662683 0.549680 0.705698 0.701207 480.000000 640.000000
48 0.813700 0.456336 0.797858 0.399905 0.829543 0.512766 480.000000 640.000000
19 0.319773 0.451250 0.299430 0.387070 0.340115 0.515430 480.000000 640.000000
56 0.067384 0.569025 0.046742 0.511854 0.088027 0.626196 480.000000 640.000000
57 0.629169 0.597641 0.612070 0.534324 0.646268 0.660959 480.000000 640.000000
63 0.055085 0.614290 0.027875 0.541918 0.082294 0.686662 480.000000 640.000000
33 0.240912 0.459878 0.225635 0.383681 0.256190 0.536074 480.000000 640.000000
67 0.017726 0.641487 0.000353 0.568421 0.035100 0.714552 480.000000 640.000000
69 0.418413 0.490443 0.402573 0.425712 0.434253 0.555174 480.000000 640.000000
11 0.622621 0.500918 0.598874 0.437667 0.646369 0.564169 480.000000 640.000000
73 0.531761 0.442249 0.509828 0.394021 0.553693 0.490477 480.000000 640.000000
58 0.449513 0.458760 0.432242 0.402875 0.466784 0.514645 480.000000 640.000000
77 0.332292 0.447569 0.322656 0.379167 0.341927 0.515972 480.000000 640.000000
78 0.160677 0.465278 0.147135 0.432639 0.174219 0.497917 480.000000 640.000000
68 0.533485 0.461215 0.511401 0.399078 0.555569 0.523353 480.000000 640.000000
