2 0.721952 0.607720 0.701743 0.540091 0.742160 0.675349 480.000000 640.000000
4 0.234841 0.648418 0.208706 0.574918 0.260977 0.721918 480.000000 640.000000
5 0.410850 0.649553 0.387051 0.573601 0.434650 0.725506 480.000000 640.000000
15 0.520814 0.576051 0.496395 0.514897 0.545232 0.637206 480.000000 640.000000
30 0.466761 0.504242 0.445475 0.424127 0.488048 0.584357 480.000000 640.000000
1 0.768453 0.573765 0.753736 0.501816 0.783170 0.645713 480.000000 640.000000
38 0.696807 0.480618 0.676670 0.424551 0.716943 0.536686 480.000000 640.000000
16 0.984298 0.503932 0.968224 0.435371 1.000372 0.572492 480.000000 640.000000
31 0.185698 0.616541 0.161291 0.563790 0.210105 0.669291 480.000000 640.000000
7 0.128477 0.554029 0.110546 0.492393 0.146407 0.615665 480.000000 640.000000
3 0.655140 0.631424 0.635670 0.563399 0.674610 0.699449 480.000000 640.000000
9 0.665623 0.553267 0.648352 0.494490 0.682894 0.612045 480.000000 640.000000
48 0.825893 0.456344 0.808539 0.397463 0.843246 0.515225 480.000000 640.000000
40 0.191098 0.480552 0.170036 0.401161 0.212159 0.559943 480.000000 640.000000
19 0.337704 0.455914 0.324852 0.398493 0.350555 0.513335 480.000000 640.000000
56 0.047397 0.567953 0.032093 0.511859 0.062702 0.624047 480.000000 640.000000
57 0.609718 0.598408 0.587155 0.533925 0.632281 0.662890 480.000000 640.000000
58 0.470228 0.456483 0.457303 0.402542 0.483152 0.510424 480.000000 640.000000
24 0.305844 0.438576 0.286228 0.378547 0.325460 0.498606 480.000000 640.000000
14 0.632179 0.527072 0.615122 0.470631 0.649236 0.583513 480.000000 640.000000
63 0.025658 0.617465 0.004835 0.551519 0.046482 0.683412 480.000000 640.000000
33 0.226294 0.469624 0.201248 0.401451 0.251340 0.537798 480.000000 640.000000
67 0.016593 0.641640 0.000352 0.566308 0.032834 0.716971 480.000000 640.000000
68 0.564577 0.462368 0.540118 0.403122 0.589037 0.521613 480.000000 640.000000
69 0.436845 0.488717 0.415539 0.426158 0.458150 0.551276 480.000000 640.000000
11 0.605633 0.497797 0.589631 0.433644 0.621636 0.561950 480.000000 640.000000
70 0.656771 0.601736 0.634896 0.504514 0.678646 0.698958 480.000000 640.000000
