2 0.830216 0.582834 0.807636 0.491099 0.852796 0.674568 480.000000 640.000000
4 0.313714 0.634582 0.285936 0.552223 0.341491 0.716940 480.000000 640.000000
5 0.490503 0.648842 0.469940 0.573656 0.511067 0.724029 480.000000 640.000000
15 0.620252 0.576616 0.602575 0.514333 0.637930 0.638900 480.000000 640.000000
30 0.553278 0.530980 0.527491 0.474108 0.579065 0.587853 480.000000 640.000000
1 0.863860 0.575213 0.840345 0.506421 0.887374 0.644005 480.000000 640.000000
7 0.236080 0.555475 0.210369 0.494133 0.261791 0.616818 480.000000 640.000000
3 0.799080 0.637043 0.783298 0.570605 0.814862 0.703480 480.000000 640.000000
57 0.695560 0.601825 0.674697 0.539697 0.716422 0.663954 480.000000 640.000000
33 0.308493 0.474151 0.285176 0.395541 0.331811 0.552761 480.000000 640.000000
67 0.083749 0.654288 0.051293 0.569695 0.116204 0.738881 480.000000 640.000000
69 0.319145 0.490189 0.299249 0.420849 0.339041 0.559529 480.000000 640.000000
58 0.371089 0.456923 0.344485 0.399352 0.397693 0.514495 480.000000 640.000000
9 0.745871 0.553126 0.732140 0.488857 0.759602 0.617396 480.000000 640.000000
14 0.711050 0.518408 0.684492 0.454458 0.737608 0.582358 480.000000 640.000000
11 0.591659 0.476284 0.570392 0.420703 0.612926 0.531864 480.000000 640.000000
91 0.028912 0.466311 0.003758 0.413472 0.054066 0.519149 480.000000 640.000000
63 0.130669 0.624163 0.110011 0.564322 0.151328 0.684003 480.000000 640.000000
93 0.763600 0.461103 0.748328 0.404879 0.778872 0.517327 480.000000 640.000000
97 0.715449 0.470034 0.697190 0.436890 0.733708 0.503178 480.000000 640.000000
82 0.091801 0.490905 0.068429 0.426548 0.115172 0.555262 480.000000 640.000000
92 0.454002 0.457728 0.432617 0.398988 0.475387 0.516468 480.000000 640.000000
56 0.135251 0.560503 0.119535 0.507234 0.150966 0.613772 480.000000 640.000000
101 0.405533 0.440788 0.393128 0.380171 0.417938 0.501406 480.000000 640.000000
