2 0.620460 0.612483 0.596379 0.546438 0.644541 0.678529 480.000000 640.000000
4 0.159813 0.649186 0.137070 0.575144 0.182556 0.723229 480.000000 640.000000
5 0.321863 0.648816 0.302821 0.572370 0.340904 0.725263 480.000000 640.000000
13 0.946670 0.603828 0.920224 0.527414 0.973116 0.680241 480.000000 640.000000
14 0.549949 0.527200 0.532187 0.471505 0.567710 0.582895 480.000000 640.000000
15 0.419307 0.572776 0.401677 0.511555 0.436936 0.633996 480.000000 640.000000
29 0.263641 0.477487 0.244236 0.411180 0.283046 0.543794 480.000000 640.000000
30 0.386938 0.521616 0.372614 0.457966 0.401261 0.585266 480.000000 640.000000
33 0.156141 0.480563 0.134641 0.419881 0.177641 0.541246 480.000000 640.000000
1 0.679985 0.572989 0.657869 0.503380 0.702101 0.642597 480.000000 640.000000
25 0.036762 0.510389 0.020035 0.451908 0.053488 0.568869 480.000000 640.000000
21 0.429080 0.446801 0.410993 0.372921 0.447167 0.520680 480.000000 640.000000
38 0.816091 0.476971 0.791640 0.416217 0.840542 0.537725 480.000000 640.000000
16 0.911161 0.507145 0.889416 0.437440 0.932905 0.576850 480.000000 640.000000
31 0.069431 0.611114 0.053796 0.546567 0.085067 0.675661 480.000000 640.000000
7 0.030220 0.557817 0.010343 0.502732 0.050096 0.612903 480.000000 640.000000
11 0.500997 0.504949 0.477027 0.439207 0.524967 0.570691 480.000000 640.000000
44 0.152904 0.411325 0.134690 0.380174 0.171119 0.442476 480.000000 640.000000
3 0.517904 0.615013 0.487186 0.545862 0.548622 0.684165 480.000000 640.000000
9 0.585379 0.550791 0.564087 0.490284 0.606671 0.611297 480.000000 640.000000
48 0.885832 0.456423 0.869811 0.397796 0.901854 0.515051 480.000000 640.000000
49 0.659819 0.455689 0.642078 0.395632 0.677559 0.515746 480.000000 640.000000
50 0.031706 0.532986 0.009896 0.453125 0.053516 0.612847 480.000000 640.000000
