2 0.655813 0.611824 0.627741 0.543315 0.683885 0.680332 480.000000 640.000000
4 0.190361 0.648825 0.163140 0.577118 0.217582 0.720531 480.000000 640.000000
5 0.350786 0.639827 0.323513 0.572353 0.378058 0.707300 480.000000 640.000000
13 0.975990 0.602519 0.951235 0.523592 1.000745 0.681446 480.000000 640.000000
14 0.578078 0.524074 0.559465 0.465443 0.596692 0.582706 480.000000 640.000000
15 0.449540 0.575112 0.425962 0.514783 0.473119 0.635441 480.000000 640.000000
29 0.238267 0.491983 0.215170 0.429640 0.261364 0.554325 480.000000 640.000000
30 0.409879 0.519509 0.389476 0.454175 0.430282 0.584843 480.000000 640.000000
33 0.180490 0.460486 0.157251 0.381527 0.203729 0.539445 480.000000 640.000000
1 0.708560 0.579077 0.681123 0.514641 0.735997 0.643513 480.000000 640.000000
25 0.009092 0.513222 -0.000405 0.457203 0.018589 0.569241 480.000000 640.000000
38 0.776544 0.483697 0.747364 0.432932 0.805724 0.534463 480.000000 640.000000
16 0.938668 0.505469 0.917904 0.433757 0.959432 0.577180 480.000000 640.000000
31 0.107654 0.608381 0.091056 0.545909 0.124253 0.670852 480.000000 640.000000
7 0.063755 0.551290 0.048953 0.490310 0.078556 0.612270 480.000000 640.000000
11 0.533155 0.497797 0.510829 0.429231 0.555481 0.566362 480.000000 640.000000
44 0.177439 0.410092 0.163267 0.381637 0.191612 0.438547 480.000000 640.000000
3 0.563044 0.608733 0.533658 0.531727 0.592429 0.685739 480.000000 640.000000
9 0.609320 0.550355 0.595711 0.488722 0.622929 0.611987 480.000000 640.000000
48 0.866607 0.456863 0.851082 0.399569 0.882131 0.514157 480.000000 640.000000
24 0.244627 0.436428 0.228509 0.378192 0.260745 0.494664 480.000000 640.000000
40 0.146718 0.466219 0.127796 0.397691 0.165639 0.534747 480.000000 640.000000
21 0.456984 0.434783 0.438399 0.374861 0.475568 0.494706 480.000000 640.000000
19 0.395067 0.454760 0.381426 0.399356 0.408708 0.510164 480.000000 640.000000
