1 0.605560 0.570125 0.590057 0.501803 0.621063 0.638447 480.000000 640.000000
2 0.546656 0.618321 0.528545 0.548495 0.564767 0.688147 480.000000 640.000000
3 0.411869 0.603478 0.386093 0.537424 0.437645 0.669532 480.000000 640.000000
4 0.100828 0.652500 0.078582 0.580287 0.123073 0.724713 480.000000 640.000000
5 0.265131 0.648999 0.239743 0.571932 0.290520 0.726065 480.000000 640.000000
6 0.979060 0.542908 0.957995 0.476812 1.000125 0.609004 480.000000 640.000000
7 0.047263 0.498116 0.021282 0.435143 0.073244 0.561089 480.000000 640.000000
8 0.634623 0.538642 0.614981 0.481357 0.654265 0.595928 480.000000 640.000000
9 0.514268 0.547156 0.495502 0.485124 0.533034 0.609189 480.000000 640.000000
10 0.657111 0.492738 0.640395 0.421807 0.673827 0.563668 480.000000 640.000000
11 0.428480 0.502761 0.413244 0.437377 0.443717 0.568144 480.000000 640.000000
12 0.454216 0.588493 0.438700 0.524352 0.469733 0.652634 480.000000 640.000000
13 0.871254 0.604764 0.845755 0.529567 0.896754 0.679961 480.000000 640.000000
14 0.477181 0.525257 0.461620 0.465797 0.492743 0.584718 480.000000 640.000000
15 0.338887 0.568679 0.320685 0.506313 0.357089 0.631044 480.000000 640.000000
16 0.842123 0.514180 0.823300 0.448794 0.860946 0.579567 480.000000 640.000000
17 0.118248 0.492864 0.091886 0.414995 0.144611 0.570733 480.000000 640.000000
18 0.735192 0.456850 0.721149 0.399147 0.749235 0.514553 480.000000 640.000000
19 0.490692 0.445042 0.476226 0.399603 0.505158 0.490482 480.000000 640.000000
20 0.911097 0.472474 0.888597 0.411860 0.933598 0.533089 480.000000 640.000000
21 0.369947 0.431639 0.353291 0.366357 0.386604 0.496921 480.000000 640.000000
22 0.090846 0.460149 0.077274 0.380716 0.104418 0.539583 480.000000 640.000000
24 0.141276 0.428819 0.127344 0.370139 0.155208 0.487500 480.000000 640.000000
