2 0.714270 0.608723 0.691097 0.542338 0.737443 0.675109 480.000000 640.000000
4 0.232688 0.648317 0.204912 0.574391 0.260464 0.722242 480.000000 640.000000
5 0.399358 0.647739 0.376114 0.574861 0.422602 0.720618 480.000000 640.000000
15 0.515582 0.575431 0.494737 0.512944 0.536427 0.637918 480.000000 640.000000
30 0.462741 0.516353 0.442257 0.448920 0.483226 0.583786 480.000000 640.000000
1 0.762164 0.576472 0.746580 0.508128 0.777748 0.644816 480.000000 640.000000
38 0.704442 0.477752 0.688443 0.417797 0.720441 0.537708 480.000000 640.000000
16 0.984418 0.502175 0.968347 0.432894 1.000489 0.571456 480.000000 640.000000
31 0.181530 0.608708 0.154267 0.547477 0.208793 0.669938 480.000000 640.000000
7 0.122125 0.554598 0.100285 0.494220 0.143966 0.614977 480.000000 640.000000
3 0.647301 0.631712 0.632266 0.566287 0.662336 0.697138 480.000000 640.000000
9 0.662111 0.552677 0.642381 0.492893 0.681841 0.612461 480.000000 640.000000
48 0.828780 0.454342 0.810742 0.395413 0.846819 0.513272 480.000000 640.000000
40 0.193344 0.467596 0.174397 0.399443 0.212291 0.535749 480.000000 640.000000
19 0.343235 0.457287 0.326732 0.399882 0.359739 0.514691 480.000000 640.000000
56 0.045089 0.567708 0.027763 0.512172 0.062416 0.623243 480.000000 640.000000
57 0.603139 0.597750 0.583356 0.533320 0.622922 0.662179 480.000000 640.000000
58 0.475225 0.456788 0.462348 0.402312 0.488102 0.511264 480.000000 640.000000
24 0.304005 0.438107 0.285607 0.376036 0.322403 0.500178 480.000000 640.000000
14 0.628716 0.526421 0.614973 0.469239 0.642459 0.583602 480.000000 640.000000
63 0.023943 0.619964 0.000832 0.553320 0.047054 0.686608 480.000000 640.000000
33 0.220924 0.468527 0.190519 0.398668 0.251328 0.538385 480.000000 640.000000
65 0.598449 0.489643 0.582504 0.433018 0.614394 0.546268 480.000000 640.000000
67 0.014372 0.642371 0.000276 0.568107 0.028467 0.716635 480.000000 640.000000
68 0.566146 0.461806 0.542188 0.403472 0.590104 0.520139 480.000000 640.000000
