2 0.574152 0.615637 0.549039 0.548283 0.599265 0.682991 480.000000 640.000000
3 0.453874 0.609786 0.436250 0.543960 0.471497 0.675612 480.000000 640.000000
4 0.119594 0.652312 0.096531 0.578552 0.142656 0.726072 480.000000 640.000000
5 0.284402 0.649189 0.266171 0.567079 0.302634 0.731299 480.000000 640.000000
6 0.990209 0.549855 0.980405 0.497068 1.000013 0.602643 480.000000 640.000000
7 0.017122 0.498248 -0.000985 0.435861 0.035230 0.560636 480.000000 640.000000
9 0.545977 0.548176 0.530577 0.488266 0.561376 0.608086 480.000000 640.000000
12 0.481372 0.592243 0.466721 0.526749 0.496023 0.657736 480.000000 640.000000
13 0.905463 0.603227 0.877239 0.524276 0.933687 0.682178 480.000000 640.000000
14 0.508513 0.520273 0.490722 0.459859 0.526303 0.580687 480.000000 640.000000
15 0.369872 0.572915 0.345608 0.511736 0.394136 0.634095 480.000000 640.000000
20 0.874882 0.502861 0.849592 0.423114 0.900172 0.582609 480.000000 640.000000
24 0.170118 0.432084 0.154995 0.371400 0.185242 0.492768 480.000000 640.000000
27 0.915123 0.455299 0.899349 0.401241 0.930897 0.509358 480.000000 640.000000
29 0.295323 0.466479 0.276719 0.402343 0.313926 0.530615 480.000000 640.000000
30 0.349374 0.522443 0.335169 0.460629 0.363580 0.584257 480.000000 640.000000
31 0.018300 0.612115 0.000167 0.550756 0.036434 0.673474 480.000000 640.000000
33 0.120126 0.464245 0.098400 0.383623 0.141853 0.544868 480.000000 640.000000
34 0.613836 0.487988 0.594788 0.420412 0.632885 0.555564 480.000000 640.000000
18 0.701585 0.454742 0.683113 0.396146 0.720058 0.513339 480.000000 640.000000
1 0.633571 0.572897 0.609138 0.502316 0.658004 0.643478 480.000000 640.000000
25 0.081506 0.491441 0.063110 0.418715 0.099902 0.564166 480.000000 640.000000
