5 0.564802 0.646953 0.546426 0.570621 0.583178 0.723285 480.000000 640.000000
15 0.714008 0.575903 0.689969 0.511931 0.738047 0.639875 480.000000 640.000000
30 0.632420 0.527890 0.610824 0.467239 0.654016 0.588541 480.000000 640.000000
1 0.952888 0.574691 0.930485 0.507978 0.975292 0.641404 480.000000 640.000000
7 0.332535 0.551402 0.319224 0.495063 0.345847 0.607741 480.000000 640.000000
57 0.783742 0.596795 0.764453 0.531105 0.803031 0.662486 480.000000 640.000000
67 0.159381 0.651999 0.125775 0.566603 0.192987 0.737394 480.000000 640.000000
9 0.822960 0.557451 0.801771 0.496371 0.844150 0.618532 480.000000 640.000000
63 0.217991 0.599755 0.196323 0.513819 0.239658 0.685691 480.000000 640.000000
109 0.067234 0.588135 0.047157 0.514919 0.087312 0.661350 480.000000 640.000000
4 0.392078 0.644504 0.362082 0.573577 0.422075 0.715431 480.000000 640.000000
93 0.705154 0.469815 0.688855 0.408335 0.721453 0.531295 480.000000 640.000000
58 0.387945 0.471045 0.371495 0.399668 0.404395 0.542421 480.000000 640.000000
117 0.199243 0.500823 0.177128 0.435064 0.221358 0.566582 480.000000 640.000000
3 0.934591 0.597803 0.900069 0.496920 0.969113 0.698685 480.000000 640.000000
125 0.911956 0.523897 0.897535 0.466754 0.926376 0.581039 480.000000 640.000000
127 0.036389 0.531794 0.015941 0.469069 0.056837 0.594518 480.000000 640.000000
97 0.806431 0.479157 0.788444 0.432519 0.824418 0.525795 480.000000 640.000000
91 0.100922 0.461207 0.075876 0.401267 0.125968 0.521147 480.000000 640.000000
19 0.177835 0.440664 0.163079 0.383398 0.192591 0.497930 480.000000 640.000000
124 0.417538 0.603319 0.399960 0.540196 0.435116 0.666442 480.000000 640.000000
11 0.477977 0.459019 0.454127 0.397563 0.501828 0.520474 480.000000 640.000000
128 0.282755 0.446432 0.264664 0.390936 0.300847 0.501928 480.000000 640.000000
129 0.276888 0.440278 0.264453 0.390972 0.289323 0.489583 480.000000 640.000000
130 0.014925 0.484722 0.000163 0.420833 0.029688 0.548611 480.000000 640.000000
33 0.353022 0.468240 0.330478 0.392770 0.375566 0.543711 480.000000 640.000000
