5 0.552113 0.644711 0.525988 0.572984 0.578238 0.716438 480.000000 640.000000
15 0.689763 0.577417 0.670056 0.515204 0.709470 0.639630 480.000000 640.000000
30 0.618564 0.531802 0.599963 0.474836 0.637165 0.588769 480.000000 640.000000
1 0.930877 0.577052 0.912372 0.506533 0.949382 0.647571 480.000000 640.000000
7 0.311759 0.555574 0.289358 0.495813 0.334160 0.615334 480.000000 640.000000
57 0.763739 0.600424 0.737409 0.536681 0.790068 0.664167 480.000000 640.000000
67 0.140792 0.650495 0.118469 0.562204 0.163114 0.738786 480.000000 640.000000
9 0.803209 0.555558 0.783412 0.493105 0.823007 0.618012 480.000000 640.000000
63 0.204392 0.618451 0.174020 0.553045 0.234764 0.683857 480.000000 640.000000
82 0.032642 0.449365 0.020467 0.416707 0.044817 0.482023 480.000000 640.000000
92 0.388541 0.450450 0.373919 0.391558 0.403164 0.509342 480.000000 640.000000
109 0.052673 0.581817 0.025827 0.503411 0.079519 0.660224 480.000000 640.000000
11 0.505537 0.461771 0.487501 0.399742 0.523574 0.523801 480.000000 640.000000
4 0.371759 0.641917 0.348390 0.568018 0.395127 0.715816 480.000000 640.000000
56 0.192052 0.549174 0.180342 0.502327 0.203762 0.596022 480.000000 640.000000
93 0.717131 0.462676 0.700909 0.405536 0.733353 0.519817 480.000000 640.000000
58 0.367222 0.472633 0.343807 0.401584 0.390638 0.543683 480.000000 640.000000
73 0.646998 0.444094 0.631365 0.379864 0.662631 0.508324 480.000000 640.000000
101 0.477066 0.445618 0.462074 0.384524 0.492057 0.506712 480.000000 640.000000
117 0.236217 0.500133 0.212121 0.433961 0.260314 0.566305 480.000000 640.000000
3 0.903541 0.628541 0.887025 0.551374 0.920057 0.705708 480.000000 640.000000
125 0.891484 0.522047 0.871877 0.466254 0.911092 0.577840 480.000000 640.000000
127 0.022304 0.529877 0.004012 0.466168 0.040596 0.593585 480.000000 640.000000
97 0.785917 0.481962 0.766716 0.433335 0.805119 0.530588 480.000000 640.000000
91 0.082804 0.459555 0.069666 0.398878 0.095943 0.520231 480.000000 640.000000
19 0.192985 0.442082 0.174082 0.384203 0.211888 0.499961 480.000000 640.000000
124 0.400763 0.605296 0.383283 0.541706 0.418242 0.668886 480.000000 640.000000
