1 0.625433 0.572776 0.598337 0.504866 0.652529 0.640686 480.000000 640.000000
2 0.565918 0.617906 0.537195 0.549541 0.594642 0.686272 480.000000 640.000000
3 0.432113 0.608906 0.410041 0.546963 0.454185 0.670850 480.000000 640.000000
4 0.112970 0.651333 0.084830 0.578747 0.141109 0.723919 480.000000 640.000000
5 0.274479 0.650343 0.248922 0.569694 0.300036 0.730992 480.000000 640.000000
6 0.985057 0.546180 0.970083 0.486857 1.000031 0.605503 480.000000 640.000000
7 0.025105 0.498309 0.008788 0.433322 0.041423 0.563297 480.000000 640.000000
8 0.629569 0.521580 0.597072 0.423269 0.662065 0.619892 480.000000 640.000000
9 0.532717 0.547249 0.517047 0.488602 0.548386 0.605896 480.000000 640.000000
11 0.446239 0.513222 0.427671 0.440508 0.464807 0.585935 480.000000 640.000000
12 0.471535 0.593430 0.450164 0.528727 0.492906 0.658132 480.000000 640.000000
13 0.891621 0.610186 0.873620 0.542463 0.909622 0.677908 480.000000 640.000000
14 0.498896 0.521718 0.476152 0.460003 0.521640 0.583433 480.000000 640.000000
15 0.361523 0.570944 0.337038 0.510099 0.386007 0.631789 480.000000 640.000000
16 0.859400 0.513759 0.841171 0.444197 0.877630 0.583322 480.000000 640.000000
19 0.474650 0.458141 0.460439 0.400715 0.488862 0.515566 480.000000 640.000000
20 0.892956 0.475120 0.876347 0.409023 0.909565 0.541217 480.000000 640.000000
21 0.384356 0.430441 0.366061 0.369365 0.402651 0.491518 480.000000 640.000000
24 0.159694 0.433673 0.135129 0.374266 0.184260 0.493079 480.000000 640.000000
25 0.073110 0.472757 0.057264 0.413147 0.088957 0.532366 480.000000 640.000000
27 0.922269 0.456346 0.904665 0.399417 0.939873 0.513275 480.000000 640.000000
29 0.301876 0.463604 0.280214 0.397587 0.323538 0.529620 480.000000 640.000000
30 0.333487 0.520795 0.312884 0.463142 0.354089 0.578448 480.000000 640.000000
31 0.013407 0.611621 0.000249 0.551279 0.026564 0.671963 480.000000 640.000000
32 0.278906 0.636458 0.256510 0.568750 0.301302 0.704167 480.000000 640.000000
