2 0.706654 0.610313 0.680396 0.544970 0.732912 0.675657 480.000000 640.000000
4 0.231288 0.648351 0.203428 0.574443 0.259148 0.722259 480.000000 640.000000
5 0.399627 0.647165 0.377424 0.574083 0.421829 0.720247 480.000000 640.000000
15 0.507531 0.575757 0.490547 0.513328 0.524516 0.638186 480.000000 640.000000
30 0.459296 0.502961 0.444862 0.424301 0.473729 0.581620 480.000000 640.000000
1 0.756214 0.580429 0.736213 0.517095 0.776216 0.643762 480.000000 640.000000
38 0.711134 0.475613 0.696717 0.411044 0.725552 0.540182 480.000000 640.000000
16 0.983928 0.501943 0.967351 0.430744 1.000506 0.573142 480.000000 640.000000
31 0.177569 0.607908 0.152026 0.545376 0.203112 0.670440 480.000000 640.000000
7 0.118756 0.554200 0.093819 0.494393 0.143694 0.614006 480.000000 640.000000
3 0.637297 0.631976 0.618692 0.566227 0.655903 0.697724 480.000000 640.000000
9 0.657711 0.550638 0.638465 0.490978 0.676956 0.610299 480.000000 640.000000
48 0.831872 0.450540 0.814292 0.388512 0.849453 0.512568 480.000000 640.000000
40 0.187169 0.468405 0.168215 0.398877 0.206123 0.537934 480.000000 640.000000
19 0.347992 0.457951 0.327536 0.399462 0.368447 0.516439 480.000000 640.000000
56 0.040427 0.567646 0.021580 0.512212 0.059275 0.623079 480.000000 640.000000
57 0.597487 0.598901 0.579818 0.535292 0.615157 0.662511 480.000000 640.000000
58 0.479963 0.460464 0.467845 0.401738 0.492082 0.519191 480.000000 640.000000
24 0.298095 0.436681 0.283058 0.374315 0.313133 0.499047 480.000000 640.000000
14 0.624774 0.524215 0.608000 0.465453 0.641549 0.582978 480.000000 640.000000
63 0.023274 0.626548 0.000393 0.553361 0.046154 0.699736 480.000000 640.000000
33 0.214453 0.469275 0.179860 0.400708 0.249046 0.537842 480.000000 640.000000
65 0.596875 0.490972 0.584375 0.433681 0.609375 0.548264 480.000000 640.000000
66 0.569271 0.460417 0.549479 0.402083 0.589063 0.518750 480.000000 640.000000
