2 0.675993 0.604721 0.657274 0.536121 0.694712 0.673322 480.000000 640.000000
4 0.198965 0.649595 0.175747 0.577723 0.222184 0.721466 480.000000 640.000000
5 0.371908 0.647372 0.349382 0.567939 0.394434 0.726806 480.000000 640.000000
13 0.983807 0.599085 0.967089 0.528225 1.000526 0.669946 480.000000 640.000000
15 0.475946 0.575074 0.454600 0.514015 0.497292 0.636134 480.000000 640.000000
29 0.221244 0.487632 0.207472 0.422018 0.235016 0.553246 480.000000 640.000000
30 0.432697 0.521377 0.414365 0.457883 0.451029 0.584870 480.000000 640.000000
33 0.191077 0.462235 0.170750 0.385402 0.211404 0.539068 480.000000 640.000000
1 0.731016 0.557596 0.712879 0.472895 0.749152 0.642297 480.000000 640.000000
38 0.752486 0.475654 0.739221 0.419022 0.765750 0.532286 480.000000 640.000000
16 0.952700 0.504395 0.927157 0.433985 0.978244 0.574805 480.000000 640.000000
31 0.135954 0.609527 0.110355 0.546189 0.161554 0.672865 480.000000 640.000000
7 0.081480 0.552450 0.056868 0.492322 0.106091 0.612579 480.000000 640.000000
3 0.591542 0.594955 0.573189 0.497866 0.609896 0.692045 480.000000 640.000000
9 0.625197 0.553498 0.602566 0.491707 0.647828 0.615289 480.000000 640.000000
48 0.852605 0.456332 0.834994 0.399585 0.870217 0.513078 480.000000 640.000000
40 0.161367 0.463057 0.143876 0.398053 0.178858 0.528061 480.000000 640.000000
21 0.473708 0.433868 0.456968 0.369176 0.490449 0.498561 480.000000 640.000000
19 0.377601 0.458073 0.359169 0.399592 0.396032 0.516554 480.000000 640.000000
55 0.499280 0.485157 0.483346 0.419063 0.515215 0.551251 480.000000 640.000000
56 0.015187 0.572910 0.000255 0.516025 0.030120 0.629796 480.000000 640.000000
57 0.567175 0.597147 0.549582 0.535014 0.584767 0.659280 480.000000 640.000000
58 0.514897 0.465769 0.501718 0.403247 0.528076 0.528291 480.000000 640.000000
24 0.266837 0.436234 0.246585 0.374352 0.287090 0.498115 480.000000 640.000000
11 0.560113 0.500267 0.545510 0.434278 0.574716 0.566256 480.000000 640.000000
