2 0.851352 0.578649 0.831952 0.485341 0.870751 0.671958 480.000000 640.000000
5 0.505768 0.647174 0.483547 0.575853 0.527989 0.718494 480.000000 640.000000
15 0.640657 0.577397 0.614063 0.515819 0.667250 0.638975 480.000000 640.000000
30 0.574220 0.516515 0.557118 0.446872 0.591321 0.586158 480.000000 640.000000
1 0.881652 0.575085 0.865152 0.506902 0.898152 0.643268 480.000000 640.000000
7 0.258708 0.553541 0.245590 0.492584 0.271825 0.614498 480.000000 640.000000
3 0.826513 0.646394 0.794169 0.590301 0.858857 0.702486 480.000000 640.000000
57 0.717837 0.597491 0.697663 0.533000 0.738012 0.661982 480.000000 640.000000
33 0.297391 0.482773 0.268773 0.401164 0.326008 0.564382 480.000000 640.000000
67 0.094939 0.654021 0.074537 0.569079 0.115341 0.738963 480.000000 640.000000
58 0.349568 0.454656 0.338076 0.395356 0.361060 0.513956 480.000000 640.000000
9 0.760720 0.558560 0.736670 0.498557 0.784770 0.618564 480.000000 640.000000
91 0.040150 0.458942 0.025649 0.399295 0.054652 0.518588 480.000000 640.000000
63 0.155423 0.600420 0.124848 0.516082 0.185998 0.684757 480.000000 640.000000
82 0.080290 0.489529 0.061916 0.425203 0.098664 0.553854 480.000000 640.000000
92 0.431848 0.451737 0.410025 0.386562 0.453671 0.516913 480.000000 640.000000
73 0.607155 0.440260 0.590395 0.376167 0.623915 0.504354 480.000000 640.000000
109 0.014699 0.579606 0.000251 0.502033 0.029147 0.657179 480.000000 640.000000
19 0.242171 0.433820 0.231277 0.388770 0.253066 0.478871 480.000000 640.000000
11 0.558014 0.468917 0.538886 0.407238 0.577142 0.530596 480.000000 640.000000
4 0.328894 0.637458 0.308440 0.557948 0.349348 0.716968 480.000000 640.000000
56 0.148999 0.558489 0.135855 0.505734 0.162143 0.611245 480.000000 640.000000
93 0.750130 0.453109 0.735703 0.404317 0.764557 0.501901 480.000000 640.000000
