2 0.613964 0.614577 0.585525 0.548478 0.642402 0.680675 480.000000 640.000000
4 0.154280 0.651059 0.125954 0.575136 0.182606 0.726982 480.000000 640.000000
5 0.314049 0.642575 0.288760 0.572104 0.339338 0.713046 480.000000 640.000000
13 0.942138 0.603801 0.917328 0.526916 0.966949 0.680685 480.000000 640.000000
14 0.542127 0.522958 0.522461 0.462958 0.561792 0.582959 480.000000 640.000000
15 0.409091 0.573860 0.386029 0.512965 0.432154 0.634756 480.000000 640.000000
24 0.208047 0.429834 0.190180 0.370522 0.225913 0.489147 480.000000 640.000000
29 0.269841 0.476799 0.247500 0.410639 0.292182 0.542959 480.000000 640.000000
30 0.378151 0.522552 0.359466 0.459579 0.396837 0.585525 480.000000 640.000000
33 0.151758 0.484341 0.126144 0.422592 0.177371 0.546090 480.000000 640.000000
1 0.671044 0.575154 0.644674 0.507137 0.697414 0.643171 480.000000 640.000000
25 0.042952 0.505405 0.025526 0.442269 0.060379 0.568541 480.000000 640.000000
21 0.424786 0.443785 0.403996 0.371049 0.445576 0.516520 480.000000 640.000000
38 0.822772 0.475883 0.794213 0.416233 0.851331 0.535533 480.000000 640.000000
16 0.906413 0.511273 0.885876 0.439075 0.926950 0.583472 480.000000 640.000000
31 0.058944 0.612359 0.041164 0.549168 0.076724 0.675550 480.000000 640.000000
7 0.022592 0.551755 0.007448 0.491083 0.037737 0.612427 480.000000 640.000000
11 0.496669 0.506522 0.474923 0.441185 0.518415 0.571859 480.000000 640.000000
44 0.146925 0.411500 0.129546 0.381340 0.164305 0.441660 480.000000 640.000000
3 0.510394 0.615366 0.485800 0.549164 0.534988 0.681568 480.000000 640.000000
37 0.687379 0.535902 0.673924 0.476274 0.700834 0.595531 480.000000 640.000000
9 0.581552 0.553093 0.560035 0.494902 0.603068 0.611283 480.000000 640.000000
47 0.571354 0.465278 0.554688 0.404514 0.588021 0.526042 480.000000 640.000000
48 0.889583 0.448611 0.873958 0.399306 0.905208 0.497917 480.000000 640.000000
40 0.112840 0.468494 0.093726 0.401550 0.131955 0.535437 480.000000 640.000000
