2 0.800984 0.611448 0.779763 0.546812 0.822205 0.676085 480.000000 640.000000
4 0.298148 0.645223 0.276976 0.572444 0.319319 0.718001 480.000000 640.000000
5 0.469028 0.642244 0.442716 0.572940 0.495340 0.711548 480.000000 640.000000
15 0.597581 0.577442 0.573851 0.516080 0.621310 0.638803 480.000000 640.000000
30 0.535256 0.521430 0.517795 0.458578 0.552717 0.584282 480.000000 640.000000
1 0.837959 0.576698 0.819535 0.506880 0.856383 0.646516 480.000000 640.000000
31 0.272009 0.607757 0.256472 0.545925 0.287547 0.669590 480.000000 640.000000
7 0.205788 0.556633 0.186351 0.495887 0.225225 0.617379 480.000000 640.000000
3 0.763522 0.635172 0.738872 0.569015 0.788172 0.701329 480.000000 640.000000
56 0.115853 0.554631 0.098461 0.501903 0.133245 0.607358 480.000000 640.000000
57 0.673354 0.595899 0.656820 0.531592 0.689888 0.660206 480.000000 640.000000
33 0.282615 0.466444 0.261969 0.390858 0.303261 0.542029 480.000000 640.000000
67 0.061248 0.647854 0.038439 0.564881 0.084057 0.730827 480.000000 640.000000
69 0.350734 0.494717 0.328656 0.428860 0.372813 0.560575 480.000000 640.000000
58 0.395476 0.457454 0.382427 0.398417 0.408525 0.516492 480.000000 640.000000
9 0.723102 0.553216 0.701668 0.487894 0.744536 0.618538 480.000000 640.000000
14 0.693700 0.526860 0.677388 0.467734 0.710013 0.585986 480.000000 640.000000
73 0.571215 0.440819 0.554562 0.377369 0.587867 0.504270 480.000000 640.000000
11 0.611994 0.478063 0.593710 0.420077 0.630278 0.536048 480.000000 640.000000
91 0.008770 0.466679 0.000065 0.414682 0.017475 0.518676 480.000000 640.000000
63 0.108111 0.631393 0.076758 0.576630 0.139464 0.686156 480.000000 640.000000
93 0.776263 0.459621 0.757613 0.402152 0.794913 0.517089 480.000000 640.000000
97 0.685993 0.465921 0.672138 0.432800 0.699848 0.499043 480.000000 640.000000
98 0.378646 0.435069 0.365365 0.381250 0.391927 0.488889 480.000000 640.000000
