2 0.861849 0.596404 0.845673 0.519729 0.878024 0.673079 480.000000 640.000000
5 0.514241 0.649545 0.485116 0.575782 0.543366 0.723307 480.000000 640.000000
15 0.648975 0.576446 0.627767 0.514940 0.670182 0.637953 480.000000 640.000000
30 0.584202 0.526936 0.563017 0.466663 0.605388 0.587208 480.000000 640.000000
1 0.892100 0.575889 0.877119 0.505373 0.907081 0.646405 480.000000 640.000000
7 0.271310 0.555406 0.249705 0.495139 0.292914 0.615673 480.000000 640.000000
3 0.840400 0.634621 0.819073 0.567676 0.861727 0.701565 480.000000 640.000000
57 0.726195 0.599159 0.699975 0.534631 0.752415 0.663687 480.000000 640.000000
33 0.298705 0.474928 0.280599 0.402358 0.316811 0.547498 480.000000 640.000000
67 0.107293 0.642747 0.085324 0.568138 0.129262 0.717356 480.000000 640.000000
9 0.768857 0.557570 0.749825 0.495896 0.787889 0.619244 480.000000 640.000000
63 0.160341 0.613791 0.130946 0.542408 0.189735 0.685175 480.000000 640.000000
82 0.061969 0.488396 0.044235 0.422583 0.079702 0.554209 480.000000 640.000000
92 0.425012 0.446732 0.406803 0.378505 0.443221 0.514959 480.000000 640.000000
109 0.022957 0.581448 0.000101 0.502248 0.045813 0.660649 480.000000 640.000000
19 0.230476 0.431082 0.213361 0.369866 0.247592 0.492298 480.000000 640.000000
11 0.545339 0.468803 0.525800 0.407920 0.564877 0.529685 480.000000 640.000000
4 0.345315 0.637453 0.315492 0.558318 0.375138 0.716588 480.000000 640.000000
56 0.159533 0.559657 0.144383 0.505311 0.174684 0.614002 480.000000 640.000000
93 0.741897 0.451363 0.725438 0.403272 0.758355 0.499453 480.000000 640.000000
113 0.330469 0.474306 0.308594 0.402431 0.352344 0.546181 480.000000 640.000000
94 0.102094 0.662394 0.078604 0.582542 0.125583 0.742246 480.000000 640.000000
58 0.341137 0.458386 0.327654 0.397673 0.354621 0.519100 480.000000 640.000000
73 0.613682 0.452946 0.598920 0.400104 0.628444 0.505788 480.000000 640.000000
