2 0.871556 0.606966 0.857238 0.537890 0.885874 0.676043 480.000000 640.000000
5 0.518649 0.649728 0.492476 0.574101 0.544822 0.725355 480.000000 640.000000
15 0.656575 0.575136 0.638043 0.513500 0.675106 0.636772 480.000000 640.000000
30 0.587435 0.525825 0.563688 0.464435 0.611181 0.587214 480.000000 640.000000
1 0.898118 0.576451 0.880119 0.505947 0.916117 0.646956 480.000000 640.000000
7 0.275914 0.561114 0.250379 0.506518 0.301450 0.615711 480.000000 640.000000
3 0.850222 0.633315 0.834684 0.564911 0.865761 0.701719 480.000000 640.000000
57 0.729674 0.597575 0.703380 0.531742 0.755968 0.663407 480.000000 640.000000
33 0.302003 0.472799 0.282489 0.402130 0.321517 0.543469 480.000000 640.000000
67 0.110246 0.654580 0.081676 0.569765 0.138815 0.739396 480.000000 640.000000
9 0.776005 0.556602 0.759782 0.494239 0.792228 0.618966 480.000000 640.000000
63 0.164466 0.611732 0.139556 0.538390 0.189375 0.685075 480.000000 640.000000
82 0.060407 0.487045 0.042655 0.419676 0.078158 0.554414 480.000000 640.000000
92 0.419180 0.453273 0.397250 0.391890 0.441109 0.514656 480.000000 640.000000
109 0.023317 0.581192 0.000027 0.500634 0.046608 0.661750 480.000000 640.000000
19 0.226852 0.432140 0.207410 0.363197 0.246295 0.501083 480.000000 640.000000
11 0.543012 0.467867 0.526812 0.404648 0.559212 0.531086 480.000000 640.000000
4 0.349324 0.630949 0.319154 0.544749 0.379493 0.717150 480.000000 640.000000
56 0.163830 0.560089 0.146911 0.506352 0.180749 0.613825 480.000000 640.000000
93 0.739299 0.461605 0.722683 0.404144 0.755915 0.519066 480.000000 640.000000
94 0.116565 0.642920 0.090413 0.569594 0.142718 0.716246 480.000000 640.000000
58 0.329479 0.465187 0.311970 0.397809 0.346987 0.532565 480.000000 640.000000
73 0.617718 0.442915 0.601695 0.379933 0.633740 0.505897 480.000000 640.000000
101 0.440345 0.440442 0.429233 0.381737 0.451457 0.499147 480.000000 640.000000
