2 0.747481 0.608659 0.718362 0.542534 0.776599 0.674784 480.000000 640.000000
4 0.264045 0.647484 0.239228 0.576248 0.288862 0.718720 480.000000 640.000000
5 0.431567 0.646554 0.404819 0.575883 0.458315 0.717225 480.000000 640.000000
15 0.547833 0.575569 0.529923 0.512252 0.565742 0.638886 480.000000 640.000000
30 0.490659 0.522860 0.475143 0.460829 0.506176 0.584892 480.000000 640.000000
1 0.792706 0.577356 0.768148 0.508619 0.817264 0.646092 480.000000 640.000000
31 0.221283 0.606698 0.195922 0.544879 0.246644 0.668517 480.000000 640.000000
7 0.159803 0.558159 0.132388 0.500651 0.187218 0.615667 480.000000 640.000000
3 0.690576 0.630833 0.669617 0.560326 0.711535 0.701340 480.000000 640.000000
48 0.810974 0.443054 0.795592 0.400836 0.826356 0.485273 480.000000 640.000000
19 0.312713 0.454686 0.298646 0.397720 0.326779 0.511651 480.000000 640.000000
56 0.071292 0.569191 0.049830 0.512089 0.092754 0.626294 480.000000 640.000000
57 0.633546 0.597364 0.616401 0.533032 0.650690 0.661697 480.000000 640.000000
63 0.060946 0.602599 0.030354 0.517834 0.091538 0.687363 480.000000 640.000000
33 0.249932 0.481250 0.230973 0.422158 0.268891 0.540341 480.000000 640.000000
67 0.017040 0.653631 0.000196 0.570706 0.033885 0.736555 480.000000 640.000000
69 0.410423 0.489754 0.396966 0.423723 0.423881 0.555785 480.000000 640.000000
58 0.443577 0.461452 0.427609 0.401398 0.459545 0.521507 480.000000 640.000000
68 0.533561 0.452299 0.514844 0.378161 0.552278 0.526437 480.000000 640.000000
9 0.681658 0.551361 0.666447 0.492182 0.696868 0.610540 480.000000 640.000000
81 0.696875 0.633333 0.681771 0.565278 0.711979 0.701389 480.000000 640.000000
82 0.155990 0.492708 0.142057 0.432292 0.169922 0.553125 480.000000 640.000000
83 0.334375 0.447917 0.323958 0.378819 0.344792 0.517014 480.000000 640.000000
