2 0.613054 0.614766 0.583762 0.548455 0.642345 0.681077 480.000000 640.000000
4 0.153749 0.650439 0.124932 0.575528 0.182567 0.725350 480.000000 640.000000
5 0.313111 0.650316 0.287089 0.572125 0.339133 0.728507 480.000000 640.000000
13 0.940080 0.603681 0.916636 0.526739 0.963524 0.680623 480.000000 640.000000
14 0.540917 0.523499 0.519885 0.463585 0.561949 0.583413 480.000000 640.000000
15 0.407033 0.573496 0.382123 0.512346 0.431943 0.634646 480.000000 640.000000
24 0.201908 0.429333 0.177406 0.370081 0.226411 0.488585 480.000000 640.000000
29 0.271202 0.476510 0.248183 0.410076 0.294221 0.542943 480.000000 640.000000
30 0.375088 0.522460 0.355105 0.459468 0.395070 0.585452 480.000000 640.000000
33 0.150744 0.484267 0.124942 0.421710 0.176546 0.546824 480.000000 640.000000
34 0.580169 0.508404 0.555497 0.412499 0.604841 0.604309 480.000000 640.000000
1 0.669837 0.575337 0.642448 0.507526 0.697226 0.643149 480.000000 640.000000
25 0.046742 0.507588 0.030240 0.445118 0.063244 0.570059 480.000000 640.000000
21 0.423489 0.442762 0.402301 0.370558 0.444676 0.514966 480.000000 640.000000
38 0.825792 0.476385 0.798393 0.416648 0.853192 0.536123 480.000000 640.000000
16 0.904477 0.510566 0.884696 0.438474 0.924257 0.582657 480.000000 640.000000
31 0.055885 0.614056 0.034966 0.552375 0.076803 0.675738 480.000000 640.000000
7 0.017044 0.550735 0.004787 0.491422 0.029302 0.610048 480.000000 640.000000
11 0.494684 0.506903 0.474234 0.441663 0.515134 0.572142 480.000000 640.000000
44 0.146701 0.411162 0.131367 0.381373 0.162036 0.440950 480.000000 640.000000
3 0.507006 0.614909 0.485541 0.549074 0.528470 0.680745 480.000000 640.000000
37 0.686709 0.538356 0.671177 0.479012 0.702241 0.597701 480.000000 640.000000
9 0.578966 0.551189 0.556581 0.491563 0.601350 0.610815 480.000000 640.000000
