2 0.659289 0.611256 0.631443 0.542745 0.687134 0.679766 480.000000 640.000000
4 0.192337 0.649485 0.163727 0.577653 0.220947 0.721318 480.000000 640.000000
5 0.356089 0.647157 0.335081 0.571474 0.377098 0.722840 480.000000 640.000000
13 0.977344 0.601785 0.953507 0.524167 1.001182 0.679404 480.000000 640.000000
14 0.580756 0.526231 0.564086 0.471818 0.597426 0.580643 480.000000 640.000000
15 0.456655 0.574817 0.436960 0.513915 0.476351 0.635718 480.000000 640.000000
29 0.234783 0.489983 0.213097 0.426830 0.256469 0.553136 480.000000 640.000000
30 0.414330 0.520644 0.395950 0.455747 0.432709 0.585542 480.000000 640.000000
33 0.183935 0.460985 0.159054 0.382203 0.208816 0.539768 480.000000 640.000000
1 0.711776 0.563024 0.687312 0.481632 0.736240 0.644417 480.000000 640.000000
25 0.007739 0.545546 -0.000240 0.466142 0.015717 0.624951 480.000000 640.000000
38 0.772184 0.484227 0.746670 0.433225 0.797698 0.535228 480.000000 640.000000
16 0.942713 0.506640 0.921194 0.436005 0.964232 0.577275 480.000000 640.000000
31 0.113699 0.608025 0.098509 0.544684 0.128890 0.671366 480.000000 640.000000
7 0.070705 0.550989 0.050561 0.490388 0.090849 0.611590 480.000000 640.000000
11 0.535379 0.495778 0.515061 0.427184 0.555696 0.564371 480.000000 640.000000
3 0.568483 0.627324 0.537778 0.562594 0.599187 0.692053 480.000000 640.000000
9 0.613742 0.551718 0.598574 0.489164 0.628910 0.614272 480.000000 640.000000
48 0.863556 0.457365 0.847648 0.399334 0.879465 0.515396 480.000000 640.000000
24 0.248073 0.436786 0.233873 0.376458 0.262273 0.497114 480.000000 640.000000
40 0.149528 0.465859 0.131571 0.398036 0.167486 0.533682 480.000000 640.000000
21 0.460413 0.433834 0.441796 0.374395 0.479029 0.493273 480.000000 640.000000
19 0.387290 0.455862 0.370299 0.399389 0.404282 0.512336 480.000000 640.000000
54 0.711458 0.584722 0.687500 0.525694 0.735417 0.643750 480.000000 640.000000
55 0.514323 0.487500 0.498437 0.422222 0.530208 0.552778 480.000000 640.000000
