2 0.766011 0.602985 0.748265 0.536077 0.783758 0.669893 480.000000 640.000000
4 0.271579 0.647550 0.242231 0.575963 0.300926 0.719137 480.000000 640.000000
5 0.445987 0.648408 0.418823 0.571817 0.473152 0.724999 480.000000 640.000000
15 0.563898 0.577658 0.537353 0.516838 0.590442 0.638477 480.000000 640.000000
30 0.506198 0.526149 0.483461 0.466888 0.528935 0.585411 480.000000 640.000000
1 0.811143 0.575729 0.791171 0.504818 0.831116 0.646640 480.000000 640.000000
31 0.237302 0.606884 0.222627 0.544171 0.251976 0.669597 480.000000 640.000000
7 0.177604 0.553571 0.162791 0.492725 0.192418 0.614417 480.000000 640.000000
3 0.718660 0.636398 0.687798 0.570615 0.749523 0.702181 480.000000 640.000000
19 0.300817 0.451374 0.285911 0.392753 0.315722 0.509995 480.000000 640.000000
56 0.081757 0.565078 0.066971 0.510071 0.096543 0.620084 480.000000 640.000000
57 0.648557 0.603621 0.625053 0.546424 0.672062 0.660818 480.000000 640.000000
63 0.073651 0.604421 0.050686 0.522522 0.096617 0.686320 480.000000 640.000000
33 0.261064 0.466132 0.235690 0.388658 0.286438 0.543607 480.000000 640.000000
67 0.035156 0.657526 0.003667 0.569549 0.066644 0.745503 480.000000 640.000000
69 0.388881 0.494909 0.358713 0.431690 0.419048 0.558128 480.000000 640.000000
58 0.425832 0.461340 0.412071 0.401238 0.439593 0.521441 480.000000 640.000000
9 0.691996 0.552995 0.673328 0.492259 0.710664 0.613730 480.000000 640.000000
82 0.143429 0.495285 0.128619 0.427467 0.158239 0.563102 480.000000 640.000000
86 0.798790 0.473622 0.783939 0.401951 0.813640 0.545293 480.000000 640.000000
24 0.351027 0.438197 0.329785 0.383125 0.372270 0.493268 480.000000 640.000000
14 0.670303 0.525310 0.647400 0.466961 0.693205 0.583659 480.000000 640.000000
73 0.548569 0.440291 0.532830 0.374465 0.564307 0.506116 480.000000 640.000000
11 0.642244 0.478697 0.619679 0.419788 0.664809 0.537607 480.000000 640.000000
