2 0.737364 0.608081 0.712869 0.540954 0.761858 0.675208 480.000000 640.000000
4 0.247784 0.646267 0.224419 0.576162 0.271149 0.716371 480.000000 640.000000
5 0.420086 0.645545 0.397395 0.572683 0.442776 0.718407 480.000000 640.000000
15 0.532722 0.578189 0.512261 0.516329 0.553184 0.640048 480.000000 640.000000
30 0.479604 0.523016 0.454736 0.460279 0.504472 0.585753 480.000000 640.000000
1 0.784669 0.575584 0.757396 0.505736 0.811943 0.645432 480.000000 640.000000
16 0.992944 0.506702 0.985804 0.441083 1.000085 0.572321 480.000000 640.000000
31 0.204393 0.606458 0.188365 0.542479 0.220421 0.670436 480.000000 640.000000
7 0.148336 0.554164 0.128452 0.493324 0.168220 0.615005 480.000000 640.000000
3 0.673831 0.608583 0.642753 0.516432 0.704909 0.700734 480.000000 640.000000
48 0.816651 0.453088 0.799178 0.399546 0.834124 0.506630 480.000000 640.000000
19 0.323540 0.447877 0.305341 0.380363 0.341739 0.515390 480.000000 640.000000
56 0.059406 0.567705 0.045936 0.510462 0.072876 0.624948 480.000000 640.000000
57 0.619588 0.600816 0.598110 0.539079 0.641067 0.662553 480.000000 640.000000
14 0.649515 0.524460 0.631607 0.465021 0.667423 0.583899 480.000000 640.000000
63 0.039863 0.617964 0.021719 0.550207 0.058006 0.685722 480.000000 640.000000
33 0.235611 0.457792 0.220302 0.381433 0.250921 0.534151 480.000000 640.000000
67 0.017976 0.643951 0.000143 0.569373 0.035808 0.718530 480.000000 640.000000
69 0.429582 0.492191 0.402876 0.428302 0.456289 0.556081 480.000000 640.000000
11 0.617574 0.501202 0.598024 0.437744 0.637124 0.564660 480.000000 640.000000
71 0.173516 0.495462 0.152631 0.431066 0.194400 0.559859 480.000000 640.000000
73 0.528528 0.434482 0.504803 0.374920 0.552254 0.494044 480.000000 640.000000
58 0.454581 0.445118 0.442127 0.403672 0.467035 0.486565 480.000000 640.000000
75 0.450000 0.460764 0.432812 0.403472 0.467187 0.518056 480.000000 640.000000
76 0.007454 0.685243 0.000057 0.621875 0.014852 0.748611 480.000000 640.000000
