2 0.592354 0.617818 0.574144 0.552694 0.610565 0.682942 480.000000 640.000000
3 0.475881 0.617261 0.444295 0.554108 0.507467 0.680413 480.000000 640.000000
4 0.138506 0.652003 0.115807 0.578482 0.161205 0.725524 480.000000 640.000000
5 0.299111 0.648811 0.279037 0.567040 0.319185 0.730582 480.000000 640.000000
9 0.555133 0.549082 0.534444 0.488761 0.575822 0.609403 480.000000 640.000000
12 0.502120 0.592094 0.485866 0.529032 0.518375 0.655157 480.000000 640.000000
13 0.917402 0.605007 0.891024 0.528910 0.943780 0.681104 480.000000 640.000000
14 0.518675 0.519708 0.502022 0.458656 0.535327 0.580759 480.000000 640.000000
15 0.388802 0.572866 0.372785 0.511547 0.404819 0.634185 480.000000 640.000000
24 0.184194 0.432404 0.169905 0.372787 0.198483 0.492020 480.000000 640.000000
27 0.907840 0.456625 0.892988 0.400358 0.922692 0.512893 480.000000 640.000000
29 0.283732 0.467492 0.269979 0.402641 0.297485 0.532343 480.000000 640.000000
30 0.360874 0.523318 0.342629 0.461485 0.379119 0.585152 480.000000 640.000000
33 0.128458 0.483868 0.112970 0.421979 0.143946 0.545757 480.000000 640.000000
34 0.600386 0.479078 0.586170 0.400705 0.614601 0.557450 480.000000 640.000000
1 0.659673 0.571073 0.635010 0.501553 0.684337 0.640594 480.000000 640.000000
25 0.069910 0.505649 0.042856 0.436663 0.096964 0.574635 480.000000 640.000000
19 0.448093 0.459693 0.432526 0.402888 0.463661 0.516498 480.000000 640.000000
21 0.404057 0.433824 0.388823 0.367044 0.419291 0.500604 480.000000 640.000000
38 0.854281 0.471927 0.838666 0.409118 0.869896 0.534736 480.000000 640.000000
16 0.888070 0.503261 0.869535 0.434687 0.906605 0.571836 480.000000 640.000000
40 0.096285 0.465110 0.082003 0.399524 0.110568 0.530696 480.000000 640.000000
31 0.031679 0.611455 0.014459 0.548318 0.048899 0.674592 480.000000 640.000000
11 0.473300 0.503186 0.456664 0.439957 0.489937 0.566414 480.000000 640.000000
