2 0.606161 0.617051 0.580471 0.551006 0.631852 0.683095 480.000000 640.000000
4 0.150006 0.652523 0.122868 0.578648 0.177143 0.726399 480.000000 640.000000
5 0.309214 0.649658 0.283340 0.568702 0.335087 0.730615 480.000000 640.000000
9 0.564622 0.549337 0.547855 0.487083 0.581390 0.611591 480.000000 640.000000
12 0.512030 0.594045 0.494207 0.529848 0.529853 0.658241 480.000000 640.000000
13 0.925071 0.603002 0.903015 0.526819 0.947126 0.679184 480.000000 640.000000
14 0.533052 0.521919 0.510242 0.460791 0.555863 0.583047 480.000000 640.000000
15 0.401824 0.572978 0.377307 0.512351 0.426341 0.633605 480.000000 640.000000
24 0.198739 0.433831 0.174134 0.374898 0.223344 0.492764 480.000000 640.000000
29 0.274759 0.472477 0.254395 0.406095 0.295123 0.538858 480.000000 640.000000
30 0.366326 0.522888 0.344247 0.461280 0.388405 0.584496 480.000000 640.000000
33 0.141995 0.483403 0.120297 0.420508 0.163693 0.546298 480.000000 640.000000
34 0.589546 0.479928 0.569582 0.404101 0.609509 0.555754 480.000000 640.000000
1 0.663013 0.578235 0.639319 0.514863 0.686706 0.641607 480.000000 640.000000
25 0.059326 0.510284 0.039196 0.445195 0.079456 0.575374 480.000000 640.000000
19 0.442714 0.458416 0.427168 0.400407 0.458259 0.516425 480.000000 640.000000
21 0.412280 0.434188 0.396826 0.368672 0.427734 0.499704 480.000000 640.000000
38 0.839298 0.472684 0.821903 0.410052 0.856694 0.535316 480.000000 640.000000
16 0.895467 0.507841 0.876449 0.433879 0.914484 0.581803 480.000000 640.000000
40 0.104261 0.467311 0.086965 0.401290 0.121557 0.533332 480.000000 640.000000
31 0.048315 0.617794 0.022488 0.560663 0.074142 0.674924 480.000000 640.000000
7 0.010692 0.547161 -0.000256 0.485110 0.021640 0.609211 480.000000 640.000000
18 0.676820 0.500171 0.654841 0.400453 0.698799 0.599889 480.000000 640.000000
37 0.677178 0.545232 0.655621 0.491825 0.698734 0.598639 480.000000 640.000000
11 0.485907 0.503926 0.469071 0.438713 0.502743 0.569138 480.000000 640.000000
43 0.489844 0.618056 0.474479 0.554514 0.505208 0.681597 480.000000 640.000000
27 0.896719 0.484016 0.878122 0.401659 0.915317 0.566374 480.000000 640.000000
