2 0.640391 0.610069 0.621863 0.541439 0.658919 0.678700 480.000000 640.000000
4 0.174088 0.649681 0.153644 0.577883 0.194532 0.721480 480.000000 640.000000
5 0.342559 0.649679 0.317924 0.570288 0.367194 0.729071 480.000000 640.000000
13 0.958284 0.597386 0.934852 0.527814 0.981717 0.666958 480.000000 640.000000
14 0.562380 0.510670 0.543954 0.441034 0.580806 0.580307 480.000000 640.000000
15 0.438581 0.573711 0.415632 0.512218 0.461529 0.635204 480.000000 640.000000
29 0.248903 0.483723 0.233836 0.415856 0.263969 0.551589 480.000000 640.000000
30 0.399272 0.529543 0.378064 0.473775 0.420480 0.585311 480.000000 640.000000
33 0.162428 0.473801 0.145814 0.408657 0.179042 0.538946 480.000000 640.000000
1 0.702244 0.562185 0.677610 0.480622 0.726878 0.643748 480.000000 640.000000
25 0.016677 0.508931 -0.001294 0.447521 0.034648 0.570341 480.000000 640.000000
38 0.797451 0.475685 0.781982 0.413452 0.812920 0.537919 480.000000 640.000000
16 0.923194 0.505035 0.896425 0.433670 0.949963 0.576400 480.000000 640.000000
31 0.093557 0.611679 0.067005 0.548154 0.120109 0.675204 480.000000 640.000000
7 0.041440 0.554449 0.018682 0.496237 0.064199 0.612661 480.000000 640.000000
11 0.524771 0.501980 0.509693 0.435335 0.539849 0.568625 480.000000 640.000000
44 0.164021 0.409962 0.146483 0.378039 0.181559 0.441885 480.000000 640.000000
3 0.538340 0.611849 0.517593 0.540952 0.559088 0.682747 480.000000 640.000000
9 0.593502 0.551534 0.571241 0.491829 0.615763 0.611239 480.000000 640.000000
48 0.874667 0.457087 0.856414 0.399621 0.892920 0.514553 480.000000 640.000000
49 0.639015 0.457558 0.614177 0.400230 0.663854 0.514887 480.000000 640.000000
24 0.226749 0.425777 0.211785 0.360083 0.241714 0.491471 480.000000 640.000000
40 0.132133 0.464563 0.115374 0.396163 0.148892 0.532963 480.000000 640.000000
19 0.408120 0.457874 0.394597 0.400496 0.421644 0.515252 480.000000 640.000000
21 0.441281 0.446884 0.425200 0.375342 0.457362 0.518426 480.000000 640.000000
51 0.554167 0.434722 0.543229 0.405556 0.565104 0.463889 480.000000 640.000000
52 0.400781 0.493056 0.377604 0.400694 0.423958 0.585417 480.000000 640.000000
