5 0.527498 0.646905 0.507284 0.569959 0.547711 0.723852 480.000000 640.000000
15 0.667313 0.575502 0.648788 0.511861 0.685838 0.639142 480.000000 640.000000
30 0.591705 0.527173 0.568168 0.465662 0.615242 0.588685 480.000000 640.000000
1 0.910535 0.577307 0.887213 0.507403 0.933857 0.647212 480.000000 640.000000
7 0.280886 0.557025 0.259658 0.497475 0.302114 0.616574 480.000000 640.000000
3 0.868487 0.629207 0.843080 0.555555 0.893895 0.702859 480.000000 640.000000
57 0.740363 0.597363 0.720489 0.532648 0.760237 0.662078 480.000000 640.000000
67 0.122885 0.654831 0.090327 0.569453 0.155444 0.740209 480.000000 640.000000
9 0.785118 0.556389 0.768272 0.494565 0.801963 0.618213 480.000000 640.000000
63 0.172442 0.614568 0.151866 0.545035 0.193018 0.684101 480.000000 640.000000
82 0.058899 0.480881 0.037829 0.406401 0.079970 0.555362 480.000000 640.000000
92 0.412613 0.454098 0.390078 0.394958 0.435147 0.513238 480.000000 640.000000
109 0.030586 0.579043 0.009082 0.499775 0.052089 0.658312 480.000000 640.000000
11 0.531857 0.465514 0.517686 0.402211 0.546027 0.528816 480.000000 640.000000
4 0.353412 0.633482 0.323936 0.550879 0.382888 0.716086 480.000000 640.000000
56 0.174197 0.552024 0.160962 0.504412 0.187432 0.599635 480.000000 640.000000
93 0.730773 0.463100 0.712577 0.406020 0.748970 0.520180 480.000000 640.000000
58 0.337151 0.474518 0.312154 0.400250 0.362148 0.548787 480.000000 640.000000
73 0.628246 0.441132 0.609122 0.377758 0.647369 0.504507 480.000000 640.000000
101 0.450907 0.439098 0.436892 0.380733 0.464922 0.497463 480.000000 640.000000
117 0.262929 0.498059 0.249147 0.433681 0.276710 0.562438 480.000000 640.000000
118 0.874170 0.586086 0.840617 0.469421 0.907723 0.702751 480.000000 640.000000
119 0.361921 0.603124 0.344517 0.539933 0.379325 0.666315 480.000000 640.000000
97 0.762190 0.481088 0.745285 0.434526 0.779095 0.527651 480.000000 640.000000
14 0.761902 0.510764 0.744766 0.434807 0.779039 0.586721 480.000000 640.000000
