2 0.699460 0.610313 0.669694 0.544649 0.729225 0.675976 480.000000 640.000000
4 0.224346 0.649021 0.199694 0.575861 0.248998 0.722181 480.000000 640.000000
5 0.389859 0.641971 0.363523 0.572862 0.416195 0.711079 480.000000 640.000000
15 0.496034 0.574564 0.477693 0.513584 0.514374 0.635543 480.000000 640.000000
30 0.448174 0.521283 0.426215 0.458175 0.470133 0.584391 480.000000 640.000000
1 0.749611 0.585709 0.722274 0.526496 0.776948 0.644922 480.000000 640.000000
38 0.720593 0.476665 0.702302 0.413318 0.738884 0.540012 480.000000 640.000000
16 0.976651 0.503132 0.953564 0.428670 0.999737 0.577594 480.000000 640.000000
31 0.161124 0.607750 0.144226 0.544504 0.178021 0.670996 480.000000 640.000000
7 0.110764 0.551659 0.091612 0.489907 0.129915 0.613410 480.000000 640.000000
3 0.622755 0.630815 0.591820 0.568094 0.653689 0.693535 480.000000 640.000000
9 0.644103 0.549545 0.630852 0.485101 0.657354 0.613990 480.000000 640.000000
48 0.838957 0.456329 0.822916 0.397448 0.854997 0.515211 480.000000 640.000000
40 0.179474 0.463571 0.161226 0.396437 0.197723 0.530705 480.000000 640.000000
19 0.354033 0.458108 0.331914 0.399197 0.376152 0.517020 480.000000 640.000000
56 0.029733 0.568646 0.013426 0.512227 0.046040 0.625066 480.000000 640.000000
57 0.587544 0.598360 0.570204 0.536857 0.604883 0.659863 480.000000 640.000000
58 0.499821 0.465880 0.478229 0.402904 0.521414 0.528856 480.000000 640.000000
24 0.287127 0.435663 0.273337 0.372952 0.300918 0.498373 480.000000 640.000000
14 0.619040 0.522835 0.600519 0.466666 0.637560 0.579005 480.000000 640.000000
11 0.583595 0.502222 0.556946 0.434907 0.610244 0.569537 480.000000 640.000000
63 0.018314 0.617937 0.000450 0.553400 0.036177 0.682474 480.000000 640.000000
33 0.210776 0.467826 0.187554 0.397423 0.233998 0.538228 480.000000 640.000000
29 0.208188 0.479648 0.183177 0.407815 0.233199 0.551481 480.000000 640.000000
