2 0.687902 0.607202 0.667366 0.538378 0.708439 0.676026 480.000000 640.000000
4 0.209723 0.649064 0.185868 0.577866 0.233577 0.720263 480.000000 640.000000
5 0.382377 0.647567 0.357032 0.568326 0.407723 0.726808 480.000000 640.000000
13 0.987720 0.611814 0.975189 0.545490 1.000250 0.678138 480.000000 640.000000
15 0.485938 0.563213 0.457819 0.490115 0.514057 0.636310 480.000000 640.000000
29 0.209066 0.473406 0.183685 0.391249 0.234447 0.555564 480.000000 640.000000
30 0.439105 0.522065 0.414731 0.459354 0.463478 0.584775 480.000000 640.000000
33 0.193832 0.471845 0.177977 0.397930 0.209687 0.545760 480.000000 640.000000
1 0.742127 0.584472 0.719058 0.525448 0.765195 0.643495 480.000000 640.000000
38 0.739966 0.475336 0.722074 0.413395 0.757858 0.537276 480.000000 640.000000
16 0.962060 0.505588 0.937045 0.434867 0.987075 0.576309 480.000000 640.000000
31 0.144225 0.609194 0.123103 0.545882 0.165347 0.672507 480.000000 640.000000
7 0.095038 0.550385 0.080017 0.489981 0.110058 0.610788 480.000000 640.000000
3 0.607200 0.605498 0.583620 0.521525 0.630781 0.689470 480.000000 640.000000
9 0.633269 0.552882 0.618958 0.491010 0.647579 0.614755 480.000000 640.000000
48 0.846481 0.456285 0.830291 0.400067 0.862671 0.512504 480.000000 640.000000
40 0.169731 0.463359 0.151993 0.396012 0.187468 0.530705 480.000000 640.000000
19 0.363331 0.456744 0.347510 0.398896 0.379152 0.514592 480.000000 640.000000
55 0.485954 0.461902 0.457612 0.371623 0.514297 0.552180 480.000000 640.000000
56 0.016251 0.572410 0.001643 0.514083 0.030860 0.630736 480.000000 640.000000
57 0.573639 0.597972 0.551307 0.531328 0.595970 0.664615 480.000000 640.000000
58 0.508909 0.467045 0.495490 0.406626 0.522327 0.527464 480.000000 640.000000
24 0.275016 0.437864 0.250887 0.377208 0.299144 0.498521 480.000000 640.000000
61 0.825254 0.433325 0.810604 0.383965 0.839903 0.482684 480.000000 640.000000
62 0.739063 0.451736 0.723958 0.413542 0.754167 0.489931 480.000000 640.000000
37 0.738092 0.508747 0.713716 0.472910 0.762468 0.544584 480.000000 640.000000
