5 0.549605 0.648849 0.523023 0.572956 0.576187 0.724743 480.000000 640.000000
15 0.685443 0.577934 0.662600 0.516254 0.708285 0.639613 480.000000 640.000000
30 0.615571 0.525995 0.599203 0.464875 0.631939 0.587115 480.000000 640.000000
1 0.928769 0.576946 0.910762 0.506449 0.946775 0.647443 480.000000 640.000000
7 0.311031 0.555727 0.289289 0.495949 0.332773 0.615506 480.000000 640.000000
57 0.762268 0.601579 0.736899 0.539324 0.787636 0.663835 480.000000 640.000000
67 0.138639 0.648721 0.117884 0.562201 0.159393 0.735241 480.000000 640.000000
9 0.800182 0.556944 0.779400 0.495300 0.820964 0.618588 480.000000 640.000000
63 0.203473 0.618622 0.172926 0.552932 0.234020 0.684312 480.000000 640.000000
82 0.034281 0.456784 0.022043 0.417086 0.046519 0.496481 480.000000 640.000000
92 0.390673 0.449519 0.376253 0.390150 0.405092 0.508888 480.000000 640.000000
109 0.051793 0.581465 0.025693 0.502618 0.077893 0.660312 480.000000 640.000000
11 0.508294 0.464554 0.486154 0.400440 0.530433 0.528668 480.000000 640.000000
4 0.372056 0.639270 0.346401 0.562966 0.397710 0.715574 480.000000 640.000000
56 0.190236 0.549437 0.178655 0.502277 0.201818 0.596596 480.000000 640.000000
93 0.718485 0.462797 0.702180 0.405516 0.734791 0.520078 480.000000 640.000000
58 0.360929 0.476094 0.338605 0.403628 0.383254 0.548560 480.000000 640.000000
73 0.645146 0.443999 0.629345 0.379858 0.660946 0.508140 480.000000 640.000000
101 0.472609 0.444823 0.454028 0.383982 0.491190 0.505663 480.000000 640.000000
117 0.239039 0.500881 0.211044 0.435201 0.267034 0.566560 480.000000 640.000000
3 0.899094 0.628597 0.880648 0.551590 0.917541 0.705604 480.000000 640.000000
125 0.890629 0.522807 0.868232 0.466060 0.913027 0.579553 480.000000 640.000000
127 0.018965 0.530470 0.002022 0.466312 0.035908 0.594628 480.000000 640.000000
97 0.779900 0.481419 0.764195 0.434239 0.795606 0.528598 480.000000 640.000000
91 0.080508 0.459348 0.067818 0.398828 0.093197 0.519867 480.000000 640.000000
19 0.195649 0.441163 0.176356 0.382350 0.214942 0.499977 480.000000 640.000000
124 0.397341 0.605927 0.378683 0.541409 0.415998 0.670445 480.000000 640.000000
