2 0.628479 0.611584 0.608514 0.543121 0.648445 0.680046 480.000000 640.000000
4 0.167111 0.647615 0.145381 0.576346 0.188841 0.718885 480.000000 640.000000
5 0.328236 0.640019 0.310757 0.571656 0.345715 0.708383 480.000000 640.000000
13 0.951891 0.603406 0.928135 0.528174 0.975647 0.678638 480.000000 640.000000
14 0.553841 0.511120 0.537538 0.439765 0.570143 0.582475 480.000000 640.000000
15 0.423383 0.571079 0.406675 0.506778 0.440092 0.635380 480.000000 640.000000
29 0.256272 0.477858 0.237627 0.411707 0.274917 0.544009 480.000000 640.000000
30 0.390367 0.521792 0.375620 0.457476 0.405114 0.586108 480.000000 640.000000
33 0.158408 0.479902 0.139959 0.419586 0.176857 0.540218 480.000000 640.000000
1 0.687698 0.572106 0.667795 0.501589 0.707601 0.642622 480.000000 640.000000
25 0.027370 0.508014 0.006537 0.447483 0.048203 0.568546 480.000000 640.000000
38 0.810546 0.474925 0.792737 0.413598 0.828354 0.536251 480.000000 640.000000
16 0.915925 0.508580 0.892460 0.441994 0.939390 0.575167 480.000000 640.000000
31 0.078327 0.610589 0.059597 0.546501 0.097058 0.674676 480.000000 640.000000
7 0.032856 0.561169 0.009974 0.510197 0.055738 0.612140 480.000000 640.000000
11 0.507646 0.502994 0.488266 0.437832 0.527026 0.568157 480.000000 640.000000
44 0.156736 0.411269 0.138183 0.380407 0.175288 0.442131 480.000000 640.000000
3 0.522758 0.615344 0.493371 0.546804 0.552146 0.683884 480.000000 640.000000
9 0.588233 0.551228 0.565525 0.490798 0.610942 0.611658 480.000000 640.000000
48 0.880765 0.457557 0.862646 0.399161 0.898884 0.515954 480.000000 640.000000
49 0.651742 0.457488 0.632080 0.399448 0.671403 0.515527 480.000000 640.000000
24 0.222544 0.429077 0.207248 0.364977 0.237841 0.493178 480.000000 640.000000
40 0.122084 0.467924 0.102104 0.400306 0.142063 0.535543 480.000000 640.000000
