2 0.816699 0.606322 0.799115 0.539310 0.834283 0.673333 480.000000 640.000000
4 0.309023 0.634079 0.277991 0.549415 0.340055 0.718744 480.000000 640.000000
5 0.481261 0.649396 0.453839 0.574417 0.508683 0.724376 480.000000 640.000000
15 0.607413 0.577129 0.583845 0.514887 0.630982 0.639371 480.000000 640.000000
30 0.547945 0.524095 0.525061 0.462241 0.570830 0.585950 480.000000 640.000000
1 0.851916 0.575924 0.836372 0.506027 0.867460 0.645821 480.000000 640.000000
31 0.293620 0.603797 0.277087 0.541312 0.310153 0.666283 480.000000 640.000000
7 0.227359 0.554916 0.208836 0.493882 0.245883 0.615950 480.000000 640.000000
3 0.780936 0.638579 0.752613 0.574684 0.809259 0.702474 480.000000 640.000000
57 0.688426 0.603260 0.662574 0.543550 0.714278 0.662971 480.000000 640.000000
33 0.295152 0.468130 0.271519 0.392824 0.318784 0.543436 480.000000 640.000000
67 0.074378 0.655011 0.041932 0.567899 0.106824 0.742123 480.000000 640.000000
69 0.336625 0.498431 0.308342 0.434324 0.364907 0.562537 480.000000 640.000000
58 0.377289 0.454845 0.354056 0.396825 0.400522 0.512864 480.000000 640.000000
9 0.733629 0.557831 0.715026 0.496406 0.752233 0.619256 480.000000 640.000000
14 0.707877 0.527709 0.687377 0.468465 0.728377 0.586952 480.000000 640.000000
73 0.585602 0.442003 0.565513 0.377428 0.605692 0.506579 480.000000 640.000000
11 0.594357 0.479425 0.573220 0.429008 0.615494 0.529841 480.000000 640.000000
91 0.021550 0.459175 0.002492 0.399448 0.040608 0.518903 480.000000 640.000000
63 0.117675 0.626668 0.092688 0.568603 0.142661 0.684734 480.000000 640.000000
93 0.768910 0.459818 0.752513 0.402255 0.785308 0.517381 480.000000 640.000000
97 0.704778 0.466876 0.686840 0.433502 0.722717 0.500250 480.000000 640.000000
82 0.101502 0.486754 0.086871 0.423792 0.116132 0.549716 480.000000 640.000000
92 0.468318 0.456108 0.453508 0.396660 0.483128 0.515556 480.000000 640.000000
56 0.121584 0.549417 0.107752 0.505203 0.135417 0.593631 480.000000 640.000000
101 0.399891 0.440951 0.386397 0.381370 0.413384 0.500531 480.000000 640.000000
102 0.832812 0.525000 0.820312 0.467708 0.845313 0.582292 480.000000 640.000000
