2 0.572186 0.617165 0.545449 0.549034 0.598924 0.685296 480.000000 640.000000
3 0.450697 0.608286 0.435001 0.542256 0.466394 0.674316 480.000000 640.000000
4 0.117406 0.651392 0.092720 0.577455 0.142091 0.725330 480.000000 640.000000
5 0.282147 0.650071 0.262631 0.568116 0.301663 0.732026 480.000000 640.000000
6 0.988312 0.550539 0.976571 0.496404 1.000053 0.604674 480.000000 640.000000
7 0.017368 0.497300 -0.000764 0.434234 0.035500 0.560365 480.000000 640.000000
8 0.630627 0.568484 0.602480 0.492989 0.658775 0.643979 480.000000 640.000000
9 0.543932 0.547961 0.529037 0.487632 0.558827 0.608290 480.000000 640.000000
12 0.479541 0.593082 0.464516 0.527918 0.494566 0.658246 480.000000 640.000000
13 0.903205 0.604382 0.877031 0.525828 0.929380 0.682937 480.000000 640.000000
14 0.507978 0.520545 0.488466 0.460425 0.527489 0.580665 480.000000 640.000000
15 0.367879 0.573266 0.341803 0.512480 0.393954 0.634052 480.000000 640.000000
20 0.877760 0.491518 0.854091 0.412567 0.901429 0.570469 480.000000 640.000000
24 0.167448 0.432895 0.149993 0.372988 0.184903 0.492802 480.000000 640.000000
27 0.916842 0.453454 0.900799 0.400737 0.932885 0.506172 480.000000 640.000000
29 0.297860 0.466291 0.277809 0.401558 0.317912 0.531024 480.000000 640.000000
30 0.347374 0.522270 0.331768 0.461588 0.362980 0.582951 480.000000 640.000000
31 0.018157 0.612693 0.000125 0.551815 0.036189 0.673570 480.000000 640.000000
33 0.117677 0.465418 0.094625 0.381334 0.140729 0.549503 480.000000 640.000000
34 0.615452 0.482591 0.594805 0.409177 0.636098 0.556005 480.000000 640.000000
18 0.704098 0.455175 0.683120 0.396495 0.725076 0.513855 480.000000 640.000000
36 0.086458 0.499306 0.067318 0.426042 0.105599 0.572569 480.000000 640.000000
