2 0.823677 0.605488 0.804589 0.536611 0.842764 0.674364 480.000000 640.000000
4 0.310627 0.639015 0.280477 0.559695 0.340777 0.718334 480.000000 640.000000
5 0.488973 0.649737 0.462428 0.574100 0.515517 0.725374 480.000000 640.000000
15 0.613740 0.577707 0.594535 0.515902 0.632946 0.639513 480.000000 640.000000
30 0.551347 0.524511 0.525992 0.462398 0.576702 0.586625 480.000000 640.000000
1 0.858413 0.576894 0.838547 0.506522 0.878279 0.647267 480.000000 640.000000
31 0.299096 0.605805 0.281223 0.543913 0.316969 0.667697 480.000000 640.000000
7 0.231903 0.555566 0.209381 0.494609 0.254425 0.616522 480.000000 640.000000
3 0.789259 0.638303 0.768291 0.573541 0.810227 0.703065 480.000000 640.000000
57 0.691242 0.606362 0.666417 0.549582 0.716067 0.663142 480.000000 640.000000
33 0.299295 0.469118 0.278063 0.392592 0.320527 0.545644 480.000000 640.000000
67 0.077806 0.655883 0.043452 0.569356 0.112160 0.742411 480.000000 640.000000
69 0.329822 0.497916 0.305653 0.434013 0.353990 0.561819 480.000000 640.000000
58 0.372471 0.456005 0.345819 0.398536 0.399123 0.513475 480.000000 640.000000
9 0.740960 0.552233 0.724880 0.487754 0.757041 0.616712 480.000000 640.000000
14 0.710962 0.525568 0.685229 0.466590 0.736695 0.584547 480.000000 640.000000
11 0.589402 0.463980 0.570245 0.395664 0.608559 0.532297 480.000000 640.000000
91 0.025625 0.463566 0.002606 0.408538 0.048645 0.518594 480.000000 640.000000
63 0.126143 0.623574 0.103913 0.562669 0.148373 0.684479 480.000000 640.000000
93 0.766430 0.460516 0.750574 0.404160 0.782286 0.516872 480.000000 640.000000
97 0.705314 0.469738 0.687680 0.436269 0.722947 0.503208 480.000000 640.000000
82 0.096087 0.489356 0.077899 0.424097 0.114274 0.554615 480.000000 640.000000
92 0.462006 0.457498 0.445739 0.398513 0.478274 0.516482 480.000000 640.000000
56 0.126662 0.550133 0.113847 0.506432 0.139478 0.593833 480.000000 640.000000
101 0.400409 0.440655 0.388194 0.380829 0.412623 0.500481 480.000000 640.000000
