2 0.826991 0.607028 0.806104 0.539042 0.847878 0.675015 480.000000 640.000000
4 0.312546 0.640586 0.284211 0.562530 0.340881 0.718642 480.000000 640.000000
5 0.489696 0.649009 0.467060 0.573614 0.512333 0.724405 480.000000 640.000000
15 0.617302 0.577083 0.599249 0.515265 0.635356 0.638901 480.000000 640.000000
30 0.552239 0.524393 0.526501 0.461765 0.577977 0.587021 480.000000 640.000000
1 0.860701 0.576351 0.839176 0.506789 0.882226 0.645912 480.000000 640.000000
31 0.299466 0.607956 0.281449 0.545669 0.317484 0.670243 480.000000 640.000000
7 0.233602 0.555823 0.209784 0.494753 0.257420 0.616892 480.000000 640.000000
3 0.793942 0.637397 0.775745 0.572084 0.812139 0.702709 480.000000 640.000000
57 0.693672 0.605049 0.669958 0.546189 0.717386 0.663910 480.000000 640.000000
33 0.299676 0.466913 0.280810 0.391554 0.318542 0.542273 480.000000 640.000000
67 0.082397 0.651289 0.050372 0.569773 0.114422 0.732804 480.000000 640.000000
69 0.325867 0.497165 0.304849 0.433340 0.346884 0.560990 480.000000 640.000000
58 0.371063 0.456668 0.343614 0.399126 0.398513 0.514209 480.000000 640.000000
9 0.743328 0.554009 0.728711 0.491149 0.757945 0.616869 480.000000 640.000000
14 0.710181 0.523081 0.684303 0.466598 0.736058 0.579563 480.000000 640.000000
11 0.590152 0.473968 0.572333 0.414708 0.607971 0.533228 480.000000 640.000000
91 0.028061 0.464543 0.003359 0.410095 0.052763 0.518992 480.000000 640.000000
63 0.129744 0.623975 0.107404 0.564149 0.152085 0.683801 480.000000 640.000000
93 0.764816 0.459776 0.748126 0.402337 0.781506 0.517214 480.000000 640.000000
97 0.707754 0.469976 0.689901 0.436571 0.725607 0.503381 480.000000 640.000000
82 0.094356 0.490470 0.073960 0.426379 0.114751 0.554562 480.000000 640.000000
92 0.457710 0.457827 0.439029 0.399021 0.476392 0.516634 480.000000 640.000000
56 0.130627 0.556978 0.117426 0.507337 0.143829 0.606618 480.000000 640.000000
101 0.402403 0.440368 0.390657 0.380324 0.414148 0.500412 480.000000 640.000000
103 0.702083 0.565625 0.670312 0.467014 0.733854 0.664236 480.000000 640.000000
104 0.254883 0.445139 0.241797 0.389236 0.267969 0.501042 480.000000 640.000000
105 0.827083 0.571528 0.804167 0.468056 0.850000 0.675000 480.000000 640.000000
