2 0.759172 0.603823 0.738128 0.537122 0.780216 0.670525 480.000000 640.000000
4 0.270682 0.647318 0.241715 0.576444 0.299649 0.718192 480.000000 640.000000
5 0.442022 0.649192 0.419239 0.573232 0.464805 0.725151 480.000000 640.000000
15 0.561076 0.577339 0.535861 0.515816 0.586290 0.638863 480.000000 640.000000
30 0.503647 0.522756 0.487361 0.460340 0.519933 0.585172 480.000000 640.000000
1 0.806850 0.581825 0.787971 0.518503 0.825729 0.645147 480.000000 640.000000
31 0.231333 0.607035 0.211591 0.545048 0.251075 0.669021 480.000000 640.000000
7 0.168828 0.554472 0.150250 0.492733 0.187406 0.616211 480.000000 640.000000
3 0.711821 0.634021 0.686617 0.567117 0.737026 0.700925 480.000000 640.000000
19 0.304797 0.452010 0.289937 0.395976 0.319656 0.508043 480.000000 640.000000
56 0.077509 0.568101 0.061098 0.510976 0.093921 0.625226 480.000000 640.000000
57 0.644439 0.599603 0.624228 0.537837 0.664649 0.661370 480.000000 640.000000
63 0.069553 0.606002 0.042983 0.520055 0.096122 0.691949 480.000000 640.000000
33 0.258801 0.464836 0.234350 0.387451 0.283251 0.542221 480.000000 640.000000
67 0.032917 0.644276 0.010225 0.568896 0.055609 0.719655 480.000000 640.000000
69 0.393179 0.493432 0.367144 0.429809 0.419214 0.557054 480.000000 640.000000
58 0.431115 0.460252 0.418166 0.400063 0.444063 0.520441 480.000000 640.000000
68 0.541747 0.447300 0.525657 0.376053 0.557837 0.518547 480.000000 640.000000
9 0.687640 0.553679 0.669016 0.493060 0.706264 0.614299 480.000000 640.000000
82 0.147730 0.495264 0.133142 0.427517 0.162318 0.563011 480.000000 640.000000
85 0.025993 0.668576 0.000846 0.588542 0.051139 0.748611 480.000000 640.000000
86 0.800521 0.473264 0.784375 0.401042 0.816667 0.545486 480.000000 640.000000
24 0.347527 0.440641 0.325446 0.382823 0.369608 0.498460 480.000000 640.000000
