1 0.623911 0.579905 0.598825 0.518571 0.648998 0.641239 480.000000 640.000000
2 0.563650 0.617626 0.536781 0.549255 0.590519 0.685996 480.000000 640.000000
3 0.427866 0.608698 0.402184 0.547296 0.453548 0.670099 480.000000 640.000000
4 0.112763 0.650687 0.084672 0.578081 0.140853 0.723293 480.000000 640.000000
5 0.274390 0.650571 0.248006 0.570353 0.300773 0.730789 480.000000 640.000000
6 0.984569 0.542795 0.969119 0.480324 1.000019 0.605265 480.000000 640.000000
7 0.028257 0.497408 0.012644 0.433540 0.043869 0.561276 480.000000 640.000000
8 0.632876 0.505757 0.602515 0.417010 0.663236 0.594504 480.000000 640.000000
9 0.529231 0.546639 0.513357 0.488244 0.545105 0.605033 480.000000 640.000000
11 0.443133 0.505123 0.426034 0.439363 0.460231 0.570883 480.000000 640.000000
12 0.470013 0.593503 0.447992 0.528619 0.492034 0.658386 480.000000 640.000000
13 0.888930 0.615179 0.870509 0.549966 0.907350 0.680392 480.000000 640.000000
14 0.496314 0.517627 0.473402 0.451559 0.519227 0.583696 480.000000 640.000000
15 0.358512 0.570907 0.335636 0.509626 0.381388 0.632187 480.000000 640.000000
16 0.853634 0.513767 0.831870 0.445011 0.875398 0.582522 480.000000 640.000000
17 0.103030 0.514882 0.080019 0.456996 0.126041 0.572768 480.000000 640.000000
19 0.477831 0.457708 0.463354 0.400555 0.492308 0.514861 480.000000 640.000000
20 0.894956 0.479956 0.878931 0.406946 0.910982 0.552965 480.000000 640.000000
21 0.385138 0.430350 0.366876 0.368801 0.403400 0.491899 480.000000 640.000000
24 0.158126 0.433238 0.134019 0.374234 0.182233 0.492241 480.000000 640.000000
25 0.073591 0.474081 0.056679 0.416191 0.090502 0.531972 480.000000 640.000000
27 0.923953 0.456122 0.905999 0.399522 0.941907 0.512723 480.000000 640.000000
29 0.303642 0.461831 0.284895 0.395322 0.322390 0.528339 480.000000 640.000000
30 0.329813 0.522419 0.309787 0.464460 0.349840 0.580378 480.000000 640.000000
31 0.011450 0.611806 0.000098 0.551736 0.022803 0.671875 480.000000 640.000000
