2 0.643228 0.610344 0.623967 0.541125 0.662489 0.679563 480.000000 640.000000
4 0.176173 0.649075 0.154931 0.577621 0.197414 0.720529 480.000000 640.000000
5 0.344394 0.649758 0.319529 0.571057 0.369260 0.728459 480.000000 640.000000
13 0.963183 0.601185 0.943941 0.527038 0.982425 0.675331 480.000000 640.000000
14 0.563916 0.516883 0.542164 0.453592 0.585669 0.580174 480.000000 640.000000
15 0.441022 0.573866 0.416474 0.512640 0.465571 0.635091 480.000000 640.000000
29 0.246560 0.484715 0.229525 0.417113 0.263594 0.552318 480.000000 640.000000
30 0.400861 0.531406 0.378243 0.477930 0.423480 0.584882 480.000000 640.000000
33 0.165057 0.466099 0.147481 0.392131 0.182632 0.540068 480.000000 640.000000
1 0.703943 0.560608 0.678633 0.478587 0.729253 0.642630 480.000000 640.000000
25 0.017310 0.508879 -0.001179 0.447642 0.035799 0.570117 480.000000 640.000000
38 0.791433 0.480481 0.771688 0.423963 0.811178 0.536998 480.000000 640.000000
16 0.928754 0.503740 0.906316 0.431452 0.951192 0.576029 480.000000 640.000000
31 0.096229 0.611263 0.068500 0.548145 0.123959 0.674382 480.000000 640.000000
7 0.044902 0.552597 0.024997 0.493134 0.064806 0.612060 480.000000 640.000000
11 0.526755 0.502832 0.512926 0.437725 0.540585 0.567940 480.000000 640.000000
44 0.169867 0.413440 0.156095 0.378243 0.183638 0.448637 480.000000 640.000000
3 0.542380 0.609906 0.522467 0.535806 0.562293 0.684006 480.000000 640.000000
9 0.596080 0.550964 0.575633 0.491283 0.616526 0.610644 480.000000 640.000000
48 0.873611 0.457051 0.855991 0.399671 0.891231 0.514432 480.000000 640.000000
49 0.639754 0.457451 0.618522 0.400264 0.660986 0.514638 480.000000 640.000000
24 0.228219 0.425583 0.213212 0.359796 0.243226 0.491371 480.000000 640.000000
40 0.135564 0.464501 0.119158 0.395659 0.151971 0.533343 480.000000 640.000000
19 0.405905 0.451257 0.392983 0.400237 0.418828 0.502278 480.000000 640.000000
21 0.445430 0.439878 0.428695 0.374691 0.462165 0.505065 480.000000 640.000000
53 0.911979 0.539931 0.898958 0.508681 0.925000 0.571181 480.000000 640.000000
