2 0.587890 0.614352 0.569454 0.545425 0.606326 0.683279 480.000000 640.000000
3 0.467108 0.615387 0.438260 0.551868 0.495957 0.678906 480.000000 640.000000
4 0.138835 0.651669 0.111363 0.578008 0.166307 0.725330 480.000000 640.000000
5 0.292699 0.648377 0.274970 0.566447 0.310428 0.730308 480.000000 640.000000
7 0.017363 0.520112 -0.000667 0.444675 0.035392 0.595548 480.000000 640.000000
9 0.552518 0.548699 0.533067 0.489508 0.571970 0.607890 480.000000 640.000000
12 0.494712 0.591537 0.481751 0.528364 0.507673 0.654710 480.000000 640.000000
13 0.910738 0.604502 0.885262 0.527385 0.936213 0.681619 480.000000 640.000000
14 0.513839 0.520042 0.497926 0.459191 0.529751 0.580892 480.000000 640.000000
15 0.384156 0.572376 0.367439 0.510827 0.400872 0.633925 480.000000 640.000000
24 0.180446 0.431527 0.166247 0.370659 0.194645 0.492395 480.000000 640.000000
27 0.910143 0.454492 0.894811 0.399935 0.925475 0.509049 480.000000 640.000000
29 0.286871 0.466647 0.273189 0.401105 0.300552 0.532189 480.000000 640.000000
30 0.357411 0.522599 0.342551 0.460083 0.372271 0.585115 480.000000 640.000000
33 0.126228 0.477957 0.110101 0.410880 0.142354 0.545034 480.000000 640.000000
34 0.606830 0.478017 0.591711 0.399874 0.621950 0.556160 480.000000 640.000000
18 0.692438 0.469862 0.676229 0.397342 0.708646 0.542382 480.000000 640.000000
1 0.645873 0.570077 0.629462 0.501975 0.662284 0.638178 480.000000 640.000000
25 0.073218 0.501759 0.046383 0.429070 0.100052 0.574448 480.000000 640.000000
11 0.464373 0.505494 0.444058 0.444193 0.484688 0.566795 480.000000 640.000000
37 0.665723 0.535874 0.652224 0.476109 0.679222 0.595638 480.000000 640.000000
19 0.453260 0.457387 0.437932 0.402122 0.468588 0.512652 480.000000 640.000000
21 0.400119 0.432742 0.383365 0.367985 0.416872 0.497499 480.000000 640.000000
38 0.857953 0.472690 0.839199 0.412074 0.876707 0.533306 480.000000 640.000000
39 0.020476 0.560537 0.000319 0.447073 0.040633 0.674000 480.000000 640.000000
16 0.883844 0.509961 0.866198 0.441061 0.901491 0.578861 480.000000 640.000000
40 0.091797 0.467361 0.078516 0.402431 0.105078 0.532292 480.000000 640.000000
