1 0.601191 0.571020 0.585807 0.503013 0.616576 0.639028 480.000000 640.000000
2 0.543884 0.618131 0.525496 0.549429 0.562273 0.686833 480.000000 640.000000
3 0.408605 0.601892 0.385750 0.533901 0.431459 0.669882 480.000000 640.000000
4 0.097641 0.652051 0.076397 0.580147 0.118885 0.723955 480.000000 640.000000
5 0.262520 0.643814 0.238651 0.571751 0.286389 0.715877 480.000000 640.000000
6 0.978103 0.550028 0.956223 0.476071 0.999982 0.623985 480.000000 640.000000
7 0.048639 0.495012 0.020917 0.429094 0.076360 0.560929 480.000000 640.000000
8 0.631467 0.538005 0.614239 0.480711 0.648695 0.595298 480.000000 640.000000
9 0.513253 0.546905 0.494603 0.484104 0.531903 0.609706 480.000000 640.000000
10 0.657187 0.482971 0.634127 0.400747 0.680246 0.565195 480.000000 640.000000
11 0.425906 0.503905 0.409201 0.439322 0.442611 0.568487 480.000000 640.000000
12 0.452474 0.588140 0.437435 0.524160 0.467513 0.652121 480.000000 640.000000
13 0.868278 0.604370 0.842545 0.528193 0.894010 0.680547 480.000000 640.000000
14 0.474709 0.523691 0.459237 0.462489 0.490181 0.584892 480.000000 640.000000
15 0.335563 0.568682 0.317054 0.505444 0.354072 0.631920 480.000000 640.000000
16 0.840913 0.515499 0.823652 0.449652 0.858173 0.581346 480.000000 640.000000
17 0.122476 0.470993 0.094470 0.370204 0.150482 0.571782 480.000000 640.000000
18 0.736183 0.454932 0.721910 0.395185 0.750456 0.514678 480.000000 640.000000
19 0.491786 0.443616 0.477617 0.399382 0.505955 0.487850 480.000000 640.000000
20 0.913124 0.473905 0.886320 0.414192 0.939929 0.533618 480.000000 640.000000
21 0.369322 0.432500 0.351939 0.366502 0.386705 0.498497 480.000000 640.000000
22 0.088672 0.457292 0.075000 0.375347 0.102344 0.539236 480.000000 640.000000
23 0.314583 0.523958 0.294271 0.464583 0.334896 0.583333 480.000000 640.000000
