2 0.820070 0.606198 0.802163 0.537996 0.837976 0.674399 480.000000 640.000000
4 0.310355 0.642010 0.279934 0.565233 0.340776 0.718786 480.000000 640.000000
5 0.485507 0.649813 0.457853 0.574189 0.513160 0.725437 480.000000 640.000000
15 0.610547 0.577539 0.589115 0.515775 0.631980 0.639303 480.000000 640.000000
30 0.549767 0.524229 0.525406 0.461685 0.574128 0.586772 480.000000 640.000000
1 0.854949 0.576454 0.837702 0.506381 0.872197 0.646527 480.000000 640.000000
31 0.297020 0.604413 0.279527 0.542357 0.314512 0.666468 480.000000 640.000000
7 0.230292 0.555556 0.209166 0.494910 0.251418 0.616201 480.000000 640.000000
3 0.784787 0.638210 0.760203 0.573690 0.809372 0.702731 480.000000 640.000000
57 0.690009 0.604817 0.664158 0.546709 0.715861 0.662924 480.000000 640.000000
33 0.297078 0.468352 0.273925 0.392990 0.320230 0.543714 480.000000 640.000000
67 0.075897 0.655664 0.042454 0.568957 0.109341 0.742370 480.000000 640.000000
69 0.332839 0.498073 0.305295 0.433954 0.360383 0.562193 480.000000 640.000000
58 0.374147 0.455518 0.349505 0.398243 0.398790 0.512794 480.000000 640.000000
9 0.735850 0.557804 0.719638 0.497532 0.752062 0.618076 480.000000 640.000000
14 0.708933 0.527806 0.686792 0.467765 0.731074 0.587848 480.000000 640.000000
11 0.592449 0.480710 0.572513 0.429448 0.612384 0.531972 480.000000 640.000000
91 0.023884 0.459053 0.002628 0.399256 0.045140 0.518851 480.000000 640.000000
63 0.121093 0.625576 0.098846 0.566606 0.143339 0.684545 480.000000 640.000000
93 0.768064 0.459984 0.751558 0.402789 0.784570 0.517180 480.000000 640.000000
97 0.705051 0.467770 0.688041 0.434151 0.722061 0.501389 480.000000 640.000000
82 0.099344 0.488980 0.084440 0.423697 0.114248 0.554264 480.000000 640.000000
92 0.465527 0.457273 0.450179 0.397827 0.480875 0.516720 480.000000 640.000000
56 0.123803 0.549586 0.109871 0.504740 0.137735 0.594433 480.000000 640.000000
101 0.400353 0.441572 0.387815 0.382424 0.412891 0.500720 480.000000 640.000000
