5 0.523813 0.646723 0.502141 0.570670 0.545484 0.722777 480.000000 640.000000
15 0.663839 0.575323 0.645523 0.512294 0.682155 0.638353 480.000000 640.000000
30 0.590773 0.526816 0.566438 0.465439 0.615109 0.588192 480.000000 640.000000
1 0.907994 0.576429 0.885364 0.506995 0.930623 0.645864 480.000000 640.000000
7 0.279504 0.558427 0.255147 0.500503 0.303861 0.616351 480.000000 640.000000
3 0.863083 0.633753 0.842395 0.563906 0.883771 0.703600 480.000000 640.000000
57 0.736209 0.598501 0.715967 0.534271 0.756450 0.662731 480.000000 640.000000
67 0.119644 0.654677 0.086876 0.569406 0.152412 0.739948 480.000000 640.000000
9 0.783160 0.556167 0.767808 0.494359 0.798513 0.617975 480.000000 640.000000
63 0.170129 0.620752 0.149819 0.557797 0.190438 0.683708 480.000000 640.000000
82 0.057972 0.485017 0.037065 0.415774 0.078879 0.554259 480.000000 640.000000
92 0.414516 0.455781 0.390322 0.395582 0.438710 0.515980 480.000000 640.000000
109 0.028860 0.580407 0.007911 0.500020 0.049808 0.660795 480.000000 640.000000
11 0.535613 0.465705 0.522878 0.401511 0.548347 0.529899 480.000000 640.000000
4 0.352692 0.632833 0.322701 0.549231 0.382682 0.716436 480.000000 640.000000
56 0.172089 0.552537 0.158417 0.504977 0.185760 0.600098 480.000000 640.000000
93 0.734411 0.462426 0.718309 0.405724 0.750512 0.519128 480.000000 640.000000
58 0.335593 0.474108 0.309917 0.399397 0.361269 0.548819 480.000000 640.000000
73 0.625545 0.440379 0.607006 0.376850 0.644084 0.503908 480.000000 640.000000
101 0.447666 0.437042 0.434739 0.381138 0.460594 0.492945 480.000000 640.000000
117 0.265234 0.498264 0.253125 0.433333 0.277344 0.563194 480.000000 640.000000
118 0.871875 0.597222 0.839583 0.491667 0.904167 0.702778 480.000000 640.000000
119 0.359635 0.602778 0.340365 0.540972 0.378906 0.664583 480.000000 640.000000
97 0.759835 0.481509 0.742715 0.435389 0.776955 0.527629 480.000000 640.000000
