2 0.751840 0.605628 0.726182 0.540108 0.777497 0.671148 480.000000 640.000000
4 0.268550 0.647037 0.241219 0.576022 0.295880 0.718052 480.000000 640.000000
5 0.432655 0.649358 0.405834 0.575779 0.459475 0.722937 480.000000 640.000000
15 0.556024 0.577329 0.534757 0.515330 0.577291 0.639328 480.000000 640.000000
30 0.497302 0.522578 0.482964 0.460063 0.511640 0.585092 480.000000 640.000000
1 0.797427 0.574426 0.778131 0.505302 0.816723 0.643550 480.000000 640.000000
31 0.225359 0.607043 0.201099 0.544228 0.249618 0.669858 480.000000 640.000000
7 0.162256 0.555454 0.138739 0.495134 0.185773 0.615773 480.000000 640.000000
3 0.701639 0.633037 0.684564 0.565257 0.718714 0.700817 480.000000 640.000000
19 0.309430 0.453510 0.296242 0.398462 0.322618 0.508559 480.000000 640.000000
56 0.072691 0.568907 0.050815 0.511773 0.094568 0.626041 480.000000 640.000000
57 0.637729 0.597603 0.621612 0.532962 0.653845 0.662244 480.000000 640.000000
63 0.065000 0.599585 0.035391 0.511454 0.094609 0.687716 480.000000 640.000000
33 0.255947 0.467024 0.233440 0.392688 0.278454 0.541360 480.000000 640.000000
67 0.022245 0.631492 0.003629 0.569028 0.040860 0.693955 480.000000 640.000000
69 0.401295 0.491497 0.382694 0.425983 0.419896 0.557012 480.000000 640.000000
58 0.436452 0.461607 0.422843 0.400139 0.450061 0.523076 480.000000 640.000000
68 0.532029 0.450997 0.511232 0.382091 0.552825 0.519903 480.000000 640.000000
9 0.684580 0.552461 0.667735 0.492440 0.701426 0.612481 480.000000 640.000000
82 0.152376 0.495745 0.138285 0.430195 0.166467 0.561296 480.000000 640.000000
83 0.341706 0.435369 0.326139 0.378958 0.357274 0.491779 480.000000 640.000000
