5 0.538819 0.640077 0.520431 0.569767 0.557207 0.710387 480.000000 640.000000
15 0.678962 0.577433 0.652860 0.516008 0.705063 0.638857 480.000000 640.000000
30 0.605345 0.525019 0.588139 0.463536 0.622551 0.586501 480.000000 640.000000
1 0.921121 0.577481 0.904963 0.508232 0.937279 0.646730 480.000000 640.000000
7 0.300194 0.555272 0.287176 0.494185 0.313212 0.616360 480.000000 640.000000
57 0.750941 0.596485 0.734451 0.532506 0.767431 0.660465 480.000000 640.000000
67 0.133191 0.643145 0.109068 0.565634 0.157313 0.720657 480.000000 640.000000
9 0.793684 0.558508 0.769553 0.498232 0.817815 0.618785 480.000000 640.000000
63 0.195167 0.616425 0.168507 0.547773 0.221826 0.685077 480.000000 640.000000
82 0.042561 0.469526 0.026907 0.416611 0.058215 0.522440 480.000000 640.000000
92 0.397804 0.450358 0.383481 0.390180 0.412127 0.510536 480.000000 640.000000
109 0.041703 0.585673 0.018804 0.510353 0.064602 0.660992 480.000000 640.000000
11 0.519126 0.467566 0.494869 0.405112 0.543383 0.530020 480.000000 640.000000
4 0.360784 0.645705 0.335017 0.575491 0.386550 0.715919 480.000000 640.000000
56 0.183385 0.543117 0.170768 0.501635 0.196002 0.584598 480.000000 640.000000
93 0.724843 0.463999 0.709054 0.406856 0.740633 0.521142 480.000000 640.000000
58 0.347267 0.475659 0.329910 0.401685 0.364623 0.549633 480.000000 640.000000
73 0.637043 0.445800 0.619647 0.381391 0.654439 0.510209 480.000000 640.000000
101 0.464192 0.443071 0.442322 0.384424 0.486063 0.501719 480.000000 640.000000
117 0.246550 0.501648 0.215552 0.437344 0.277549 0.565952 480.000000 640.000000
14 0.771211 0.526620 0.755618 0.465675 0.786804 0.587565 480.000000 640.000000
124 0.381974 0.603951 0.366449 0.539851 0.397499 0.668051 480.000000 640.000000
91 0.074979 0.460463 0.060886 0.399798 0.089071 0.521128 480.000000 640.000000
3 0.882953 0.634916 0.851625 0.563834 0.914281 0.705999 480.000000 640.000000
125 0.881250 0.523958 0.861458 0.466319 0.901042 0.581597 480.000000 640.000000
