5 0.533646 0.644647 0.516760 0.570022 0.550531 0.719271 480.000000 640.000000
15 0.676564 0.576356 0.652407 0.514975 0.700721 0.637736 480.000000 640.000000
30 0.598580 0.525889 0.577903 0.464783 0.619257 0.586995 480.000000 640.000000
1 0.916174 0.577803 0.896841 0.508065 0.935507 0.647541 480.000000 640.000000
7 0.292035 0.555485 0.279574 0.494976 0.304496 0.615994 480.000000 640.000000
57 0.747021 0.596056 0.730139 0.530868 0.763903 0.661244 480.000000 640.000000
67 0.129815 0.651441 0.101868 0.566565 0.157762 0.736317 480.000000 640.000000
9 0.792024 0.558372 0.768805 0.498101 0.815244 0.618643 480.000000 640.000000
63 0.184609 0.603633 0.162845 0.522174 0.206374 0.685091 480.000000 640.000000
82 0.052985 0.482805 0.033142 0.418560 0.072829 0.547049 480.000000 640.000000
92 0.403108 0.452088 0.387191 0.392608 0.419026 0.511568 480.000000 640.000000
109 0.036011 0.582432 0.014929 0.503938 0.057093 0.660927 480.000000 640.000000
11 0.520617 0.467300 0.496945 0.404993 0.544289 0.529607 480.000000 640.000000
4 0.356586 0.647806 0.328963 0.579700 0.384208 0.715912 480.000000 640.000000
56 0.180366 0.548762 0.166741 0.502925 0.193992 0.594599 480.000000 640.000000
93 0.726676 0.463562 0.709728 0.406493 0.743624 0.520630 480.000000 640.000000
58 0.344905 0.474241 0.327006 0.400876 0.362804 0.547606 480.000000 640.000000
73 0.635276 0.444426 0.615007 0.380574 0.655545 0.508277 480.000000 640.000000
101 0.458202 0.440850 0.439548 0.382438 0.476856 0.499261 480.000000 640.000000
117 0.251777 0.500443 0.225240 0.435593 0.278313 0.565294 480.000000 640.000000
118 0.878321 0.585548 0.842998 0.466706 0.913644 0.704390 480.000000 640.000000
119 0.370356 0.581155 0.359015 0.539850 0.381698 0.622459 480.000000 640.000000
14 0.770732 0.509765 0.750476 0.431988 0.790988 0.587543 480.000000 640.000000
120 0.072089 0.469576 0.054906 0.417145 0.089271 0.522006 480.000000 640.000000
33 0.314063 0.464396 0.297404 0.394277 0.330723 0.534516 480.000000 640.000000
121 0.044157 0.578472 0.015918 0.495139 0.072396 0.661806 480.000000 640.000000
122 0.010938 0.529167 0.000016 0.467014 0.021859 0.591319 480.000000 640.000000
