2 0.602266 0.619175 0.580101 0.555378 0.624431 0.682973 480.000000 640.000000
3 0.494493 0.607077 0.463693 0.533603 0.525292 0.680551 480.000000 640.000000
4 0.147207 0.651893 0.121355 0.577299 0.173059 0.726488 480.000000 640.000000
5 0.307821 0.649745 0.283062 0.568748 0.332581 0.730742 480.000000 640.000000
9 0.562527 0.548876 0.543642 0.486623 0.581412 0.611129 480.000000 640.000000
12 0.509772 0.594490 0.491560 0.529768 0.527985 0.659213 480.000000 640.000000
13 0.923013 0.603578 0.899312 0.527939 0.946714 0.679217 480.000000 640.000000
14 0.530032 0.521550 0.508681 0.460510 0.551383 0.582591 480.000000 640.000000
15 0.399562 0.573179 0.377113 0.512708 0.422012 0.633649 480.000000 640.000000
24 0.196335 0.433461 0.173867 0.374583 0.218802 0.492338 480.000000 640.000000
29 0.276137 0.470979 0.256847 0.405231 0.295427 0.536726 480.000000 640.000000
30 0.364974 0.523633 0.343039 0.463132 0.386910 0.584134 480.000000 640.000000
33 0.137989 0.484159 0.119781 0.422373 0.156198 0.545945 480.000000 640.000000
34 0.591074 0.479669 0.572778 0.403767 0.609369 0.555571 480.000000 640.000000
1 0.661846 0.580036 0.638931 0.517796 0.684761 0.642275 480.000000 640.000000
25 0.064777 0.510842 0.041324 0.447443 0.088231 0.574240 480.000000 640.000000
19 0.444153 0.458294 0.428416 0.400963 0.459890 0.515624 480.000000 640.000000
21 0.410430 0.433824 0.395010 0.368686 0.425850 0.498961 480.000000 640.000000
38 0.844969 0.472332 0.830292 0.409052 0.859646 0.535612 480.000000 640.000000
16 0.892639 0.498402 0.870220 0.415967 0.915059 0.580836 480.000000 640.000000
40 0.102461 0.465691 0.084916 0.397705 0.120006 0.533677 480.000000 640.000000
31 0.046001 0.613193 0.021461 0.551438 0.070542 0.674948 480.000000 640.000000
7 0.009865 0.541338 -0.000274 0.472292 0.020003 0.610384 480.000000 640.000000
18 0.678908 0.497523 0.658996 0.399504 0.698821 0.595543 480.000000 640.000000
37 0.674528 0.547472 0.653998 0.498490 0.695059 0.596455 480.000000 640.000000
11 0.485055 0.503361 0.470809 0.438595 0.499302 0.568128 480.000000 640.000000
