2 0.741772 0.608571 0.713150 0.541774 0.770394 0.675369 480.000000 640.000000
4 0.251599 0.647026 0.232511 0.575764 0.270688 0.718288 480.000000 640.000000
5 0.426651 0.648060 0.402424 0.573604 0.450878 0.722515 480.000000 640.000000
15 0.539552 0.579011 0.522175 0.518843 0.556929 0.639179 480.000000 640.000000
30 0.481470 0.523131 0.460531 0.460830 0.502409 0.585432 480.000000 640.000000
1 0.786835 0.574541 0.758790 0.503907 0.814881 0.645176 480.000000 640.000000
16 0.995358 0.505113 0.990682 0.438267 1.000035 0.571959 480.000000 640.000000
31 0.212745 0.606618 0.193641 0.543639 0.231849 0.669598 480.000000 640.000000
7 0.153489 0.554588 0.129489 0.494980 0.177489 0.614197 480.000000 640.000000
3 0.680173 0.620858 0.655164 0.540554 0.705182 0.701162 480.000000 640.000000
48 0.814351 0.455080 0.797998 0.399604 0.830704 0.510555 480.000000 640.000000
19 0.321085 0.446445 0.301130 0.378490 0.341040 0.514399 480.000000 640.000000
56 0.066112 0.568294 0.048902 0.511475 0.083321 0.625112 480.000000 640.000000
57 0.626627 0.599197 0.607398 0.535805 0.645857 0.662589 480.000000 640.000000
63 0.049184 0.618398 0.025811 0.551341 0.072556 0.685455 480.000000 640.000000
33 0.238777 0.460738 0.224016 0.382953 0.253539 0.538522 480.000000 640.000000
67 0.018050 0.642569 0.000844 0.569016 0.035257 0.716123 480.000000 640.000000
69 0.422655 0.490707 0.402872 0.425947 0.442438 0.555467 480.000000 640.000000
11 0.620857 0.500685 0.597864 0.437177 0.643851 0.564192 480.000000 640.000000
71 0.170605 0.495455 0.148602 0.432238 0.192608 0.558672 480.000000 640.000000
73 0.531962 0.432626 0.509542 0.377967 0.554382 0.487285 480.000000 640.000000
58 0.451154 0.454274 0.434950 0.403091 0.467358 0.505457 480.000000 640.000000
