2 0.777690 0.606590 0.757208 0.538040 0.798171 0.675140 480.000000 640.000000
4 0.278293 0.646907 0.254460 0.575527 0.302126 0.718287 480.000000 640.000000
5 0.455416 0.647511 0.431078 0.570564 0.479754 0.724457 480.000000 640.000000
15 0.572547 0.576609 0.552674 0.514951 0.592420 0.638266 480.000000 640.000000
30 0.513563 0.532964 0.487895 0.481132 0.539230 0.584795 480.000000 640.000000
1 0.822489 0.574681 0.799068 0.503932 0.845910 0.645430 480.000000 640.000000
31 0.249472 0.605807 0.234299 0.543033 0.264644 0.668580 480.000000 640.000000
7 0.189324 0.554257 0.169581 0.492782 0.209067 0.615732 480.000000 640.000000
3 0.728784 0.636056 0.699221 0.570599 0.758347 0.701513 480.000000 640.000000
19 0.295643 0.450730 0.279456 0.392531 0.311830 0.508930 480.000000 640.000000
56 0.091879 0.563583 0.076618 0.509555 0.107140 0.617612 480.000000 640.000000
57 0.653570 0.605711 0.629373 0.546043 0.677767 0.665379 480.000000 640.000000
63 0.079716 0.626421 0.062221 0.566519 0.097211 0.686323 480.000000 640.000000
33 0.265116 0.467560 0.243316 0.391929 0.286916 0.543192 480.000000 640.000000
67 0.041921 0.658811 0.010371 0.570352 0.073471 0.747270 480.000000 640.000000
69 0.380456 0.496773 0.352950 0.433254 0.407962 0.560293 480.000000 640.000000
58 0.415107 0.462048 0.392450 0.402379 0.437763 0.521717 480.000000 640.000000
9 0.705800 0.555025 0.692269 0.492438 0.719332 0.617613 480.000000 640.000000
82 0.133642 0.493417 0.112325 0.429478 0.154958 0.557356 480.000000 640.000000
86 0.795771 0.494844 0.776868 0.400911 0.814675 0.588776 480.000000 640.000000
24 0.359917 0.430710 0.349000 0.381148 0.370835 0.480272 480.000000 640.000000
14 0.678693 0.526759 0.657245 0.467164 0.700140 0.586355 480.000000 640.000000
73 0.555492 0.438390 0.537526 0.374500 0.573458 0.502280 480.000000 640.000000
11 0.632307 0.476624 0.613791 0.416393 0.650824 0.536855 480.000000 640.000000
89 0.511458 0.493056 0.487500 0.400694 0.535417 0.585417 480.000000 640.000000
