5 0.532444 0.646488 0.514746 0.570138 0.550141 0.722839 480.000000 640.000000
15 0.674468 0.576315 0.652017 0.514394 0.696919 0.638237 480.000000 640.000000
30 0.595883 0.526405 0.574445 0.465438 0.617321 0.587372 480.000000 640.000000
1 0.914590 0.578309 0.893337 0.508077 0.935843 0.648542 480.000000 640.000000
7 0.287493 0.556229 0.272442 0.495801 0.302544 0.616656 480.000000 640.000000
57 0.744879 0.595497 0.727065 0.530591 0.762694 0.660402 480.000000 640.000000
67 0.127832 0.653807 0.097985 0.567883 0.157679 0.739731 480.000000 640.000000
9 0.790179 0.558304 0.768606 0.498194 0.811752 0.618414 480.000000 640.000000
63 0.178063 0.618481 0.159038 0.552519 0.197088 0.684443 480.000000 640.000000
82 0.054714 0.486228 0.033698 0.419896 0.075730 0.552560 480.000000 640.000000
92 0.406399 0.451060 0.389472 0.393142 0.423325 0.508978 480.000000 640.000000
109 0.033391 0.581613 0.012398 0.503802 0.054385 0.659424 480.000000 640.000000
11 0.523604 0.466666 0.502780 0.404362 0.544428 0.528970 480.000000 640.000000
4 0.354963 0.647174 0.326976 0.578441 0.382951 0.715907 480.000000 640.000000
56 0.178475 0.549881 0.165186 0.503487 0.191764 0.596275 480.000000 640.000000
93 0.727691 0.463726 0.709505 0.406277 0.745876 0.521175 480.000000 640.000000
58 0.343873 0.475012 0.326401 0.402946 0.361345 0.547079 480.000000 640.000000
73 0.632876 0.443004 0.612152 0.378774 0.653600 0.507235 480.000000 640.000000
101 0.456232 0.442352 0.438643 0.382050 0.473821 0.502654 480.000000 640.000000
117 0.255117 0.500007 0.233003 0.435489 0.277232 0.564526 480.000000 640.000000
118 0.877386 0.585991 0.841651 0.469044 0.913121 0.702938 480.000000 640.000000
119 0.367953 0.602295 0.355481 0.540355 0.380425 0.664234 480.000000 640.000000
97 0.765512 0.477263 0.746731 0.432942 0.784293 0.521584 480.000000 640.000000
14 0.766215 0.508939 0.746464 0.431665 0.785966 0.586212 480.000000 640.000000
120 0.070506 0.470778 0.052546 0.420777 0.088467 0.520780 480.000000 640.000000
33 0.313358 0.464949 0.295285 0.394177 0.331430 0.535722 480.000000 640.000000
