2 0.694599 0.607509 0.668586 0.541670 0.720612 0.673349 480.000000 640.000000
4 0.213814 0.648726 0.192199 0.577091 0.235428 0.720360 480.000000 640.000000
5 0.384231 0.648123 0.360094 0.570574 0.408367 0.725672 480.000000 640.000000
13 0.992188 0.621656 0.984774 0.564679 0.999602 0.678632 480.000000 640.000000
15 0.487831 0.568026 0.461690 0.499941 0.513973 0.636112 480.000000 640.000000
29 0.207512 0.489131 0.181151 0.420997 0.233872 0.557265 480.000000 640.000000
30 0.442447 0.521738 0.417480 0.459246 0.467414 0.584231 480.000000 640.000000
1 0.745585 0.585919 0.719105 0.527447 0.772066 0.644391 480.000000 640.000000
38 0.732628 0.475316 0.709542 0.414388 0.755714 0.536244 480.000000 640.000000
16 0.970103 0.506006 0.946738 0.434283 0.993468 0.577728 480.000000 640.000000
31 0.150290 0.608303 0.134623 0.544923 0.165957 0.671682 480.000000 640.000000
7 0.101570 0.550641 0.088024 0.489740 0.115115 0.611543 480.000000 640.000000
3 0.615986 0.632031 0.586764 0.573013 0.645208 0.691048 480.000000 640.000000
9 0.636006 0.550857 0.623056 0.487558 0.648956 0.614156 480.000000 640.000000
48 0.843324 0.453180 0.826374 0.399404 0.860273 0.506956 480.000000 640.000000
40 0.174234 0.463757 0.155802 0.395988 0.192665 0.531526 480.000000 640.000000
19 0.360514 0.457587 0.344926 0.399131 0.376103 0.516042 480.000000 640.000000
56 0.020249 0.571628 0.006378 0.513305 0.034120 0.629951 480.000000 640.000000
57 0.578140 0.598086 0.556101 0.533337 0.600179 0.662835 480.000000 640.000000
58 0.506142 0.467814 0.489457 0.408165 0.522827 0.527463 480.000000 640.000000
24 0.277984 0.436873 0.256014 0.376014 0.299954 0.497732 480.000000 640.000000
14 0.608082 0.522738 0.589920 0.465382 0.626244 0.580094 480.000000 640.000000
21 0.482224 0.463601 0.462951 0.374937 0.501497 0.552264 480.000000 640.000000
11 0.575636 0.503266 0.556282 0.438510 0.594990 0.568022 480.000000 640.000000
