5 0.574203 0.647352 0.557131 0.570187 0.591274 0.724516 480.000000 640.000000
15 0.719909 0.577415 0.695064 0.515526 0.744753 0.639304 480.000000 640.000000
30 0.642589 0.526918 0.620203 0.466951 0.664976 0.586886 480.000000 640.000000
7 0.344772 0.556181 0.327440 0.495658 0.362105 0.616704 480.000000 640.000000
57 0.791993 0.597879 0.774578 0.533625 0.809408 0.662133 480.000000 640.000000
67 0.170221 0.651134 0.144267 0.568592 0.196175 0.733676 480.000000 640.000000
9 0.827931 0.551883 0.804317 0.484660 0.851545 0.619105 480.000000 640.000000
63 0.239593 0.616367 0.217141 0.547713 0.262044 0.685020 480.000000 640.000000
109 0.076719 0.592109 0.053097 0.521109 0.100341 0.663110 480.000000 640.000000
4 0.396248 0.645431 0.369128 0.574208 0.423368 0.716655 480.000000 640.000000
93 0.699713 0.464181 0.684682 0.407712 0.714745 0.520650 480.000000 640.000000
58 0.388572 0.471890 0.372213 0.399702 0.404931 0.544077 480.000000 640.000000
117 0.186804 0.509651 0.163825 0.451343 0.209782 0.567959 480.000000 640.000000
3 0.947964 0.616167 0.921598 0.528118 0.974330 0.704216 480.000000 640.000000
125 0.918037 0.524077 0.897655 0.465750 0.938418 0.582405 480.000000 640.000000
127 0.047482 0.532647 0.029317 0.470271 0.065646 0.595022 480.000000 640.000000
97 0.817635 0.472412 0.799633 0.430915 0.835636 0.513909 480.000000 640.000000
91 0.107143 0.461520 0.087777 0.400106 0.126509 0.522934 480.000000 640.000000
19 0.170926 0.440021 0.153687 0.382470 0.188166 0.497572 480.000000 640.000000
124 0.432365 0.603912 0.409215 0.541538 0.455515 0.666285 480.000000 640.000000
11 0.472568 0.461546 0.445723 0.401992 0.499412 0.521100 480.000000 640.000000
128 0.268605 0.448910 0.255065 0.389332 0.282145 0.508489 480.000000 640.000000
130 0.016629 0.485716 0.000059 0.423381 0.033200 0.548051 480.000000 640.000000
33 0.354897 0.461955 0.337397 0.388773 0.372396 0.535136 480.000000 640.000000
131 0.509700 0.440753 0.493351 0.382729 0.526050 0.498777 480.000000 640.000000
56 0.213269 0.560382 0.194863 0.500448 0.231675 0.620315 480.000000 640.000000
