2 0.795177 0.611598 0.768381 0.546724 0.821973 0.676473 480.000000 640.000000
4 0.293446 0.644949 0.273829 0.571915 0.313062 0.717984 480.000000 640.000000
5 0.468360 0.643182 0.443213 0.572309 0.493507 0.714055 480.000000 640.000000
15 0.595004 0.577433 0.572827 0.515559 0.617180 0.639308 480.000000 640.000000
30 0.532632 0.522339 0.513469 0.459843 0.551794 0.584836 480.000000 640.000000
1 0.832641 0.576561 0.809675 0.506725 0.855606 0.646397 480.000000 640.000000
31 0.267561 0.607382 0.250237 0.545454 0.284885 0.669309 480.000000 640.000000
7 0.202648 0.556658 0.180596 0.495962 0.224700 0.617354 480.000000 640.000000
3 0.758704 0.635276 0.738340 0.568162 0.779068 0.702389 480.000000 640.000000
56 0.108409 0.559761 0.095702 0.510407 0.121117 0.609115 480.000000 640.000000
57 0.671081 0.596424 0.654420 0.531653 0.687742 0.661194 480.000000 640.000000
33 0.281125 0.464357 0.260540 0.389726 0.301710 0.538988 480.000000 640.000000
67 0.059225 0.639436 0.037756 0.565830 0.080693 0.713042 480.000000 640.000000
69 0.356415 0.490692 0.337309 0.421413 0.375522 0.559970 480.000000 640.000000
58 0.399269 0.461478 0.384011 0.399516 0.414527 0.523439 480.000000 640.000000
9 0.721234 0.555923 0.700986 0.493331 0.741482 0.618514 480.000000 640.000000
82 0.122474 0.497377 0.101549 0.427725 0.143398 0.567029 480.000000 640.000000
14 0.692874 0.525775 0.675940 0.465238 0.709808 0.586311 480.000000 640.000000
73 0.569069 0.441565 0.551257 0.376451 0.586881 0.506678 480.000000 640.000000
11 0.616570 0.475966 0.600858 0.415357 0.632282 0.536575 480.000000 640.000000
91 0.008112 0.466790 0.000121 0.414973 0.016104 0.518607 480.000000 640.000000
92 0.486678 0.459688 0.463393 0.401653 0.509962 0.517722 480.000000 640.000000
63 0.106758 0.631568 0.076707 0.577278 0.136809 0.685858 480.000000 640.000000
93 0.779092 0.460254 0.761854 0.403550 0.796330 0.516958 480.000000 640.000000
94 0.049206 0.660648 0.031922 0.576974 0.066491 0.744322 480.000000 640.000000
97 0.683333 0.467014 0.670312 0.433333 0.696354 0.500694 480.000000 640.000000
