2 0.570372 0.617410 0.542226 0.549068 0.598518 0.685753 480.000000 640.000000
3 0.447986 0.607770 0.432541 0.542415 0.463431 0.673126 480.000000 640.000000
4 0.115687 0.651495 0.089703 0.577430 0.141671 0.725559 480.000000 640.000000
5 0.280406 0.648877 0.258858 0.567699 0.301955 0.730056 480.000000 640.000000
6 0.986920 0.550338 0.973808 0.494961 1.000032 0.605715 480.000000 640.000000
7 0.018128 0.497061 0.000282 0.433427 0.035974 0.560694 480.000000 640.000000
8 0.629323 0.561845 0.599423 0.480034 0.659224 0.643657 480.000000 640.000000
9 0.541665 0.548474 0.526921 0.488862 0.556409 0.608087 480.000000 640.000000
12 0.478208 0.592705 0.462613 0.528439 0.493803 0.656972 480.000000 640.000000
13 0.900532 0.606126 0.876219 0.529838 0.924845 0.682414 480.000000 640.000000
14 0.506151 0.521221 0.484959 0.461320 0.527344 0.581121 480.000000 640.000000
15 0.366455 0.573390 0.340156 0.513035 0.392753 0.633745 480.000000 640.000000
20 0.884466 0.473464 0.865212 0.411302 0.903720 0.535625 480.000000 640.000000
24 0.164645 0.433045 0.144851 0.372744 0.184438 0.493347 480.000000 640.000000
25 0.074831 0.473359 0.058607 0.415283 0.091054 0.531435 480.000000 640.000000
27 0.918751 0.455512 0.902937 0.399991 0.934564 0.511034 480.000000 640.000000
29 0.298813 0.465490 0.276230 0.400420 0.321395 0.530560 480.000000 640.000000
30 0.344393 0.521123 0.327907 0.462218 0.360880 0.580029 480.000000 640.000000
31 0.017827 0.614021 0.000252 0.554516 0.035402 0.673526 480.000000 640.000000
33 0.110920 0.473860 0.079970 0.383297 0.141870 0.564422 480.000000 640.000000
34 0.617451 0.493408 0.595782 0.431751 0.639121 0.555066 480.000000 640.000000
18 0.705529 0.455026 0.683479 0.396737 0.727579 0.513314 480.000000 640.000000
35 0.876563 0.498611 0.848958 0.411458 0.904167 0.585764 480.000000 640.000000
