2 0.734405 0.607661 0.712688 0.539765 0.756123 0.675558 480.000000 640.000000
4 0.246651 0.645370 0.222345 0.575736 0.270957 0.715004 480.000000 640.000000
5 0.418553 0.649476 0.392555 0.572267 0.444551 0.726684 480.000000 640.000000
15 0.529759 0.578066 0.506693 0.516711 0.552826 0.639421 480.000000 640.000000
30 0.477842 0.521487 0.452876 0.457382 0.502808 0.585592 480.000000 640.000000
1 0.782426 0.575621 0.757147 0.506049 0.807705 0.645192 480.000000 640.000000
38 0.686950 0.490304 0.664796 0.432535 0.709105 0.548073 480.000000 640.000000
16 0.990884 0.507219 0.981748 0.442510 1.000020 0.571927 480.000000 640.000000
31 0.200734 0.606221 0.185359 0.543226 0.216109 0.669216 480.000000 640.000000
7 0.144998 0.553454 0.128380 0.492546 0.161616 0.614361 480.000000 640.000000
3 0.670815 0.635861 0.639270 0.571390 0.702360 0.700332 480.000000 640.000000
48 0.817276 0.454901 0.799398 0.399787 0.835154 0.510014 480.000000 640.000000
19 0.324036 0.447856 0.306227 0.380300 0.341844 0.515411 480.000000 640.000000
56 0.055550 0.566573 0.043656 0.510201 0.067445 0.622945 480.000000 640.000000
57 0.617048 0.603406 0.593598 0.544275 0.640497 0.662538 480.000000 640.000000
14 0.644482 0.524758 0.623649 0.465459 0.665315 0.584057 480.000000 640.000000
63 0.036226 0.617724 0.019528 0.550158 0.052925 0.685289 480.000000 640.000000
33 0.234407 0.455297 0.217992 0.376373 0.250823 0.534221 480.000000 640.000000
67 0.018054 0.646572 0.000166 0.570176 0.035942 0.722968 480.000000 640.000000
68 0.549963 0.460202 0.534850 0.401555 0.565075 0.518849 480.000000 640.000000
69 0.432073 0.493378 0.403124 0.430353 0.461021 0.556403 480.000000 640.000000
11 0.616027 0.500759 0.597894 0.436029 0.634160 0.565490 480.000000 640.000000
71 0.174315 0.496064 0.154118 0.429780 0.194513 0.562349 480.000000 640.000000
73 0.521933 0.435736 0.502952 0.376658 0.540915 0.494814 480.000000 640.000000
58 0.457514 0.442586 0.445109 0.403246 0.469919 0.481926 480.000000 640.000000
