2 0.660943 0.610202 0.634795 0.540838 0.687091 0.679566 480.000000 640.000000
4 0.192928 0.649691 0.163645 0.577956 0.222211 0.721426 480.000000 640.000000
5 0.354445 0.647579 0.330079 0.571244 0.378812 0.723914 480.000000 640.000000
13 0.977932 0.602226 0.954641 0.524656 1.001224 0.679797 480.000000 640.000000
14 0.581066 0.526758 0.564850 0.472491 0.597282 0.581024 480.000000 640.000000
15 0.459592 0.574499 0.441346 0.513699 0.477839 0.635299 480.000000 640.000000
29 0.231838 0.490402 0.211479 0.426379 0.252197 0.554425 480.000000 640.000000
30 0.417828 0.521621 0.401881 0.458236 0.433774 0.585005 480.000000 640.000000
33 0.185848 0.460884 0.160895 0.382203 0.210800 0.539564 480.000000 640.000000
1 0.713679 0.559995 0.691327 0.477679 0.736031 0.642312 480.000000 640.000000
38 0.769209 0.480595 0.747035 0.425820 0.791384 0.535370 480.000000 640.000000
16 0.945156 0.506818 0.923712 0.436005 0.966599 0.577632 480.000000 640.000000
31 0.117044 0.608092 0.101086 0.544593 0.133003 0.671591 480.000000 640.000000
7 0.072868 0.551207 0.050973 0.490887 0.094762 0.611527 480.000000 640.000000
3 0.571309 0.634006 0.541345 0.576258 0.601272 0.691754 480.000000 640.000000
9 0.616495 0.552219 0.599683 0.490522 0.633307 0.613917 480.000000 640.000000
48 0.862027 0.456945 0.845981 0.399134 0.878074 0.514756 480.000000 640.000000
40 0.151396 0.465903 0.132892 0.398184 0.169900 0.533622 480.000000 640.000000
21 0.462739 0.434482 0.445402 0.373930 0.480075 0.495033 480.000000 640.000000
19 0.385347 0.455342 0.367450 0.399018 0.403245 0.511665 480.000000 640.000000
55 0.515557 0.486434 0.499251 0.421717 0.531863 0.551150 480.000000 640.000000
56 0.010356 0.582639 0.000041 0.534722 0.020671 0.630556 480.000000 640.000000
57 0.556771 0.592708 0.538542 0.531597 0.575000 0.653819 480.000000 640.000000
58 0.529036 0.454514 0.517448 0.406250 0.540625 0.502778 480.000000 640.000000
