5 0.542178 0.644635 0.521911 0.570380 0.562444 0.718891 480.000000 640.000000
15 0.680409 0.578137 0.653166 0.516942 0.707652 0.639332 480.000000 640.000000
30 0.607431 0.525378 0.590012 0.464094 0.624850 0.586661 480.000000 640.000000
1 0.922794 0.577218 0.906740 0.507395 0.938848 0.647041 480.000000 640.000000
7 0.304374 0.555376 0.288667 0.494629 0.320081 0.616123 480.000000 640.000000
57 0.753898 0.598283 0.735284 0.533675 0.772512 0.662890 480.000000 640.000000
67 0.134344 0.648996 0.112071 0.565291 0.156618 0.732701 480.000000 640.000000
9 0.794855 0.557724 0.771309 0.495779 0.818402 0.619669 480.000000 640.000000
63 0.198696 0.617843 0.170382 0.549911 0.227010 0.685775 480.000000 640.000000
82 0.038981 0.470110 0.025553 0.418694 0.052409 0.521526 480.000000 640.000000
92 0.396548 0.450704 0.382930 0.391287 0.410167 0.510122 480.000000 640.000000
109 0.045706 0.582434 0.023193 0.503878 0.068219 0.660989 480.000000 640.000000
11 0.515997 0.466506 0.489764 0.404642 0.542230 0.528371 480.000000 640.000000
4 0.361879 0.643657 0.339304 0.572324 0.384454 0.714990 480.000000 640.000000
56 0.184923 0.542685 0.172506 0.502092 0.197341 0.583279 480.000000 640.000000
93 0.723757 0.463834 0.708080 0.407164 0.739434 0.520504 480.000000 640.000000
58 0.349912 0.475548 0.333507 0.402242 0.366316 0.548854 480.000000 640.000000
73 0.639055 0.445459 0.622502 0.381566 0.655608 0.509353 480.000000 640.000000
101 0.466287 0.444083 0.443341 0.385626 0.489234 0.502539 480.000000 640.000000
117 0.244785 0.501912 0.212907 0.437669 0.276664 0.566155 480.000000 640.000000
14 0.773472 0.533906 0.757877 0.480259 0.789067 0.587553 480.000000 640.000000
124 0.386452 0.604457 0.370048 0.540785 0.402855 0.668129 480.000000 640.000000
3 0.885924 0.630571 0.857533 0.555830 0.914316 0.705312 480.000000 640.000000
125 0.884810 0.523939 0.861264 0.466022 0.908355 0.581857 480.000000 640.000000
33 0.319044 0.464927 0.298532 0.394776 0.339557 0.535079 480.000000 640.000000
