2 0.803708 0.610902 0.783955 0.545198 0.823462 0.676606 480.000000 640.000000
4 0.302103 0.645078 0.278637 0.572174 0.325569 0.717982 480.000000 640.000000
5 0.469884 0.644230 0.442950 0.573393 0.496818 0.715066 480.000000 640.000000
15 0.599506 0.577891 0.574830 0.516723 0.624182 0.639060 480.000000 640.000000
30 0.537691 0.521996 0.518083 0.458789 0.557300 0.585202 480.000000 640.000000
1 0.839033 0.576507 0.820876 0.506693 0.857190 0.646321 480.000000 640.000000
31 0.276204 0.606957 0.262053 0.545160 0.290355 0.668753 480.000000 640.000000
7 0.209521 0.555680 0.192954 0.495149 0.226089 0.616212 480.000000 640.000000
3 0.767322 0.635348 0.739333 0.570252 0.795310 0.700445 480.000000 640.000000
56 0.116937 0.551428 0.100501 0.499331 0.133373 0.603524 480.000000 640.000000
57 0.676213 0.596164 0.659000 0.529302 0.693426 0.663026 480.000000 640.000000
33 0.286389 0.466769 0.265385 0.392200 0.307394 0.541339 480.000000 640.000000
67 0.063276 0.652826 0.037980 0.565384 0.088572 0.740268 480.000000 640.000000
69 0.346956 0.495867 0.321927 0.431680 0.371985 0.560054 480.000000 640.000000
58 0.393244 0.456567 0.382287 0.397527 0.404200 0.515607 480.000000 640.000000
9 0.724765 0.552188 0.702216 0.485847 0.747314 0.618529 480.000000 640.000000
14 0.695345 0.527502 0.679960 0.469848 0.710730 0.585155 480.000000 640.000000
73 0.573695 0.440048 0.557102 0.377058 0.590288 0.503038 480.000000 640.000000
11 0.607660 0.477515 0.586443 0.418454 0.628877 0.536577 480.000000 640.000000
91 0.010142 0.465151 0.000075 0.411843 0.020208 0.518459 480.000000 640.000000
63 0.109681 0.630808 0.078200 0.575398 0.141162 0.686218 480.000000 640.000000
93 0.775429 0.459661 0.758211 0.402459 0.792647 0.516864 480.000000 640.000000
97 0.687720 0.465440 0.673708 0.432698 0.701733 0.498183 480.000000 640.000000
99 0.252344 0.468056 0.232813 0.400347 0.271875 0.535764 480.000000 640.000000
82 0.114578 0.509570 0.098507 0.426133 0.130649 0.593008 480.000000 640.000000
92 0.484315 0.460945 0.463493 0.400408 0.505137 0.521481 480.000000 640.000000
