2 0.567395 0.618196 0.537950 0.549370 0.596841 0.687022 480.000000 640.000000
3 0.436797 0.607278 0.417534 0.544653 0.456060 0.669903 480.000000 640.000000
4 0.113464 0.651086 0.085809 0.578049 0.141118 0.724123 480.000000 640.000000
5 0.275898 0.649740 0.249828 0.568962 0.301969 0.730518 480.000000 640.000000
6 0.985513 0.548108 0.971031 0.490363 0.999995 0.605853 480.000000 640.000000
7 0.022104 0.497461 0.005210 0.433684 0.038998 0.561238 480.000000 640.000000
8 0.627772 0.546421 0.597643 0.458102 0.657900 0.634740 480.000000 640.000000
9 0.535701 0.547433 0.521634 0.488915 0.549768 0.605951 480.000000 640.000000
12 0.473396 0.593331 0.454028 0.528708 0.492763 0.657954 480.000000 640.000000
13 0.893856 0.608386 0.874851 0.537675 0.912861 0.679097 480.000000 640.000000
14 0.501472 0.522709 0.478492 0.462594 0.524452 0.582824 480.000000 640.000000
15 0.363459 0.572558 0.338025 0.512572 0.388893 0.632544 480.000000 640.000000
16 0.861866 0.511398 0.844386 0.444553 0.879347 0.578242 480.000000 640.000000
20 0.888772 0.473957 0.870166 0.411039 0.907378 0.536874 480.000000 640.000000
21 0.386755 0.430462 0.367066 0.370008 0.406443 0.490915 480.000000 640.000000
24 0.161074 0.433085 0.137313 0.373054 0.184835 0.493116 480.000000 640.000000
25 0.072843 0.470605 0.057643 0.408727 0.088043 0.532484 480.000000 640.000000
27 0.920293 0.456596 0.903208 0.399807 0.937377 0.513385 480.000000 640.000000
29 0.301085 0.465325 0.278669 0.399270 0.323501 0.531379 480.000000 640.000000
30 0.337413 0.522561 0.317184 0.463483 0.357641 0.581640 480.000000 640.000000
31 0.015395 0.611590 0.000401 0.551198 0.030390 0.671983 480.000000 640.000000
33 0.109505 0.476389 0.081510 0.383333 0.137500 0.569444 480.000000 640.000000
