1 0.597917 0.569792 0.580729 0.502083 0.615104 0.637500 480.000000 640.000000
2 0.540495 0.618403 0.521094 0.550000 0.559896 0.686806 480.000000 640.000000
3 0.404427 0.604861 0.385417 0.539583 0.423438 0.670139 480.000000 640.000000
4 0.101823 0.652431 0.074089 0.579167 0.129557 0.725694 480.000000 640.000000
5 0.258398 0.649479 0.236849 0.570486 0.279948 0.728472 480.000000 640.000000
6 0.977083 0.550347 0.955208 0.476389 0.998958 0.624306 480.000000 640.000000
7 0.050529 0.491319 0.021696 0.421181 0.079362 0.561458 480.000000 640.000000
8 0.628646 0.538889 0.614583 0.481597 0.642708 0.596181 480.000000 640.000000
9 0.512240 0.546875 0.494271 0.484375 0.530208 0.609375 480.000000 640.000000
10 0.662500 0.485069 0.638542 0.405556 0.686458 0.564583 480.000000 640.000000
11 0.424219 0.504167 0.407292 0.439583 0.441146 0.568750 480.000000 640.000000
12 0.450781 0.587500 0.436198 0.522917 0.465365 0.652083 480.000000 640.000000
13 0.867708 0.603472 0.840625 0.526389 0.894792 0.680556 480.000000 640.000000
14 0.473698 0.523958 0.457552 0.462153 0.489844 0.585764 480.000000 640.000000
15 0.332292 0.570139 0.311979 0.506597 0.352604 0.633681 480.000000 640.000000
16 0.838542 0.521528 0.820833 0.449653 0.856250 0.593403 480.000000 640.000000
17 0.122884 0.471528 0.098893 0.370139 0.146875 0.572917 480.000000 640.000000
18 0.736979 0.457639 0.721354 0.400000 0.752604 0.515278 480.000000 640.000000
19 0.493490 0.444792 0.478646 0.399653 0.508333 0.489931 480.000000 640.000000
20 0.919792 0.469097 0.888021 0.404861 0.951562 0.533333 480.000000 640.000000
21 0.367188 0.431250 0.350260 0.367361 0.384115 0.495139 480.000000 640.000000
