1 0.140116 0.591438 0.120689 0.535717 0.159544 0.647159 480.000000 640.000000
3 0.611282 0.512380 0.595201 0.452800 0.627362 0.571960 480.000000 640.000000
4 0.147005 0.549150 0.128531 0.482782 0.165479 0.615518 480.000000 640.000000
5 0.319681 0.505720 0.296607 0.446278 0.342756 0.565162 480.000000 640.000000
6 0.863769 0.624453 0.835766 0.558076 0.891772 0.690830 480.000000 640.000000
7 0.422801 0.537774 0.402759 0.472154 0.442842 0.603394 480.000000 640.000000
8 0.091042 0.504319 0.073760 0.445685 0.108324 0.562952 480.000000 640.000000
9 0.052050 0.430323 0.029490 0.366786 0.074610 0.493860 480.000000 640.000000
2 0.759847 0.515658 0.736530 0.458284 0.783165 0.573032 480.000000 640.000000
10 0.142708 0.564931 0.119792 0.482639 0.165625 0.647222 480.000000 640.000000
