1 0.331779 0.631068 0.313927 0.561764 0.349632 0.700371 480.000000 640.000000
13 0.353082 0.490366 0.329940 0.425136 0.376224 0.555597 480.000000 640.000000
4 0.682155 0.577705 0.659525 0.506344 0.704784 0.649066 480.000000 640.000000
48 0.181155 0.522143 0.157749 0.458996 0.204560 0.585289 480.000000 640.000000
9 0.534396 0.460745 0.510909 0.399360 0.557883 0.522130 480.000000 640.000000
10 0.595845 0.525041 0.579409 0.464130 0.612281 0.585953 480.000000 640.000000
54 0.046078 0.450160 0.026170 0.396827 0.065987 0.503493 480.000000 640.000000
25 0.290967 0.542845 0.273697 0.475190 0.308238 0.610500 480.000000 640.000000
16 0.654741 0.443954 0.635223 0.380624 0.674258 0.507283 480.000000 640.000000
40 0.783749 0.436572 0.765499 0.370748 0.801998 0.502397 480.000000 640.000000
8 0.376624 0.578012 0.352979 0.509078 0.400269 0.646946 480.000000 640.000000
51 0.584436 0.469910 0.575522 0.443452 0.593350 0.496368 480.000000 640.000000
