1 0.614788 0.626810 0.593798 0.555714 0.635778 0.697906 480.000000 640.000000
2 0.007292 0.506852 -0.000132 0.453821 0.014716 0.559883 480.000000 640.000000
3 0.446124 0.515585 0.429162 0.452371 0.463086 0.578800 480.000000 640.000000
4 0.462496 0.574727 0.434510 0.507513 0.490483 0.641940 480.000000 640.000000
10 0.873890 0.516808 0.854036 0.451839 0.893744 0.581777 480.000000 640.000000
13 0.654004 0.520930 0.624790 0.420183 0.683219 0.621677 480.000000 640.000000
5 0.030048 0.554451 0.007599 0.488936 0.052498 0.619965 480.000000 640.000000
8 0.146582 0.584909 0.122187 0.514257 0.170978 0.655561 480.000000 640.000000
16 0.943376 0.440771 0.918176 0.379161 0.968575 0.502380 480.000000 640.000000
12 0.856233 0.499290 0.839737 0.438618 0.872728 0.559963 480.000000 640.000000
9 0.270078 0.464874 0.254487 0.399275 0.285669 0.530474 480.000000 640.000000
6 0.246243 0.522370 0.222662 0.444496 0.269824 0.600245 480.000000 640.000000
