1 0.590629 0.628505 0.572863 0.558545 0.608396 0.698465 480.000000 640.000000
3 0.419440 0.517816 0.399557 0.453019 0.439324 0.582612 480.000000 640.000000
4 0.481833 0.572142 0.462222 0.502211 0.501444 0.642073 480.000000 640.000000
13 0.631519 0.499787 0.605145 0.431409 0.657894 0.568166 480.000000 640.000000
5 0.007526 0.564111 -0.000202 0.506425 0.015255 0.621797 480.000000 640.000000
8 0.175035 0.583442 0.151883 0.516462 0.198188 0.650423 480.000000 640.000000
12 0.831217 0.502841 0.820593 0.438820 0.841841 0.566861 480.000000 640.000000
9 0.298082 0.463538 0.273848 0.399687 0.322316 0.527389 480.000000 640.000000
6 0.211510 0.524081 0.189486 0.457721 0.233534 0.590441 480.000000 640.000000
10 0.843997 0.525274 0.819432 0.467990 0.868562 0.582558 480.000000 640.000000
16 0.918364 0.441085 0.899672 0.378624 0.937057 0.503546 480.000000 640.000000
25 0.605104 0.548990 0.590478 0.483444 0.619730 0.614536 480.000000 640.000000
