1 0.641011 0.627434 0.613444 0.557981 0.668577 0.696886 480.000000 640.000000
2 0.023606 0.500005 0.002108 0.436974 0.045103 0.563036 480.000000 640.000000
3 0.473375 0.517648 0.448690 0.455130 0.498059 0.580166 480.000000 640.000000
4 0.438150 0.568792 0.418598 0.500475 0.457702 0.637110 480.000000 640.000000
6 0.266466 0.533728 0.239104 0.468256 0.293828 0.599201 480.000000 640.000000
9 0.245431 0.471453 0.226517 0.407531 0.264345 0.535374 480.000000 640.000000
10 0.894596 0.524400 0.877238 0.467022 0.911954 0.581779 480.000000 640.000000
13 0.675543 0.524661 0.648749 0.419332 0.702337 0.629990 480.000000 640.000000
5 0.062803 0.553505 0.035770 0.489031 0.089836 0.617978 480.000000 640.000000
8 0.132591 0.585246 0.105802 0.516976 0.159380 0.653515 480.000000 640.000000
16 0.975030 0.438041 0.955300 0.375961 0.994759 0.500121 480.000000 640.000000
12 0.877466 0.498426 0.860326 0.439852 0.894607 0.557000 480.000000 640.000000
