1 0.432217 0.634213 0.403774 0.565256 0.460660 0.703170 480.000000 640.000000
13 0.460642 0.494911 0.440016 0.430651 0.481267 0.559170 480.000000 640.000000
8 0.294837 0.572914 0.272550 0.503146 0.317123 0.642683 480.000000 640.000000
10 0.692661 0.528520 0.667351 0.470894 0.717971 0.586145 480.000000 640.000000
16 0.756267 0.448736 0.733332 0.386290 0.779203 0.511182 480.000000 640.000000
33 0.008716 0.542863 -0.000570 0.481512 0.018003 0.604215 480.000000 640.000000
6 0.052569 0.522314 0.033516 0.469389 0.071622 0.575238 480.000000 640.000000
12 0.676934 0.505445 0.664385 0.447966 0.689483 0.562923 480.000000 640.000000
4 0.606559 0.579509 0.582884 0.507831 0.630233 0.651187 480.000000 640.000000
9 0.438678 0.452298 0.422729 0.391731 0.454626 0.512865 480.000000 640.000000
25 0.406584 0.542337 0.380540 0.477524 0.432627 0.607150 480.000000 640.000000
40 0.887866 0.443486 0.869982 0.383637 0.905750 0.503334 480.000000 640.000000
48 0.266275 0.522620 0.244671 0.460457 0.287879 0.584783 480.000000 640.000000
3 0.287548 0.579845 0.262981 0.508543 0.312115 0.651147 480.000000 640.000000
