1 0.528056 0.602047 0.501601 0.502667 0.554511 0.701427 480.000000 640.000000
3 0.362109 0.519159 0.340767 0.453724 0.383451 0.584594 480.000000 640.000000
13 0.568426 0.497066 0.549479 0.429774 0.587372 0.564357 480.000000 640.000000
8 0.214658 0.580397 0.193150 0.509430 0.236166 0.651365 480.000000 640.000000
9 0.345210 0.450875 0.330151 0.392142 0.360270 0.509609 480.000000 640.000000
10 0.792837 0.521043 0.777793 0.457217 0.807882 0.584869 480.000000 640.000000
16 0.856947 0.445897 0.832080 0.382321 0.881813 0.509472 480.000000 640.000000
33 0.128953 0.540055 0.102491 0.477915 0.155415 0.602195 480.000000 640.000000
37 0.978807 0.469468 0.964761 0.433792 0.992853 0.505144 480.000000 640.000000
6 0.162645 0.525407 0.140942 0.452179 0.184348 0.598634 480.000000 640.000000
39 0.538327 0.515068 0.523317 0.480111 0.553337 0.550026 480.000000 640.000000
12 0.776403 0.501162 0.758198 0.441559 0.794609 0.560766 480.000000 640.000000
