1 0.519710 0.628773 0.489638 0.555770 0.549782 0.701776 480.000000 640.000000
3 0.354224 0.506992 0.327599 0.430754 0.380848 0.583230 480.000000 640.000000
13 0.557614 0.490745 0.536358 0.417624 0.578869 0.563866 480.000000 640.000000
8 0.220971 0.580861 0.196614 0.510147 0.245328 0.651576 480.000000 640.000000
10 0.773996 0.526140 0.751102 0.468384 0.796889 0.583896 480.000000 640.000000
16 0.846146 0.446247 0.820903 0.384594 0.871389 0.507901 480.000000 640.000000
33 0.118252 0.543498 0.090229 0.482787 0.146275 0.604209 480.000000 640.000000
6 0.142487 0.512164 0.128591 0.450613 0.156382 0.573714 480.000000 640.000000
12 0.759227 0.502131 0.742100 0.443038 0.776354 0.561225 480.000000 640.000000
40 0.980606 0.444484 0.961320 0.384240 0.999892 0.504728 480.000000 640.000000
42 0.356771 0.488542 0.327604 0.394097 0.385937 0.582986 480.000000 640.000000
25 0.511719 0.548739 0.489406 0.484539 0.534032 0.612940 480.000000 640.000000
4 0.546434 0.572500 0.526065 0.497200 0.566803 0.647800 480.000000 640.000000
