1 0.559110 0.630775 0.530480 0.562143 0.587739 0.699407 480.000000 640.000000
3 0.390988 0.520450 0.364166 0.456262 0.417810 0.584638 480.000000 640.000000
4 0.506815 0.573081 0.481914 0.504310 0.531716 0.641852 480.000000 640.000000
13 0.593043 0.489902 0.572465 0.415448 0.613620 0.564356 480.000000 640.000000
8 0.197044 0.581894 0.168328 0.512287 0.225760 0.651501 480.000000 640.000000
9 0.329550 0.459294 0.305164 0.396018 0.353936 0.522570 480.000000 640.000000
10 0.810438 0.527110 0.787030 0.469986 0.833846 0.584234 480.000000 640.000000
16 0.886994 0.444192 0.864603 0.381298 0.909386 0.507086 480.000000 640.000000
12 0.796738 0.498599 0.780635 0.441085 0.812842 0.556114 480.000000 640.000000
25 0.567323 0.545925 0.542839 0.483471 0.591806 0.608378 480.000000 640.000000
33 0.160196 0.541510 0.143138 0.481722 0.177253 0.601298 480.000000 640.000000
34 0.561458 0.603819 0.532813 0.505556 0.590104 0.702083 480.000000 640.000000
