1 0.681594 0.626030 0.658255 0.556681 0.704932 0.695378 480.000000 640.000000
2 0.059166 0.498727 0.034334 0.438563 0.083999 0.558891 480.000000 640.000000
3 0.510801 0.515663 0.487229 0.450836 0.534373 0.580490 480.000000 640.000000
4 0.408859 0.570109 0.386108 0.500661 0.431610 0.639557 480.000000 640.000000
5 0.106203 0.574992 0.075229 0.493467 0.137177 0.656517 480.000000 640.000000
6 0.314949 0.540802 0.287762 0.483446 0.342136 0.598158 480.000000 640.000000
7 0.720280 0.520203 0.698514 0.409662 0.742045 0.630743 480.000000 640.000000
9 0.215671 0.470621 0.190450 0.407004 0.240892 0.534238 480.000000 640.000000
10 0.933537 0.519320 0.914622 0.456656 0.952452 0.581984 480.000000 640.000000
11 0.306209 0.518455 0.291742 0.462605 0.320676 0.574305 480.000000 640.000000
12 0.917083 0.494916 0.901608 0.437913 0.932559 0.551920 480.000000 640.000000
13 0.720480 0.483719 0.699146 0.411046 0.741814 0.556391 480.000000 640.000000
