1 0.409424 0.632905 0.391697 0.563077 0.427152 0.702732 480.000000 640.000000
13 0.442058 0.494707 0.417453 0.428359 0.466664 0.561056 480.000000 640.000000
8 0.316918 0.577350 0.296523 0.508750 0.337313 0.645949 480.000000 640.000000
10 0.672051 0.527364 0.656443 0.469917 0.687660 0.584811 480.000000 640.000000
16 0.731765 0.447377 0.711090 0.383983 0.752440 0.510772 480.000000 640.000000
6 0.035313 0.515931 0.011166 0.456302 0.059461 0.575560 480.000000 640.000000
4 0.620908 0.579994 0.592550 0.511458 0.649267 0.648529 480.000000 640.000000
25 0.386314 0.537743 0.369766 0.471916 0.402862 0.603570 480.000000 640.000000
40 0.867548 0.445708 0.845578 0.385596 0.889517 0.505819 480.000000 640.000000
48 0.249921 0.516894 0.231948 0.448926 0.267893 0.584862 480.000000 640.000000
12 0.658793 0.501973 0.646190 0.446024 0.671396 0.557921 480.000000 640.000000
9 0.461933 0.454307 0.445991 0.390658 0.477876 0.517955 480.000000 640.000000
