1 0.599518 0.630397 0.573693 0.561895 0.625343 0.698899 480.000000 640.000000
3 0.429207 0.517446 0.404933 0.453763 0.453480 0.581128 480.000000 640.000000
4 0.472865 0.572534 0.451637 0.503597 0.494094 0.641470 480.000000 640.000000
13 0.639384 0.497697 0.618437 0.427758 0.660331 0.567637 480.000000 640.000000
5 0.014753 0.556975 -0.001389 0.493224 0.030895 0.620726 480.000000 640.000000
8 0.164213 0.584796 0.137570 0.516498 0.190857 0.653095 480.000000 640.000000
12 0.836912 0.500464 0.821069 0.440967 0.852754 0.559962 480.000000 640.000000
9 0.292790 0.464710 0.266696 0.401218 0.318883 0.528201 480.000000 640.000000
6 0.217168 0.541411 0.187335 0.481773 0.247001 0.601049 480.000000 640.000000
25 0.622050 0.551273 0.600780 0.488756 0.643320 0.613790 480.000000 640.000000
10 0.850773 0.524854 0.829909 0.466896 0.871637 0.582812 480.000000 640.000000
