1 0.223932 0.632198 0.196753 0.562869 0.251112 0.701528 480.000000 640.000000
13 0.249446 0.493478 0.225557 0.427435 0.273334 0.559521 480.000000 640.000000
4 0.770648 0.573311 0.743022 0.505151 0.798275 0.641470 480.000000 640.000000
48 0.075163 0.521490 0.054235 0.455482 0.096092 0.587499 480.000000 640.000000
10 0.487731 0.520586 0.471461 0.454160 0.504000 0.587012 480.000000 640.000000
54 0.138103 0.441297 0.117675 0.388607 0.158531 0.493987 480.000000 640.000000
25 0.149866 0.552153 0.117324 0.487479 0.182408 0.616826 480.000000 640.000000
8 0.465301 0.573274 0.442854 0.504956 0.487747 0.641592 480.000000 640.000000
9 0.641258 0.456045 0.619861 0.390413 0.662655 0.521678 480.000000 640.000000
16 0.546194 0.439195 0.519798 0.379214 0.572590 0.499175 480.000000 640.000000
63 0.667463 0.422680 0.653868 0.378286 0.681059 0.467074 480.000000 640.000000
40 0.667117 0.436443 0.649243 0.378469 0.684991 0.494418 480.000000 640.000000
