1 0.429285 0.633455 0.402931 0.563775 0.455638 0.703135 480.000000 640.000000
13 0.456799 0.494616 0.433346 0.429754 0.480253 0.559479 480.000000 640.000000
8 0.300942 0.571310 0.281760 0.505155 0.320123 0.637465 480.000000 640.000000
10 0.691020 0.528762 0.666344 0.470449 0.715695 0.587076 480.000000 640.000000
16 0.754321 0.449365 0.732822 0.387340 0.775819 0.511390 480.000000 640.000000
33 0.008748 0.543582 -0.000383 0.482611 0.017880 0.604552 480.000000 640.000000
6 0.049078 0.521425 0.026501 0.468088 0.071655 0.574762 480.000000 640.000000
12 0.675520 0.504876 0.663390 0.446881 0.687651 0.562871 480.000000 640.000000
4 0.610209 0.579096 0.584637 0.508161 0.635781 0.650030 480.000000 640.000000
9 0.440426 0.453195 0.423000 0.392132 0.457851 0.514257 480.000000 640.000000
25 0.404158 0.541197 0.381768 0.476976 0.426549 0.605418 480.000000 640.000000
40 0.886840 0.442997 0.869702 0.382760 0.903979 0.503234 480.000000 640.000000
48 0.264253 0.524694 0.243341 0.464689 0.285165 0.584698 480.000000 640.000000
3 0.290038 0.579327 0.266350 0.508117 0.313727 0.650536 480.000000 640.000000
