1 0.341661 0.631739 0.319683 0.563054 0.363640 0.700424 480.000000 640.000000
13 0.365126 0.489018 0.338686 0.419959 0.391566 0.558078 480.000000 640.000000
4 0.676474 0.576741 0.653925 0.506800 0.699023 0.646681 480.000000 640.000000
48 0.187347 0.524870 0.160940 0.462964 0.213755 0.586776 480.000000 640.000000
9 0.529238 0.459448 0.503282 0.397420 0.555195 0.521477 480.000000 640.000000
12 0.591965 0.505934 0.582642 0.447149 0.601288 0.564719 480.000000 640.000000
10 0.603909 0.526134 0.587915 0.467014 0.619903 0.585254 480.000000 640.000000
54 0.042398 0.452137 0.019871 0.399918 0.064925 0.504356 480.000000 640.000000
25 0.302179 0.547049 0.276140 0.482771 0.328218 0.611327 480.000000 640.000000
16 0.663114 0.446641 0.643729 0.386748 0.682500 0.506535 480.000000 640.000000
