1 0.562747 0.630700 0.534586 0.562898 0.590908 0.698502 480.000000 640.000000
3 0.396901 0.516633 0.372628 0.450762 0.421173 0.582504 480.000000 640.000000
4 0.502022 0.573668 0.474417 0.504931 0.529626 0.642404 480.000000 640.000000
13 0.603928 0.494429 0.582417 0.423332 0.625439 0.565526 480.000000 640.000000
8 0.183559 0.594403 0.151367 0.536765 0.215750 0.652041 480.000000 640.000000
9 0.317962 0.458753 0.301507 0.394969 0.334417 0.522537 480.000000 640.000000
10 0.824929 0.525330 0.810478 0.467728 0.839379 0.582932 480.000000 640.000000
16 0.895886 0.443159 0.868233 0.382205 0.923538 0.504113 480.000000 640.000000
12 0.804600 0.500627 0.785866 0.443576 0.823334 0.557678 480.000000 640.000000
31 0.184101 0.563232 0.148531 0.475997 0.219671 0.650467 480.000000 640.000000
25 0.577168 0.550109 0.546061 0.485630 0.608275 0.614588 480.000000 640.000000
