1 0.541848 0.595792 0.523533 0.491140 0.560163 0.700443 480.000000 640.000000
3 0.374476 0.518250 0.356801 0.452798 0.392151 0.583701 480.000000 640.000000
4 0.517330 0.571924 0.498277 0.502958 0.536384 0.640889 480.000000 640.000000
13 0.579086 0.497739 0.553621 0.430325 0.604551 0.565153 480.000000 640.000000
8 0.209340 0.578356 0.190737 0.510984 0.227942 0.645728 480.000000 640.000000
9 0.338099 0.457028 0.321490 0.394031 0.354708 0.520025 480.000000 640.000000
10 0.795810 0.511357 0.773178 0.438264 0.818442 0.584450 480.000000 640.000000
16 0.865985 0.445150 0.843703 0.381494 0.888268 0.508806 480.000000 640.000000
33 0.141975 0.540649 0.125292 0.475901 0.158658 0.605397 480.000000 640.000000
37 0.989656 0.463796 0.979579 0.433025 0.999732 0.494566 480.000000 640.000000
38 0.863717 0.475932 0.845176 0.442322 0.882259 0.509542 480.000000 640.000000
6 0.169506 0.515962 0.150053 0.453414 0.188959 0.578511 480.000000 640.000000
