1 0.544239 0.613184 0.526579 0.528020 0.561898 0.698347 480.000000 640.000000
3 0.377787 0.518562 0.358127 0.452946 0.397447 0.584177 480.000000 640.000000
4 0.515906 0.571459 0.496841 0.502754 0.534971 0.640163 480.000000 640.000000
13 0.581508 0.496424 0.555542 0.427761 0.607474 0.565088 480.000000 640.000000
8 0.210054 0.575356 0.188502 0.511386 0.231607 0.639325 480.000000 640.000000
9 0.336696 0.458121 0.316758 0.394847 0.356635 0.521394 480.000000 640.000000
10 0.799570 0.512216 0.775023 0.439360 0.824118 0.585072 480.000000 640.000000
16 0.870755 0.443776 0.849779 0.380047 0.891731 0.507506 480.000000 640.000000
33 0.146245 0.540066 0.132934 0.475707 0.159555 0.604425 480.000000 640.000000
36 0.170418 0.514099 0.152891 0.452019 0.187946 0.576180 480.000000 640.000000
37 0.991633 0.464488 0.983404 0.434141 0.999862 0.494834 480.000000 640.000000
38 0.867188 0.476736 0.853646 0.444792 0.880729 0.508681 480.000000 640.000000
