1 0.548149 0.595638 0.529901 0.490929 0.566396 0.700347 480.000000 640.000000
3 0.381839 0.519941 0.360660 0.455110 0.403018 0.584773 480.000000 640.000000
4 0.513964 0.571415 0.495075 0.502797 0.532853 0.640033 480.000000 640.000000
13 0.583652 0.491297 0.557325 0.418265 0.609979 0.564329 480.000000 640.000000
8 0.208505 0.580416 0.185697 0.511340 0.231314 0.649491 480.000000 640.000000
9 0.334978 0.459189 0.312858 0.395799 0.357098 0.522579 480.000000 640.000000
10 0.803415 0.512730 0.778359 0.440598 0.828471 0.584862 480.000000 640.000000
16 0.873742 0.443708 0.853464 0.379210 0.894020 0.508206 480.000000 640.000000
33 0.149628 0.539167 0.136976 0.474690 0.162279 0.603643 480.000000 640.000000
36 0.170674 0.513611 0.153975 0.451941 0.187374 0.575280 480.000000 640.000000
37 0.994271 0.465278 0.988542 0.435764 1.000000 0.494792 480.000000 640.000000
