1 0.644166 0.626810 0.614532 0.558370 0.673800 0.695250 480.000000 640.000000
2 0.027765 0.500431 0.003795 0.438644 0.051735 0.562218 480.000000 640.000000
3 0.474658 0.517175 0.448533 0.452847 0.500783 0.581504 480.000000 640.000000
4 0.434043 0.569162 0.414718 0.500614 0.453367 0.637710 480.000000 640.000000
6 0.273678 0.528718 0.248413 0.459053 0.298944 0.598383 480.000000 640.000000
9 0.242953 0.469030 0.225507 0.403113 0.260398 0.534947 480.000000 640.000000
10 0.902650 0.521228 0.888486 0.465273 0.916814 0.577184 480.000000 640.000000
13 0.680476 0.525142 0.652607 0.416525 0.708344 0.633759 480.000000 640.000000
5 0.066765 0.553203 0.038387 0.489113 0.095143 0.617294 480.000000 640.000000
8 0.124813 0.585739 0.097955 0.517321 0.151670 0.654157 480.000000 640.000000
16 0.977237 0.437881 0.954692 0.376949 0.999782 0.498812 480.000000 640.000000
12 0.883207 0.502965 0.862749 0.437337 0.903665 0.568593 480.000000 640.000000
