1 0.491391 0.587537 0.468765 0.472065 0.514018 0.703009 480.000000 640.000000
3 0.330254 0.517825 0.313146 0.452671 0.347361 0.582979 480.000000 640.000000
13 0.526150 0.487896 0.506481 0.418036 0.545818 0.557757 480.000000 640.000000
8 0.246731 0.576427 0.226028 0.510406 0.267434 0.642449 480.000000 640.000000
10 0.756183 0.524157 0.740432 0.464154 0.771934 0.584159 480.000000 640.000000
16 0.820321 0.446946 0.797862 0.382836 0.842780 0.511055 480.000000 640.000000
33 0.082740 0.542740 0.055868 0.481074 0.109612 0.604406 480.000000 640.000000
6 0.124708 0.514863 0.099981 0.452781 0.149434 0.576945 480.000000 640.000000
12 0.738940 0.500781 0.722357 0.441385 0.755524 0.560177 480.000000 640.000000
40 0.953733 0.444249 0.928706 0.379391 0.978760 0.509108 480.000000 640.000000
4 0.557244 0.576646 0.539575 0.505959 0.574914 0.647333 480.000000 640.000000
9 0.381899 0.453875 0.365440 0.391381 0.398358 0.516369 480.000000 640.000000
25 0.485897 0.541911 0.465942 0.474781 0.505852 0.609041 480.000000 640.000000
