1 0.227760 0.632690 0.200631 0.563905 0.254890 0.701476 480.000000 640.000000
13 0.260138 0.491821 0.235682 0.425698 0.284594 0.557944 480.000000 640.000000
4 0.761174 0.572815 0.738264 0.503250 0.784084 0.642380 480.000000 640.000000
48 0.081412 0.519953 0.063615 0.453332 0.099210 0.586574 480.000000 640.000000
10 0.497313 0.518128 0.471913 0.448037 0.522713 0.588219 480.000000 640.000000
54 0.133106 0.440602 0.115245 0.387193 0.150967 0.494010 480.000000 640.000000
25 0.157883 0.549911 0.132274 0.483033 0.183493 0.616789 480.000000 640.000000
8 0.453996 0.570741 0.432845 0.505676 0.475147 0.635806 480.000000 640.000000
9 0.626927 0.458819 0.611024 0.397090 0.642831 0.520548 480.000000 640.000000
16 0.549742 0.441394 0.524419 0.380937 0.575065 0.501852 480.000000 640.000000
40 0.673342 0.446173 0.645389 0.389503 0.701296 0.502842 480.000000 640.000000
46 0.270347 0.486869 0.252502 0.425329 0.288192 0.548409 480.000000 640.000000
63 0.673958 0.426389 0.657813 0.382292 0.690104 0.470486 480.000000 640.000000
