1 0.394774 0.635077 0.366256 0.566423 0.423293 0.703732 480.000000 640.000000
13 0.435067 0.490845 0.409809 0.423626 0.460326 0.558065 480.000000 640.000000
8 0.322041 0.577362 0.298414 0.506738 0.345668 0.647985 480.000000 640.000000
10 0.660327 0.527409 0.637762 0.470023 0.682891 0.584795 480.000000 640.000000
16 0.718530 0.449886 0.690398 0.386758 0.746662 0.513013 480.000000 640.000000
6 0.014653 0.513287 0.000519 0.451379 0.028787 0.575195 480.000000 640.000000
4 0.631954 0.578900 0.611622 0.510811 0.652285 0.646989 480.000000 640.000000
25 0.366135 0.537868 0.338686 0.474351 0.393585 0.601384 480.000000 640.000000
48 0.237672 0.521186 0.216453 0.455697 0.258890 0.586675 480.000000 640.000000
9 0.477946 0.455491 0.458918 0.392540 0.496974 0.518441 480.000000 640.000000
51 0.645833 0.478819 0.636979 0.449306 0.654687 0.508333 480.000000 640.000000
40 0.852070 0.450501 0.823870 0.393250 0.880269 0.507751 480.000000 640.000000
