1 0.266676 0.632092 0.237255 0.563296 0.296097 0.700888 480.000000 640.000000
13 0.298626 0.491454 0.274200 0.423595 0.323053 0.559314 480.000000 640.000000
4 0.732674 0.576063 0.706515 0.505917 0.758833 0.646210 480.000000 640.000000
48 0.117103 0.529898 0.098079 0.472194 0.136127 0.587602 480.000000 640.000000
10 0.537757 0.526654 0.518398 0.468269 0.557117 0.585040 480.000000 640.000000
54 0.102036 0.444291 0.084788 0.388746 0.119284 0.499837 480.000000 640.000000
25 0.207658 0.548143 0.177337 0.482924 0.237979 0.613363 480.000000 640.000000
8 0.426337 0.573349 0.405195 0.503276 0.447480 0.643423 480.000000 640.000000
9 0.602901 0.456293 0.587212 0.391065 0.618590 0.521522 480.000000 640.000000
46 0.310742 0.486208 0.293244 0.423587 0.328239 0.548828 480.000000 640.000000
12 0.516709 0.507309 0.504361 0.449768 0.529058 0.564850 480.000000 640.000000
16 0.580543 0.449287 0.560828 0.382303 0.600258 0.516271 480.000000 640.000000
