1 0.625235 0.624515 0.609388 0.554042 0.641081 0.694987 480.000000 640.000000
2 0.009375 0.498837 -0.000385 0.435848 0.019136 0.561827 480.000000 640.000000
3 0.453371 0.492487 0.436551 0.450534 0.470190 0.534439 480.000000 640.000000
4 0.456374 0.577097 0.429462 0.511947 0.483286 0.642247 480.000000 640.000000
10 0.881145 0.524660 0.855281 0.465857 0.907009 0.583463 480.000000 640.000000
13 0.666251 0.521430 0.636007 0.420354 0.696496 0.622507 480.000000 640.000000
5 0.040495 0.553562 0.023697 0.487564 0.057293 0.619559 480.000000 640.000000
8 0.140547 0.584679 0.119830 0.514958 0.161265 0.654401 480.000000 640.000000
16 0.951345 0.439095 0.928909 0.374416 0.973782 0.503775 480.000000 640.000000
12 0.867372 0.500045 0.855639 0.435342 0.879105 0.564749 480.000000 640.000000
9 0.261839 0.477292 0.243025 0.400698 0.280654 0.553886 480.000000 640.000000
23 0.456250 0.547917 0.429167 0.452778 0.483333 0.643056 480.000000 640.000000
6 0.251783 0.505972 0.227792 0.416972 0.275775 0.594973 480.000000 640.000000
