1 0.686051 0.625347 0.657789 0.555906 0.714313 0.694789 480.000000 640.000000
2 0.061732 0.498715 0.036210 0.438995 0.087253 0.558435 480.000000 640.000000
3 0.514346 0.515192 0.487811 0.451214 0.540881 0.579170 480.000000 640.000000
4 0.405562 0.570583 0.384469 0.500840 0.426656 0.640326 480.000000 640.000000
5 0.116503 0.562016 0.092237 0.487813 0.140768 0.636219 480.000000 640.000000
6 0.321806 0.535955 0.301037 0.472252 0.342574 0.599658 480.000000 640.000000
7 0.727785 0.544359 0.702303 0.457541 0.753266 0.631177 480.000000 640.000000
8 0.088391 0.589683 0.067578 0.519757 0.109205 0.659609 480.000000 640.000000
9 0.212319 0.468925 0.187774 0.403165 0.236865 0.534685 480.000000 640.000000
10 0.941594 0.517453 0.926107 0.453010 0.957081 0.581897 480.000000 640.000000
11 0.312489 0.522899 0.299434 0.470700 0.325544 0.575098 480.000000 640.000000
12 0.919965 0.495947 0.901736 0.438422 0.938194 0.553472 480.000000 640.000000
13 0.723438 0.482639 0.702604 0.414583 0.744271 0.550694 480.000000 640.000000
