1 0.351470 0.603983 0.321799 0.507708 0.381141 0.700258 480.000000 640.000000
13 0.381795 0.492605 0.362116 0.425455 0.401474 0.559755 480.000000 640.000000
16 0.673473 0.446523 0.647767 0.385150 0.699179 0.507896 480.000000 640.000000
4 0.665225 0.577073 0.643913 0.507817 0.686538 0.646328 480.000000 640.000000
48 0.194645 0.532561 0.172996 0.478044 0.216293 0.587078 480.000000 640.000000
9 0.521223 0.457873 0.500228 0.394454 0.542218 0.521292 480.000000 640.000000
12 0.597004 0.506604 0.583221 0.449490 0.610788 0.563718 480.000000 640.000000
10 0.616179 0.527613 0.593023 0.468652 0.639336 0.586575 480.000000 640.000000
54 0.033994 0.450064 0.015275 0.397719 0.052714 0.502408 480.000000 640.000000
25 0.311146 0.544231 0.281632 0.477729 0.340659 0.610734 480.000000 640.000000
46 0.390209 0.489096 0.365458 0.423802 0.414960 0.554390 480.000000 640.000000
