1 0.373899 0.631105 0.352184 0.562423 0.395614 0.699786 480.000000 640.000000
13 0.404276 0.496146 0.374453 0.433634 0.434098 0.558657 480.000000 640.000000
8 0.339242 0.563756 0.315344 0.479105 0.363139 0.648406 480.000000 640.000000
16 0.703073 0.444896 0.685681 0.381311 0.720465 0.508482 480.000000 640.000000
6 0.013004 0.487584 -0.000508 0.398505 0.026516 0.576663 480.000000 640.000000
4 0.647713 0.555118 0.621701 0.462096 0.673725 0.648140 480.000000 640.000000
48 0.224129 0.523397 0.198957 0.460148 0.249300 0.586645 480.000000 640.000000
9 0.492491 0.456671 0.467196 0.394520 0.517787 0.518822 480.000000 640.000000
40 0.832453 0.446473 0.814754 0.386371 0.850151 0.506575 480.000000 640.000000
51 0.629302 0.477622 0.620058 0.446131 0.638546 0.509113 480.000000 640.000000
