1 0.309465 0.631952 0.280234 0.564090 0.338696 0.699815 480.000000 640.000000
13 0.346249 0.490284 0.319281 0.421885 0.373216 0.558683 480.000000 640.000000
4 0.697586 0.578730 0.669583 0.510446 0.725588 0.647014 480.000000 640.000000
48 0.156484 0.521508 0.136892 0.455543 0.176077 0.587472 480.000000 640.000000
9 0.552755 0.458504 0.538017 0.394830 0.567494 0.522179 480.000000 640.000000
10 0.576362 0.519865 0.550758 0.453072 0.601965 0.586659 480.000000 640.000000
54 0.067730 0.449285 0.050032 0.397569 0.085427 0.501000 480.000000 640.000000
25 0.259709 0.545335 0.228630 0.479812 0.290787 0.610857 480.000000 640.000000
16 0.632214 0.444218 0.605074 0.381342 0.659355 0.507093 480.000000 640.000000
40 0.760781 0.441425 0.734605 0.379041 0.786956 0.503809 480.000000 640.000000
8 0.391992 0.575244 0.369376 0.505506 0.414608 0.644983 480.000000 640.000000
12 0.556075 0.504277 0.541305 0.446983 0.570844 0.561572 480.000000 640.000000
