1 0.678890 0.625590 0.658300 0.556429 0.699480 0.694750 480.000000 640.000000
2 0.056620 0.498116 0.032937 0.437480 0.080303 0.558752 480.000000 640.000000
3 0.508158 0.515184 0.486530 0.449971 0.529786 0.580398 480.000000 640.000000
4 0.412144 0.569834 0.387823 0.500915 0.436465 0.638752 480.000000 640.000000
6 0.312442 0.537008 0.283224 0.475880 0.341660 0.598135 480.000000 640.000000
7 0.718101 0.518993 0.694516 0.407228 0.741685 0.630759 480.000000 640.000000
9 0.216489 0.470673 0.191325 0.407313 0.241652 0.534034 480.000000 640.000000
10 0.928920 0.523565 0.907295 0.465150 0.950545 0.581980 480.000000 640.000000
11 0.304127 0.506564 0.289077 0.454706 0.319178 0.558421 480.000000 640.000000
12 0.915242 0.493654 0.901024 0.435635 0.929460 0.551672 480.000000 640.000000
13 0.719342 0.481866 0.696775 0.410528 0.741908 0.553203 480.000000 640.000000
14 0.102799 0.516667 0.086328 0.487500 0.119271 0.545833 480.000000 640.000000
15 0.715104 0.563542 0.696875 0.495486 0.733333 0.631597 480.000000 640.000000
8 0.102946 0.584252 0.077126 0.510966 0.128766 0.657537 480.000000 640.000000
