1 0.448069 0.634713 0.427852 0.566154 0.468286 0.703273 480.000000 640.000000
13 0.482590 0.494467 0.460217 0.427512 0.504962 0.561421 480.000000 640.000000
8 0.281122 0.572297 0.257661 0.498642 0.304584 0.645952 480.000000 640.000000
10 0.712659 0.526670 0.698478 0.468592 0.726841 0.584748 480.000000 640.000000
16 0.772033 0.447213 0.748688 0.384393 0.795378 0.510033 480.000000 640.000000
33 0.030662 0.544150 0.000169 0.484411 0.061154 0.603889 480.000000 640.000000
6 0.078540 0.514877 0.055830 0.454235 0.101250 0.575519 480.000000 640.000000
12 0.692442 0.505546 0.677158 0.444982 0.707725 0.566109 480.000000 640.000000
4 0.589416 0.576997 0.567955 0.506445 0.610877 0.647549 480.000000 640.000000
9 0.422066 0.437313 0.407216 0.388289 0.436916 0.486337 480.000000 640.000000
25 0.431193 0.540332 0.409453 0.472315 0.452932 0.608350 480.000000 640.000000
