1 0.559492 0.631513 0.530697 0.563677 0.588286 0.699350 480.000000 640.000000
3 0.392189 0.519859 0.364658 0.455772 0.419721 0.583947 480.000000 640.000000
4 0.505339 0.573271 0.478785 0.504477 0.531893 0.642064 480.000000 640.000000
13 0.595226 0.489940 0.575887 0.415465 0.614564 0.564416 480.000000 640.000000
8 0.192033 0.582253 0.164105 0.512909 0.219960 0.651597 480.000000 640.000000
9 0.328132 0.458708 0.304471 0.394712 0.351794 0.522704 480.000000 640.000000
10 0.812575 0.526793 0.790647 0.469194 0.834502 0.584391 480.000000 640.000000
16 0.892151 0.444752 0.865976 0.382544 0.918325 0.506960 480.000000 640.000000
12 0.798075 0.498614 0.780583 0.441158 0.815567 0.556070 480.000000 640.000000
25 0.567338 0.550998 0.536708 0.484098 0.597968 0.617898 480.000000 640.000000
33 0.163281 0.544792 0.143620 0.487500 0.182943 0.602083 480.000000 640.000000
