1 0.475512 0.587995 0.443305 0.473571 0.507719 0.702419 480.000000 640.000000
3 0.320302 0.518200 0.301007 0.452387 0.339598 0.584012 480.000000 640.000000
13 0.522211 0.489097 0.500208 0.421374 0.544214 0.556821 480.000000 640.000000
8 0.251457 0.579038 0.228216 0.508802 0.274699 0.649274 480.000000 640.000000
10 0.744260 0.527029 0.726356 0.469330 0.762165 0.584727 480.000000 640.000000
16 0.810346 0.447059 0.784716 0.385430 0.835976 0.508689 480.000000 640.000000
33 0.075741 0.543235 0.048159 0.481746 0.103324 0.604724 480.000000 640.000000
6 0.111018 0.515684 0.093286 0.455377 0.128751 0.575990 480.000000 640.000000
12 0.723837 0.502818 0.706056 0.444354 0.741618 0.561282 480.000000 640.000000
40 0.947598 0.442715 0.921884 0.379490 0.973311 0.505939 480.000000 640.000000
4 0.562617 0.576841 0.540901 0.506604 0.584333 0.647078 480.000000 640.000000
9 0.391424 0.453213 0.375872 0.390416 0.406976 0.516010 480.000000 640.000000
25 0.470678 0.544370 0.443687 0.475648 0.497669 0.613092 480.000000 640.000000
