1 0.318541 0.631328 0.296625 0.562335 0.340456 0.700321 480.000000 640.000000
13 0.344246 0.490192 0.328629 0.425643 0.359864 0.554740 480.000000 640.000000
4 0.694063 0.577764 0.665933 0.508326 0.722193 0.647202 480.000000 640.000000
48 0.165302 0.520019 0.147658 0.454348 0.182947 0.585690 480.000000 640.000000
9 0.543867 0.457817 0.529591 0.394432 0.558143 0.521201 480.000000 640.000000
10 0.583122 0.523200 0.558829 0.460115 0.607415 0.586286 480.000000 640.000000
54 0.053719 0.447692 0.040062 0.394513 0.067377 0.500871 480.000000 640.000000
25 0.274190 0.543721 0.255010 0.475891 0.293370 0.611552 480.000000 640.000000
16 0.640751 0.444191 0.617396 0.382376 0.664106 0.506007 480.000000 640.000000
40 0.767278 0.435942 0.743985 0.374533 0.790572 0.497351 480.000000 640.000000
8 0.386905 0.575123 0.366016 0.507338 0.407793 0.642908 480.000000 640.000000
12 0.569754 0.505043 0.554207 0.448043 0.585301 0.562042 480.000000 640.000000
46 0.361580 0.484700 0.346395 0.421410 0.376765 0.547990 480.000000 640.000000
