1 0.597604 0.630211 0.573604 0.561354 0.621604 0.699068 480.000000 640.000000
3 0.428282 0.517235 0.404554 0.453428 0.452010 0.581042 480.000000 640.000000
4 0.474990 0.572360 0.455239 0.503049 0.494741 0.641671 480.000000 640.000000
13 0.638119 0.500096 0.616262 0.432520 0.659976 0.567671 480.000000 640.000000
5 0.013528 0.557351 -0.000936 0.493349 0.027993 0.621353 480.000000 640.000000
8 0.169184 0.582059 0.144416 0.516961 0.193951 0.647157 480.000000 640.000000
12 0.836165 0.498101 0.822203 0.440088 0.850127 0.556114 480.000000 640.000000
9 0.293657 0.464665 0.267528 0.401609 0.319785 0.527720 480.000000 640.000000
6 0.215338 0.540984 0.186823 0.480604 0.243853 0.601365 480.000000 640.000000
10 0.848173 0.525279 0.825814 0.467865 0.870531 0.582693 480.000000 640.000000
16 0.925015 0.442557 0.906292 0.381022 0.943738 0.504092 480.000000 640.000000
