1 0.346998 0.628749 0.319651 0.556066 0.374346 0.701433 480.000000 640.000000
13 0.377395 0.492282 0.354043 0.425847 0.400746 0.558717 480.000000 640.000000
16 0.668700 0.447971 0.646778 0.389646 0.690622 0.506296 480.000000 640.000000
4 0.669019 0.575811 0.650295 0.506582 0.687743 0.645041 480.000000 640.000000
48 0.190056 0.529077 0.164939 0.470999 0.215173 0.587154 480.000000 640.000000
9 0.526728 0.458622 0.501899 0.397878 0.551556 0.519366 480.000000 640.000000
12 0.595225 0.506088 0.584414 0.448442 0.606036 0.563735 480.000000 640.000000
10 0.610862 0.525453 0.591761 0.464347 0.629963 0.586559 480.000000 640.000000
54 0.039799 0.450964 0.018283 0.399133 0.061315 0.502795 480.000000 640.000000
25 0.306033 0.547028 0.276273 0.482162 0.335793 0.611895 480.000000 640.000000
8 0.367855 0.574212 0.348624 0.503693 0.387085 0.644731 480.000000 640.000000
