1 0.393360 0.634678 0.364516 0.566221 0.422204 0.703135 480.000000 640.000000
13 0.426577 0.491514 0.407164 0.424591 0.445990 0.558438 480.000000 640.000000
8 0.323210 0.577633 0.298952 0.506838 0.347468 0.648428 480.000000 640.000000
10 0.661471 0.528195 0.640198 0.471648 0.682744 0.584743 480.000000 640.000000
16 0.716278 0.449572 0.688269 0.386393 0.744288 0.512752 480.000000 640.000000
6 0.013423 0.513504 -0.000639 0.451767 0.027484 0.575240 480.000000 640.000000
4 0.640441 0.577004 0.613798 0.507829 0.667083 0.646179 480.000000 640.000000
25 0.363841 0.536862 0.337494 0.471986 0.390187 0.601737 480.000000 640.000000
48 0.234699 0.524288 0.210689 0.461992 0.258710 0.586584 480.000000 640.000000
9 0.481844 0.455637 0.460110 0.392872 0.503579 0.518402 480.000000 640.000000
51 0.644051 0.479685 0.634780 0.449057 0.653322 0.510313 480.000000 640.000000
46 0.441195 0.485725 0.425037 0.424642 0.457352 0.546807 480.000000 640.000000
