1 0.648350 0.625714 0.621955 0.556385 0.674745 0.695042 480.000000 640.000000
2 0.031216 0.500379 0.006815 0.437549 0.055618 0.563208 480.000000 640.000000
3 0.480049 0.515732 0.457202 0.451586 0.502896 0.579877 480.000000 640.000000
4 0.427745 0.570247 0.402486 0.500954 0.453005 0.639539 480.000000 640.000000
6 0.283455 0.529068 0.255784 0.461616 0.311125 0.596521 480.000000 640.000000
9 0.236568 0.469236 0.221058 0.404505 0.252077 0.533967 480.000000 640.000000
10 0.911334 0.519743 0.893288 0.457453 0.929380 0.582033 480.000000 640.000000
13 0.687641 0.525151 0.657818 0.416092 0.717464 0.634210 480.000000 640.000000
5 0.073198 0.552092 0.050184 0.487160 0.096212 0.617024 480.000000 640.000000
8 0.114716 0.586960 0.090110 0.517705 0.139322 0.656215 480.000000 640.000000
16 0.977357 0.437300 0.954798 0.375722 0.999915 0.498877 480.000000 640.000000
12 0.888214 0.495118 0.869847 0.437861 0.906582 0.552375 480.000000 640.000000
17 0.289368 0.538494 0.267228 0.480662 0.311509 0.596327 480.000000 640.000000
