1 0.259498 0.633078 0.235325 0.564356 0.283672 0.701801 480.000000 640.000000
13 0.276593 0.491155 0.251180 0.422648 0.302006 0.559663 480.000000 640.000000
4 0.738159 0.575644 0.710964 0.505285 0.765353 0.646002 480.000000 640.000000
48 0.108543 0.528028 0.082877 0.468421 0.134210 0.587635 480.000000 640.000000
10 0.522792 0.525052 0.506742 0.464412 0.538842 0.585691 480.000000 640.000000
54 0.109898 0.443021 0.093575 0.392217 0.126220 0.493825 480.000000 640.000000
25 0.199682 0.552115 0.169425 0.487111 0.229939 0.617119 480.000000 640.000000
8 0.432719 0.573653 0.407512 0.502669 0.457927 0.644638 480.000000 640.000000
9 0.608299 0.458639 0.582497 0.396606 0.634101 0.520672 480.000000 640.000000
12 0.510299 0.508494 0.500677 0.447345 0.519921 0.569644 480.000000 640.000000
16 0.575704 0.442608 0.556323 0.381087 0.595085 0.504128 480.000000 640.000000
40 0.701934 0.438032 0.685968 0.375105 0.717899 0.500959 480.000000 640.000000
