1 0.271904 0.631153 0.245877 0.562097 0.297931 0.700209 480.000000 640.000000
13 0.298763 0.493772 0.281214 0.428751 0.316311 0.558794 480.000000 640.000000
4 0.726012 0.575055 0.702067 0.506191 0.749956 0.643919 480.000000 640.000000
48 0.123034 0.522712 0.104796 0.458000 0.141273 0.587425 480.000000 640.000000
10 0.542617 0.521611 0.517877 0.455853 0.567358 0.587368 480.000000 640.000000
54 0.093208 0.445337 0.078820 0.390655 0.107597 0.500018 480.000000 640.000000
25 0.217675 0.547039 0.195685 0.477277 0.239665 0.616802 480.000000 640.000000
8 0.421066 0.569129 0.396051 0.504829 0.446081 0.633430 480.000000 640.000000
9 0.595900 0.450693 0.571779 0.382327 0.620021 0.519059 480.000000 640.000000
46 0.317231 0.480151 0.301453 0.422735 0.333009 0.537567 480.000000 640.000000
12 0.522348 0.507403 0.507139 0.449220 0.537556 0.565585 480.000000 640.000000
