1 0.380654 0.632264 0.360738 0.563684 0.400571 0.700845 480.000000 640.000000
13 0.405827 0.492606 0.376536 0.426642 0.435119 0.558570 480.000000 640.000000
8 0.336645 0.568054 0.311371 0.488128 0.361918 0.647980 480.000000 640.000000
16 0.704131 0.443512 0.685691 0.381828 0.722572 0.505197 480.000000 640.000000
6 0.013442 0.491735 -0.000582 0.407152 0.027467 0.576318 480.000000 640.000000
4 0.645854 0.552674 0.622055 0.456855 0.669653 0.648494 480.000000 640.000000
48 0.226254 0.523351 0.199942 0.459911 0.252565 0.586791 480.000000 640.000000
9 0.490773 0.456563 0.463823 0.393896 0.517723 0.519230 480.000000 640.000000
40 0.835484 0.443595 0.818354 0.381442 0.852614 0.505748 480.000000 640.000000
51 0.631667 0.476881 0.622669 0.446771 0.640664 0.506990 480.000000 640.000000
