1 0.589239 0.627574 0.569097 0.557026 0.609382 0.698122 480.000000 640.000000
3 0.415749 0.516779 0.397922 0.451500 0.433575 0.582058 480.000000 640.000000
4 0.483611 0.571941 0.463123 0.502056 0.504099 0.641826 480.000000 640.000000
13 0.626354 0.499873 0.597383 0.431643 0.655325 0.568102 480.000000 640.000000
5 0.006107 0.564718 -0.000095 0.507542 0.012309 0.621894 480.000000 640.000000
8 0.175867 0.583126 0.155715 0.516632 0.196019 0.649620 480.000000 640.000000
9 0.300112 0.462354 0.277876 0.399625 0.322348 0.525084 480.000000 640.000000
6 0.209804 0.529847 0.186503 0.462925 0.233105 0.596768 480.000000 640.000000
10 0.842262 0.516390 0.817519 0.450203 0.867005 0.582576 480.000000 640.000000
16 0.915447 0.441004 0.896482 0.378708 0.934412 0.503301 480.000000 640.000000
