1 0.525588 0.603089 0.491267 0.504716 0.559909 0.701462 480.000000 640.000000
3 0.356658 0.494786 0.333718 0.405659 0.379598 0.583914 480.000000 640.000000
13 0.563491 0.491270 0.542932 0.419236 0.584049 0.563303 480.000000 640.000000
8 0.218381 0.580861 0.194095 0.510251 0.242667 0.651470 480.000000 640.000000
10 0.782066 0.526172 0.763469 0.468090 0.800663 0.584255 480.000000 640.000000
16 0.850810 0.447931 0.823522 0.386196 0.878098 0.509666 480.000000 640.000000
33 0.124221 0.542751 0.094154 0.481693 0.154288 0.603809 480.000000 640.000000
6 0.151335 0.513239 0.133539 0.451513 0.169132 0.574965 480.000000 640.000000
12 0.764447 0.502409 0.745473 0.443090 0.783421 0.561729 480.000000 640.000000
40 0.980275 0.440431 0.961525 0.376750 0.999025 0.504112 480.000000 640.000000
