1 0.564685 0.630181 0.537893 0.561989 0.591477 0.698374 480.000000 640.000000
3 0.399619 0.516482 0.377740 0.450412 0.421499 0.582553 480.000000 640.000000
4 0.500511 0.573135 0.473297 0.504388 0.527725 0.641883 480.000000 640.000000
13 0.605109 0.496842 0.583041 0.428804 0.627178 0.564880 480.000000 640.000000
8 0.180793 0.591579 0.152456 0.531116 0.209129 0.652042 480.000000 640.000000
9 0.313843 0.459345 0.299014 0.396400 0.328673 0.522290 480.000000 640.000000
10 0.827529 0.524529 0.812935 0.466800 0.842123 0.582257 480.000000 640.000000
16 0.897016 0.443214 0.868944 0.382478 0.925089 0.503951 480.000000 640.000000
12 0.806649 0.498529 0.788620 0.443436 0.824677 0.553621 480.000000 640.000000
31 0.187718 0.570808 0.150376 0.489705 0.225060 0.651910 480.000000 640.000000
25 0.580229 0.550936 0.550851 0.485230 0.609606 0.616642 480.000000 640.000000
