1 0.684140 0.625681 0.658089 0.556512 0.710191 0.694849 480.000000 640.000000
2 0.061461 0.498685 0.035531 0.438426 0.087392 0.558944 480.000000 640.000000
3 0.512814 0.515362 0.487625 0.450946 0.538002 0.579778 480.000000 640.000000
4 0.406728 0.570008 0.384823 0.500486 0.428633 0.639530 480.000000 640.000000
5 0.109079 0.568537 0.079158 0.487961 0.139000 0.649113 480.000000 640.000000
6 0.317672 0.537162 0.293260 0.475401 0.342083 0.598922 480.000000 640.000000
7 0.722781 0.525995 0.699958 0.419592 0.745604 0.632399 480.000000 640.000000
8 0.090596 0.588561 0.071667 0.516070 0.109525 0.661053 480.000000 640.000000
9 0.214585 0.470019 0.189773 0.404687 0.239398 0.535350 480.000000 640.000000
10 0.938927 0.521181 0.922889 0.460352 0.954966 0.582011 480.000000 640.000000
11 0.309317 0.524480 0.296096 0.472291 0.322538 0.576669 480.000000 640.000000
12 0.919606 0.495761 0.903813 0.438776 0.935399 0.552746 480.000000 640.000000
13 0.721635 0.483538 0.700385 0.411598 0.742884 0.555477 480.000000 640.000000
