1 0.358296 0.633428 0.333761 0.565453 0.382831 0.701402 480.000000 640.000000
13 0.391430 0.491714 0.373046 0.424625 0.409814 0.558803 480.000000 640.000000
16 0.681312 0.446293 0.656926 0.384003 0.705698 0.508583 480.000000 640.000000
4 0.658354 0.579078 0.630499 0.509975 0.686208 0.648180 480.000000 640.000000
48 0.203255 0.521927 0.185207 0.457537 0.221304 0.586318 480.000000 640.000000
9 0.505544 0.455812 0.491270 0.393086 0.519818 0.518537 480.000000 640.000000
40 0.814895 0.445017 0.784338 0.380649 0.845452 0.509385 480.000000 640.000000
12 0.606659 0.506094 0.590575 0.448396 0.622744 0.563793 480.000000 640.000000
10 0.619538 0.525749 0.597276 0.467912 0.641800 0.583585 480.000000 640.000000
54 0.019468 0.450961 0.005461 0.399581 0.033474 0.502341 480.000000 640.000000
25 0.323635 0.541743 0.304728 0.471901 0.342542 0.611585 480.000000 640.000000
8 0.350412 0.575659 0.332837 0.504553 0.367987 0.646764 480.000000 640.000000
46 0.405687 0.479273 0.390711 0.420968 0.420663 0.537578 480.000000 640.000000
