1 0.455310 0.632221 0.436823 0.563059 0.473797 0.701383 480.000000 640.000000
13 0.487491 0.494183 0.460840 0.426530 0.514143 0.561835 480.000000 640.000000
8 0.283942 0.552439 0.253835 0.463834 0.314048 0.641044 480.000000 640.000000
10 0.717928 0.526770 0.703898 0.469188 0.731958 0.584351 480.000000 640.000000
16 0.779469 0.447091 0.759058 0.382822 0.799880 0.511360 480.000000 640.000000
33 0.033928 0.542100 0.005055 0.481755 0.062802 0.602445 480.000000 640.000000
6 0.082315 0.516748 0.056397 0.456498 0.108233 0.576999 480.000000 640.000000
12 0.701727 0.502709 0.689573 0.442918 0.713880 0.562501 480.000000 640.000000
4 0.583643 0.577511 0.559300 0.507192 0.607986 0.647830 480.000000 640.000000
9 0.416921 0.451831 0.400202 0.389805 0.433640 0.513857 480.000000 640.000000
25 0.442542 0.535412 0.426575 0.468691 0.458509 0.602133 480.000000 640.000000
40 0.917005 0.441952 0.898713 0.376989 0.935297 0.506915 480.000000 640.000000
