1 0.667523 0.623782 0.650781 0.552934 0.684265 0.694630 480.000000 640.000000
2 0.047715 0.499658 0.032660 0.436653 0.062770 0.562664 480.000000 640.000000
3 0.493714 0.512830 0.477180 0.448860 0.510248 0.576800 480.000000 640.000000
4 0.422763 0.570821 0.395066 0.502879 0.450460 0.638763 480.000000 640.000000
6 0.304777 0.546495 0.277615 0.494095 0.331938 0.598895 480.000000 640.000000
9 0.223669 0.469996 0.205207 0.406364 0.242131 0.533628 480.000000 640.000000
10 0.919790 0.510162 0.892797 0.438573 0.946784 0.581751 480.000000 640.000000
13 0.709751 0.517377 0.681448 0.410624 0.738054 0.624130 480.000000 640.000000
5 0.091546 0.549088 0.074640 0.487606 0.108452 0.610570 480.000000 640.000000
8 0.106711 0.579558 0.085105 0.504935 0.128318 0.654181 480.000000 640.000000
16 0.986979 0.434722 0.973958 0.371875 1.000000 0.497569 480.000000 640.000000
17 0.290104 0.521181 0.275781 0.465278 0.304427 0.577083 480.000000 640.000000
