1 0.303418 0.631086 0.278234 0.563271 0.328603 0.698902 480.000000 640.000000
13 0.323896 0.491418 0.299726 0.424333 0.348066 0.558503 480.000000 640.000000
4 0.702087 0.577129 0.676983 0.507597 0.727190 0.646660 480.000000 640.000000
48 0.149640 0.522929 0.124079 0.458321 0.175201 0.587537 480.000000 640.000000
9 0.561477 0.442658 0.548087 0.395126 0.574867 0.490189 480.000000 640.000000
10 0.563644 0.520069 0.541437 0.454588 0.585850 0.585551 480.000000 640.000000
54 0.074350 0.449463 0.052816 0.397676 0.095884 0.501249 480.000000 640.000000
25 0.252949 0.546118 0.220208 0.480649 0.285689 0.611588 480.000000 640.000000
16 0.624030 0.439788 0.599502 0.378331 0.648558 0.501246 480.000000 640.000000
40 0.751860 0.430837 0.734508 0.364780 0.769212 0.496895 480.000000 640.000000
8 0.395309 0.574291 0.370292 0.504216 0.420326 0.644365 480.000000 640.000000
12 0.551095 0.509253 0.538977 0.453714 0.563213 0.564792 480.000000 640.000000
57 0.569792 0.523611 0.554688 0.461458 0.584896 0.585764 480.000000 640.000000
