1 0.531534 0.598831 0.506260 0.496537 0.556807 0.701126 480.000000 640.000000
3 0.370146 0.517908 0.352048 0.452066 0.388243 0.583751 480.000000 640.000000
4 0.522629 0.571888 0.499585 0.503280 0.545674 0.640496 480.000000 640.000000
13 0.575183 0.498216 0.552312 0.431704 0.598054 0.564729 480.000000 640.000000
8 0.210304 0.579865 0.192081 0.510397 0.228527 0.649334 480.000000 640.000000
9 0.340113 0.455485 0.325837 0.393510 0.354389 0.517459 480.000000 640.000000
10 0.795919 0.516923 0.777912 0.448499 0.813927 0.585346 480.000000 640.000000
16 0.862565 0.444993 0.839114 0.380910 0.886016 0.509075 480.000000 640.000000
33 0.136663 0.541107 0.116379 0.477188 0.156947 0.605026 480.000000 640.000000
37 0.987506 0.464891 0.975272 0.431571 0.999740 0.498212 480.000000 640.000000
6 0.166178 0.518888 0.143913 0.453228 0.188442 0.584549 480.000000 640.000000
39 0.543099 0.515625 0.527865 0.473611 0.558333 0.557639 480.000000 640.000000
12 0.787349 0.500045 0.770441 0.440942 0.804257 0.559148 480.000000 640.000000
