1 0.436047 0.628894 0.407147 0.556039 0.464947 0.701750 480.000000 640.000000
13 0.469617 0.494335 0.454845 0.428596 0.484389 0.560074 480.000000 640.000000
8 0.286207 0.555337 0.258540 0.462182 0.313874 0.648491 480.000000 640.000000
10 0.696061 0.527617 0.672472 0.470294 0.719650 0.584941 480.000000 640.000000
16 0.762570 0.448854 0.735728 0.387460 0.789412 0.510248 480.000000 640.000000
33 0.018923 0.543788 -0.000688 0.483152 0.038535 0.604425 480.000000 640.000000
6 0.061204 0.517805 0.046601 0.462529 0.075806 0.573081 480.000000 640.000000
12 0.683385 0.505005 0.669565 0.446029 0.697206 0.563980 480.000000 640.000000
4 0.598284 0.578061 0.576296 0.506075 0.620271 0.650047 480.000000 640.000000
9 0.434797 0.452804 0.417043 0.389990 0.452551 0.515617 480.000000 640.000000
25 0.414712 0.540269 0.386895 0.476956 0.442529 0.603583 480.000000 640.000000
46 0.481401 0.490971 0.459761 0.426977 0.503041 0.554965 480.000000 640.000000
3 0.284607 0.578750 0.257330 0.507548 0.311885 0.649951 480.000000 640.000000
40 0.894459 0.438586 0.869074 0.372233 0.919844 0.504940 480.000000 640.000000
47 0.426563 0.588542 0.386458 0.475347 0.466667 0.701736 480.000000 640.000000
