1 0.397991 0.634227 0.372245 0.565200 0.423737 0.703254 480.000000 640.000000
13 0.439242 0.489566 0.416338 0.424624 0.462146 0.554508 480.000000 640.000000
8 0.318859 0.578579 0.297494 0.507803 0.340223 0.649354 480.000000 640.000000
10 0.661711 0.523887 0.639778 0.462058 0.683643 0.585716 480.000000 640.000000
16 0.722655 0.449082 0.695383 0.386078 0.749927 0.512085 480.000000 640.000000
6 0.022311 0.513782 0.005549 0.452310 0.039074 0.575253 480.000000 640.000000
4 0.625989 0.579143 0.603130 0.509950 0.648848 0.648335 480.000000 640.000000
25 0.371026 0.537552 0.346256 0.472683 0.395796 0.602421 480.000000 640.000000
48 0.242633 0.514957 0.225110 0.444268 0.260156 0.585645 480.000000 640.000000
9 0.470014 0.454923 0.456183 0.391906 0.483845 0.517941 480.000000 640.000000
