1 0.268066 0.631698 0.239056 0.562823 0.297075 0.700574 480.000000 640.000000
13 0.295971 0.492552 0.277407 0.426472 0.314535 0.558633 480.000000 640.000000
4 0.731827 0.576118 0.705746 0.506661 0.757908 0.645575 480.000000 640.000000
48 0.118416 0.528769 0.100113 0.469637 0.136720 0.587902 480.000000 640.000000
10 0.540191 0.526719 0.518283 0.467644 0.562099 0.585795 480.000000 640.000000
54 0.100714 0.444539 0.083586 0.388678 0.117842 0.500400 480.000000 640.000000
25 0.210506 0.547144 0.182331 0.481273 0.238681 0.613015 480.000000 640.000000
8 0.423242 0.572378 0.403354 0.503217 0.443129 0.641539 480.000000 640.000000
9 0.598148 0.453556 0.576727 0.386605 0.619568 0.520507 480.000000 640.000000
46 0.313586 0.482229 0.296351 0.425322 0.330820 0.539135 480.000000 640.000000
12 0.517519 0.506724 0.503084 0.449424 0.531954 0.564025 480.000000 640.000000
60 0.576042 0.442361 0.559896 0.382639 0.592187 0.502083 480.000000 640.000000
