1 0.557336 0.604680 0.530817 0.509909 0.583854 0.699450 480.000000 640.000000
3 0.389754 0.520451 0.364424 0.456684 0.415084 0.584218 480.000000 640.000000
4 0.508829 0.572573 0.485789 0.503811 0.531868 0.641336 480.000000 640.000000
13 0.591258 0.489943 0.569536 0.415961 0.612981 0.563924 480.000000 640.000000
8 0.201302 0.579993 0.173795 0.512345 0.228809 0.647641 480.000000 640.000000
9 0.330478 0.459554 0.305982 0.396556 0.354975 0.522552 480.000000 640.000000
10 0.808352 0.525853 0.783704 0.467285 0.833001 0.584421 480.000000 640.000000
16 0.885162 0.443537 0.866818 0.380159 0.903505 0.506916 480.000000 640.000000
12 0.796718 0.497931 0.782242 0.440846 0.811194 0.555015 480.000000 640.000000
33 0.155682 0.540393 0.143133 0.479868 0.168231 0.600919 480.000000 640.000000
35 0.193229 0.582292 0.174349 0.512847 0.212109 0.651736 480.000000 640.000000
36 0.176302 0.522569 0.164453 0.471875 0.188151 0.573264 480.000000 640.000000
