1 0.368537 0.631695 0.350223 0.562790 0.386851 0.700600 480.000000 640.000000
13 0.398994 0.492702 0.372611 0.425691 0.425376 0.559713 480.000000 640.000000
8 0.340921 0.562878 0.322394 0.476560 0.359448 0.649197 480.000000 640.000000
16 0.691625 0.445552 0.670967 0.382173 0.712282 0.508931 480.000000 640.000000
4 0.655170 0.576282 0.627521 0.504253 0.682818 0.648311 480.000000 640.000000
48 0.213993 0.522012 0.192770 0.458149 0.235216 0.585874 480.000000 640.000000
9 0.499329 0.456158 0.480898 0.393130 0.517761 0.519186 480.000000 640.000000
40 0.821071 0.442337 0.797010 0.376158 0.845132 0.508517 480.000000 640.000000
12 0.618036 0.506509 0.604295 0.445547 0.631778 0.567472 480.000000 640.000000
46 0.411400 0.481896 0.398736 0.418729 0.424064 0.545063 480.000000 640.000000
10 0.630377 0.524413 0.612554 0.467051 0.648201 0.581776 480.000000 640.000000
54 0.014657 0.451389 0.000130 0.400694 0.029183 0.502083 480.000000 640.000000
