1 0.434830 0.633548 0.405346 0.565100 0.464314 0.701996 480.000000 640.000000
13 0.466491 0.494039 0.450235 0.428410 0.482747 0.559668 480.000000 640.000000
8 0.287803 0.567728 0.261116 0.487000 0.314490 0.648455 480.000000 640.000000
10 0.694376 0.528248 0.669649 0.471212 0.719103 0.585284 480.000000 640.000000
16 0.761146 0.448990 0.734987 0.386912 0.787306 0.511068 480.000000 640.000000
33 0.014056 0.543190 -0.001129 0.482261 0.029242 0.604119 480.000000 640.000000
6 0.058445 0.521213 0.044075 0.469019 0.072814 0.573408 480.000000 640.000000
12 0.681402 0.503846 0.668806 0.446229 0.693998 0.561464 480.000000 640.000000
4 0.600817 0.578620 0.578941 0.507093 0.622692 0.650148 480.000000 640.000000
9 0.436010 0.449250 0.420094 0.390870 0.451926 0.507630 480.000000 640.000000
25 0.411787 0.543973 0.383982 0.481954 0.439591 0.605992 480.000000 640.000000
46 0.482607 0.484588 0.463580 0.425689 0.501634 0.543487 480.000000 640.000000
40 0.891575 0.440189 0.868942 0.375497 0.914208 0.504882 480.000000 640.000000
48 0.271354 0.518056 0.250000 0.457292 0.292708 0.578819 480.000000 640.000000
