1 0.461145 0.632005 0.443350 0.563701 0.478940 0.700309 480.000000 640.000000
3 0.303122 0.521702 0.281377 0.457875 0.324867 0.585529 480.000000 640.000000
13 0.491318 0.492263 0.462622 0.424407 0.520015 0.560120 480.000000 640.000000
8 0.274781 0.578602 0.249292 0.509198 0.300270 0.648006 480.000000 640.000000
10 0.720994 0.525794 0.700827 0.466541 0.741160 0.585047 480.000000 640.000000
16 0.787000 0.447407 0.768323 0.382643 0.805676 0.512171 480.000000 640.000000
33 0.039506 0.540057 0.015707 0.476768 0.063305 0.603346 480.000000 640.000000
6 0.084794 0.515468 0.058688 0.454218 0.110899 0.576719 480.000000 640.000000
12 0.708610 0.501623 0.697492 0.441739 0.719728 0.561506 480.000000 640.000000
4 0.580276 0.578421 0.552681 0.508767 0.607870 0.648075 480.000000 640.000000
9 0.412936 0.454163 0.389748 0.391430 0.436123 0.516896 480.000000 640.000000
25 0.448626 0.537603 0.433131 0.471643 0.464122 0.603563 480.000000 640.000000
40 0.921620 0.447620 0.906161 0.386147 0.937079 0.509094 480.000000 640.000000
