1 0.425369 0.632521 0.400192 0.562570 0.450546 0.702472 480.000000 640.000000
13 0.452601 0.482831 0.425908 0.406256 0.479293 0.559406 480.000000 640.000000
8 0.300097 0.575344 0.275954 0.506414 0.324240 0.644273 480.000000 640.000000
10 0.688151 0.522236 0.664428 0.456352 0.711875 0.588120 480.000000 640.000000
16 0.751261 0.448920 0.733484 0.386367 0.769038 0.511473 480.000000 640.000000
33 0.008625 0.546021 -0.000295 0.487265 0.017545 0.604777 480.000000 640.000000
6 0.045848 0.521172 0.020169 0.467439 0.071527 0.574906 480.000000 640.000000
12 0.673358 0.504906 0.662432 0.446945 0.684285 0.562868 480.000000 640.000000
4 0.613588 0.578959 0.585953 0.508774 0.641222 0.649144 480.000000 640.000000
9 0.446570 0.453794 0.424085 0.392785 0.469055 0.514804 480.000000 640.000000
25 0.402258 0.541270 0.383290 0.477511 0.421226 0.605030 480.000000 640.000000
40 0.884761 0.440033 0.868203 0.376856 0.901319 0.503210 480.000000 640.000000
48 0.262919 0.525042 0.242352 0.465186 0.283485 0.584898 480.000000 640.000000
