1 0.256462 0.632661 0.235429 0.563694 0.277494 0.701629 480.000000 640.000000
13 0.273609 0.490348 0.246707 0.420922 0.300511 0.559775 480.000000 640.000000
4 0.740486 0.575449 0.713948 0.504751 0.767024 0.646148 480.000000 640.000000
48 0.106759 0.526828 0.081090 0.466048 0.132427 0.587607 480.000000 640.000000
10 0.519630 0.524859 0.502757 0.464411 0.536503 0.585306 480.000000 640.000000
54 0.112851 0.442473 0.097205 0.391846 0.128497 0.493101 480.000000 640.000000
25 0.197232 0.551855 0.169831 0.486937 0.224632 0.616773 480.000000 640.000000
8 0.433822 0.573670 0.408971 0.502711 0.458674 0.644629 480.000000 640.000000
9 0.609640 0.459569 0.583612 0.397773 0.635668 0.521366 480.000000 640.000000
12 0.507909 0.509152 0.498725 0.446760 0.517093 0.571543 480.000000 640.000000
16 0.573972 0.441738 0.557053 0.380736 0.590890 0.502739 480.000000 640.000000
40 0.699035 0.436696 0.683014 0.371648 0.715055 0.501744 480.000000 640.000000
61 0.569792 0.440972 0.558854 0.380556 0.580729 0.501389 480.000000 640.000000
