1 0.474840 0.637269 0.447214 0.571895 0.502466 0.702644 480.000000 640.000000
3 0.311720 0.521124 0.285138 0.457456 0.338302 0.584792 480.000000 640.000000
13 0.503543 0.492946 0.481015 0.426883 0.526071 0.559009 480.000000 640.000000
8 0.255215 0.579193 0.231856 0.508601 0.278575 0.649785 480.000000 640.000000
10 0.732989 0.527888 0.707988 0.470364 0.757989 0.585411 480.000000 640.000000
16 0.799713 0.446243 0.777221 0.385354 0.822205 0.507132 480.000000 640.000000
33 0.058969 0.541121 0.044505 0.479770 0.073433 0.602472 480.000000 640.000000
6 0.096861 0.517792 0.082195 0.458863 0.111527 0.576722 480.000000 640.000000
12 0.716921 0.501588 0.701555 0.443444 0.732287 0.559732 480.000000 640.000000
40 0.936290 0.446232 0.918688 0.383799 0.953893 0.508664 480.000000 640.000000
4 0.575965 0.577433 0.548224 0.507886 0.603706 0.646981 480.000000 640.000000
9 0.406555 0.454130 0.381513 0.393189 0.431596 0.515071 480.000000 640.000000
25 0.460202 0.542435 0.431788 0.478439 0.488616 0.606431 480.000000 640.000000
45 0.263477 0.570486 0.241797 0.507986 0.285156 0.632986 480.000000 640.000000
