1 0.370345 0.631508 0.350883 0.562321 0.389807 0.700694 480.000000 640.000000
13 0.400873 0.495252 0.372310 0.431406 0.429437 0.559097 480.000000 640.000000
8 0.340132 0.565667 0.321110 0.482789 0.359154 0.648544 480.000000 640.000000
16 0.695337 0.444523 0.675854 0.380344 0.714820 0.508702 480.000000 640.000000
4 0.652765 0.570348 0.624520 0.492975 0.681011 0.647722 480.000000 640.000000
48 0.217467 0.521755 0.194822 0.457299 0.240113 0.586212 480.000000 640.000000
9 0.496473 0.456561 0.475325 0.393342 0.517621 0.519779 480.000000 640.000000
40 0.822380 0.443837 0.798645 0.381616 0.846114 0.506058 480.000000 640.000000
51 0.623437 0.478081 0.611516 0.446610 0.635357 0.509552 480.000000 640.000000
12 0.622450 0.506120 0.609429 0.447144 0.635471 0.565097 480.000000 640.000000
46 0.415809 0.477216 0.403165 0.420721 0.428453 0.533710 480.000000 640.000000
10 0.633788 0.524877 0.615157 0.471300 0.652420 0.578454 480.000000 640.000000
