1 0.622402 0.625648 0.605114 0.553990 0.639690 0.697305 480.000000 640.000000
2 0.008607 0.499704 -0.000247 0.437249 0.017460 0.562159 480.000000 640.000000
3 0.450142 0.506857 0.432330 0.450286 0.467955 0.563429 480.000000 640.000000
4 0.459372 0.579137 0.431845 0.515926 0.486898 0.642348 480.000000 640.000000
10 0.879528 0.524278 0.854606 0.466016 0.904450 0.582541 480.000000 640.000000
13 0.662714 0.520763 0.632367 0.419490 0.693061 0.622035 480.000000 640.000000
5 0.037440 0.554564 0.020530 0.488381 0.054350 0.620746 480.000000 640.000000
8 0.142826 0.584618 0.120404 0.514137 0.165247 0.655099 480.000000 640.000000
16 0.947470 0.439487 0.923861 0.374792 0.971079 0.504182 480.000000 640.000000
12 0.864768 0.496674 0.852955 0.436497 0.876581 0.556850 480.000000 640.000000
9 0.264305 0.468289 0.247036 0.399776 0.281574 0.536803 480.000000 640.000000
23 0.458414 0.547645 0.430501 0.452513 0.486327 0.642777 480.000000 640.000000
6 0.251586 0.515876 0.231468 0.433878 0.271705 0.597873 480.000000 640.000000
