1 0.568080 0.629894 0.543103 0.561268 0.593057 0.698520 480.000000 640.000000
3 0.402517 0.516555 0.383474 0.450011 0.421561 0.583099 480.000000 640.000000
4 0.498943 0.572825 0.471506 0.504055 0.526381 0.641596 480.000000 640.000000
13 0.606680 0.495859 0.584030 0.427941 0.629330 0.563776 480.000000 640.000000
8 0.181400 0.590654 0.156877 0.529430 0.205922 0.651877 480.000000 640.000000
9 0.310432 0.459620 0.296218 0.397701 0.324645 0.521539 480.000000 640.000000
6 0.197882 0.529660 0.167145 0.453131 0.228619 0.606190 480.000000 640.000000
10 0.831168 0.523541 0.817263 0.466086 0.845072 0.580995 480.000000 640.000000
16 0.897674 0.442699 0.869501 0.381927 0.925848 0.503471 480.000000 640.000000
12 0.809429 0.498505 0.792394 0.442327 0.826465 0.554683 480.000000 640.000000
31 0.191536 0.574653 0.155339 0.498264 0.227734 0.651042 480.000000 640.000000
25 0.583323 0.550544 0.555829 0.483948 0.610817 0.617139 480.000000 640.000000
