1 0.396075 0.635041 0.368815 0.566457 0.423335 0.703626 480.000000 640.000000
13 0.437020 0.489840 0.412040 0.424247 0.462000 0.555433 480.000000 640.000000
8 0.320578 0.577396 0.297707 0.507229 0.343450 0.647563 480.000000 640.000000
10 0.661097 0.526627 0.638698 0.468192 0.683495 0.585062 480.000000 640.000000
16 0.720322 0.450181 0.691958 0.386591 0.748686 0.513772 480.000000 640.000000
6 0.017643 0.514114 0.003475 0.452977 0.031811 0.575250 480.000000 640.000000
4 0.629116 0.579150 0.608146 0.510259 0.650085 0.648040 480.000000 640.000000
25 0.368499 0.537633 0.341259 0.473414 0.395740 0.601852 480.000000 640.000000
48 0.240330 0.513771 0.221468 0.441115 0.259193 0.586426 480.000000 640.000000
9 0.474113 0.455201 0.457805 0.392388 0.490422 0.518014 480.000000 640.000000
