1 0.371457 0.630857 0.350352 0.562145 0.392561 0.699570 480.000000 640.000000
13 0.402608 0.499107 0.372942 0.439092 0.432274 0.559123 480.000000 640.000000
8 0.339262 0.580440 0.318748 0.512578 0.359777 0.648302 480.000000 640.000000
16 0.699114 0.444751 0.680951 0.380898 0.717277 0.508605 480.000000 640.000000
4 0.648343 0.557305 0.618848 0.466647 0.677837 0.647964 480.000000 640.000000
48 0.221271 0.521511 0.197419 0.456720 0.245123 0.586303 480.000000 640.000000
9 0.494218 0.458061 0.470651 0.394966 0.517786 0.521156 480.000000 640.000000
40 0.827505 0.445339 0.807087 0.384019 0.847923 0.506660 480.000000 640.000000
51 0.626745 0.477918 0.617063 0.446103 0.636428 0.509733 480.000000 640.000000
53 0.339583 0.560069 0.319271 0.471181 0.359896 0.648958 480.000000 640.000000
