1 0.601279 0.629709 0.573513 0.560916 0.629045 0.698502 480.000000 640.000000
3 0.429736 0.518014 0.405801 0.454135 0.453672 0.581893 480.000000 640.000000
4 0.470183 0.572494 0.447786 0.503354 0.492580 0.641635 480.000000 640.000000
13 0.641118 0.491698 0.621656 0.415878 0.660579 0.567519 480.000000 640.000000
5 0.020434 0.556755 -0.001616 0.491815 0.042484 0.621695 480.000000 640.000000
8 0.160912 0.584882 0.132836 0.516034 0.188988 0.653730 480.000000 640.000000
16 0.928324 0.443667 0.902647 0.382966 0.954001 0.504367 480.000000 640.000000
12 0.838391 0.501868 0.821355 0.442101 0.855427 0.561635 480.000000 640.000000
9 0.291590 0.464961 0.266438 0.401531 0.316742 0.528391 480.000000 640.000000
6 0.219587 0.540681 0.189454 0.480393 0.249720 0.600968 480.000000 640.000000
25 0.626735 0.556398 0.604026 0.495179 0.649444 0.617617 480.000000 640.000000
10 0.855048 0.524944 0.836292 0.467344 0.873804 0.582543 480.000000 640.000000
