1 0.269673 0.631210 0.241636 0.562115 0.297709 0.700305 480.000000 640.000000
13 0.304616 0.492374 0.281260 0.426746 0.327972 0.558002 480.000000 640.000000
4 0.729538 0.575640 0.704533 0.506178 0.754543 0.645103 480.000000 640.000000
48 0.120285 0.523933 0.102106 0.459269 0.138465 0.588597 480.000000 640.000000
10 0.541397 0.526149 0.518300 0.465729 0.564494 0.586568 480.000000 640.000000
54 0.098146 0.445732 0.082973 0.390850 0.113319 0.500614 480.000000 640.000000
25 0.213597 0.546281 0.188309 0.477491 0.238886 0.615072 480.000000 640.000000
8 0.422537 0.571015 0.402081 0.503623 0.442993 0.638407 480.000000 640.000000
9 0.596910 0.450642 0.571493 0.381314 0.622327 0.519971 480.000000 640.000000
46 0.315511 0.484022 0.298557 0.424794 0.332465 0.543251 480.000000 640.000000
12 0.520011 0.507563 0.505104 0.449681 0.534917 0.565446 480.000000 640.000000
59 0.294792 0.492708 0.279948 0.425694 0.309635 0.559722 480.000000 640.000000
