1 0.286112 0.630029 0.268503 0.560446 0.303721 0.699613 480.000000 640.000000
13 0.309557 0.495316 0.282175 0.430730 0.336939 0.559901 480.000000 640.000000
4 0.717458 0.575955 0.695946 0.506176 0.738970 0.645734 480.000000 640.000000
48 0.137985 0.523604 0.114573 0.459773 0.161397 0.587436 480.000000 640.000000
10 0.549089 0.519682 0.528237 0.453814 0.569941 0.585549 480.000000 640.000000
54 0.083530 0.448126 0.069302 0.395292 0.097758 0.500960 480.000000 640.000000
25 0.232736 0.545148 0.216649 0.479301 0.248823 0.610996 480.000000 640.000000
16 0.609856 0.438872 0.592149 0.376452 0.627563 0.501293 480.000000 640.000000
8 0.412152 0.573606 0.388205 0.505064 0.436098 0.642148 480.000000 640.000000
9 0.581239 0.456632 0.563857 0.393562 0.598622 0.519703 480.000000 640.000000
46 0.323931 0.484861 0.311104 0.419499 0.336757 0.550223 480.000000 640.000000
12 0.537258 0.506759 0.525650 0.448283 0.548865 0.565234 480.000000 640.000000
