1 0.577287 0.628049 0.556483 0.557983 0.598092 0.698115 480.000000 640.000000
3 0.407686 0.516006 0.390637 0.449483 0.424734 0.582529 480.000000 640.000000
4 0.493416 0.572454 0.468340 0.503448 0.518491 0.641460 480.000000 640.000000
13 0.613518 0.498290 0.587824 0.431479 0.639211 0.565101 480.000000 640.000000
8 0.179200 0.581958 0.156328 0.511510 0.202072 0.652406 480.000000 640.000000
9 0.306430 0.461066 0.290830 0.397818 0.322030 0.524314 480.000000 640.000000
6 0.204175 0.520886 0.175976 0.456447 0.232374 0.585325 480.000000 640.000000
10 0.835249 0.521503 0.816640 0.460387 0.853857 0.582619 480.000000 640.000000
16 0.904170 0.441452 0.880806 0.379694 0.927534 0.503210 480.000000 640.000000
30 0.604079 0.525291 0.567937 0.431968 0.640221 0.618613 480.000000 640.000000
12 0.817478 0.499361 0.802758 0.441933 0.832199 0.556790 480.000000 640.000000
