1 0.252788 0.632021 0.234391 0.562504 0.271186 0.701538 480.000000 640.000000
13 0.271620 0.490714 0.243391 0.420948 0.299849 0.560481 480.000000 640.000000
4 0.742326 0.574673 0.718121 0.503623 0.766532 0.645723 480.000000 640.000000
48 0.105294 0.526803 0.080109 0.466486 0.130479 0.587121 480.000000 640.000000
10 0.516577 0.525688 0.498767 0.465309 0.534386 0.586067 480.000000 640.000000
54 0.115129 0.442508 0.099333 0.391006 0.130925 0.494009 480.000000 640.000000
25 0.193511 0.551722 0.169463 0.486373 0.217560 0.617070 480.000000 640.000000
8 0.434684 0.573658 0.410331 0.503635 0.459037 0.643681 480.000000 640.000000
9 0.611079 0.460114 0.585335 0.398654 0.636822 0.521573 480.000000 640.000000
12 0.505729 0.497383 0.496868 0.446531 0.514589 0.548235 480.000000 640.000000
16 0.572089 0.441171 0.555413 0.380132 0.588764 0.502211 480.000000 640.000000
40 0.695982 0.438438 0.679586 0.373270 0.712377 0.503606 480.000000 640.000000
