1 0.352263 0.607443 0.323275 0.514225 0.381251 0.700661 480.000000 640.000000
13 0.390317 0.491797 0.366852 0.423954 0.413782 0.559640 480.000000 640.000000
16 0.675400 0.447592 0.648872 0.384482 0.701928 0.510703 480.000000 640.000000
4 0.662525 0.577933 0.638808 0.507908 0.686242 0.647958 480.000000 640.000000
48 0.197159 0.530742 0.177802 0.474736 0.216516 0.586748 480.000000 640.000000
9 0.516729 0.457968 0.498729 0.393649 0.534729 0.522286 480.000000 640.000000
12 0.599053 0.506396 0.584798 0.448897 0.613307 0.563895 480.000000 640.000000
10 0.617735 0.528318 0.593499 0.469751 0.641972 0.586886 480.000000 640.000000
54 0.029783 0.450231 0.013036 0.398171 0.046530 0.502291 480.000000 640.000000
25 0.313123 0.543747 0.285246 0.476232 0.340999 0.611262 480.000000 640.000000
