1 0.291760 0.629496 0.274599 0.561072 0.308921 0.697919 480.000000 640.000000
13 0.313775 0.492381 0.283966 0.425378 0.343584 0.559383 480.000000 640.000000
4 0.712606 0.575060 0.691642 0.505881 0.733571 0.644238 480.000000 640.000000
48 0.144117 0.524643 0.119397 0.461206 0.168838 0.588079 480.000000 640.000000
10 0.555219 0.517197 0.536824 0.448910 0.573614 0.585484 480.000000 640.000000
54 0.079551 0.448375 0.061239 0.395890 0.097863 0.500859 480.000000 640.000000
25 0.238951 0.545091 0.215441 0.479279 0.262462 0.610904 480.000000 640.000000
16 0.615263 0.439377 0.597816 0.376324 0.632710 0.502430 480.000000 640.000000
40 0.739287 0.444461 0.721440 0.385161 0.757134 0.503760 480.000000 640.000000
8 0.402169 0.573761 0.378536 0.503975 0.425802 0.643546 480.000000 640.000000
9 0.577859 0.456430 0.559330 0.396127 0.596387 0.516733 480.000000 640.000000
