1 0.602752 0.628995 0.574419 0.560016 0.631084 0.697974 480.000000 640.000000
3 0.430462 0.518101 0.408289 0.454363 0.452636 0.581840 480.000000 640.000000
4 0.467564 0.572888 0.443884 0.504408 0.491244 0.641369 480.000000 640.000000
13 0.642377 0.492021 0.624133 0.416587 0.660622 0.567456 480.000000 640.000000
5 0.022280 0.556578 -0.001765 0.491508 0.046324 0.621648 480.000000 640.000000
8 0.157105 0.584954 0.129081 0.515846 0.185130 0.654062 480.000000 640.000000
16 0.932350 0.443663 0.905814 0.382944 0.958887 0.504381 480.000000 640.000000
12 0.840930 0.503643 0.823478 0.441921 0.858382 0.565364 480.000000 640.000000
9 0.288976 0.464869 0.265078 0.400974 0.312873 0.528764 480.000000 640.000000
6 0.222333 0.535473 0.191714 0.470355 0.252953 0.600590 480.000000 640.000000
25 0.631050 0.567272 0.606449 0.513264 0.655651 0.621280 480.000000 640.000000
10 0.859631 0.524481 0.842961 0.466551 0.876300 0.582411 480.000000 640.000000
