1 0.465135 0.632484 0.447597 0.564523 0.482672 0.700446 480.000000 640.000000
3 0.306056 0.521858 0.283055 0.458714 0.329058 0.585003 480.000000 640.000000
13 0.493174 0.492613 0.464590 0.425808 0.521758 0.559417 480.000000 640.000000
8 0.272296 0.578305 0.246566 0.508377 0.298027 0.648232 480.000000 640.000000
10 0.724092 0.523658 0.701435 0.461810 0.746748 0.585507 480.000000 640.000000
16 0.791710 0.446391 0.773855 0.382788 0.809565 0.509995 480.000000 640.000000
33 0.043077 0.539968 0.022729 0.476100 0.063425 0.603835 480.000000 640.000000
6 0.085917 0.516015 0.060773 0.454628 0.111062 0.577402 480.000000 640.000000
12 0.711297 0.500755 0.699468 0.441969 0.723126 0.559541 480.000000 640.000000
4 0.579580 0.578159 0.551464 0.508736 0.607696 0.647582 480.000000 640.000000
9 0.411359 0.454168 0.386239 0.391157 0.436479 0.517179 480.000000 640.000000
25 0.449377 0.538312 0.431728 0.472519 0.467027 0.604105 480.000000 640.000000
40 0.921970 0.450668 0.905723 0.392989 0.938218 0.508346 480.000000 640.000000
