1 0.247285 0.631688 0.229969 0.561662 0.264600 0.701713 480.000000 640.000000
13 0.268634 0.494561 0.239778 0.428063 0.297490 0.561059 480.000000 640.000000
4 0.748529 0.572131 0.726637 0.503271 0.770421 0.640991 480.000000 640.000000
48 0.100824 0.522406 0.077354 0.455688 0.124295 0.589124 480.000000 640.000000
10 0.510913 0.520867 0.489171 0.454653 0.532656 0.587081 480.000000 640.000000
54 0.118608 0.442262 0.103757 0.390128 0.133458 0.494397 480.000000 640.000000
25 0.185059 0.549822 0.167575 0.483073 0.202543 0.616572 480.000000 640.000000
8 0.443204 0.573271 0.419131 0.504387 0.467277 0.642155 480.000000 640.000000
9 0.614369 0.460593 0.591519 0.399485 0.637220 0.521700 480.000000 640.000000
16 0.567459 0.440522 0.550402 0.379544 0.584517 0.501499 480.000000 640.000000
40 0.688376 0.437786 0.668667 0.371262 0.708086 0.504310 480.000000 640.000000
62 0.284387 0.484222 0.271360 0.421222 0.297413 0.547222 480.000000 640.000000
