1 0.503881 0.587849 0.486604 0.473912 0.521159 0.701786 480.000000 640.000000
3 0.341059 0.519562 0.320234 0.454888 0.361883 0.584236 480.000000 640.000000
13 0.532681 0.508550 0.511015 0.425417 0.554347 0.591683 480.000000 640.000000
8 0.241184 0.580227 0.215798 0.511307 0.266570 0.649147 480.000000 640.000000
10 0.764393 0.524739 0.742027 0.463540 0.786760 0.585937 480.000000 640.000000
16 0.830911 0.445782 0.812018 0.382599 0.849803 0.508966 480.000000 640.000000
33 0.094680 0.540685 0.078578 0.477072 0.110782 0.604298 480.000000 640.000000
6 0.128195 0.513514 0.103874 0.451894 0.152516 0.575134 480.000000 640.000000
12 0.750120 0.500626 0.737172 0.441176 0.763067 0.560075 480.000000 640.000000
40 0.963827 0.442142 0.943701 0.375117 0.983953 0.509168 480.000000 640.000000
4 0.547967 0.575988 0.527718 0.504394 0.568215 0.647581 480.000000 640.000000
9 0.374966 0.454117 0.351220 0.391626 0.398711 0.516607 480.000000 640.000000
