1 0.572760 0.629246 0.549888 0.560058 0.595632 0.698434 480.000000 640.000000
3 0.405508 0.516246 0.388287 0.449690 0.422730 0.582801 480.000000 640.000000
4 0.496501 0.572735 0.470202 0.503895 0.522801 0.641575 480.000000 640.000000
13 0.609483 0.497695 0.585242 0.429403 0.633725 0.565987 480.000000 640.000000
8 0.180902 0.588119 0.157579 0.524040 0.204225 0.652199 480.000000 640.000000
9 0.308266 0.460503 0.293037 0.398219 0.323495 0.522788 480.000000 640.000000
6 0.197096 0.541968 0.163200 0.454350 0.230993 0.629585 480.000000 640.000000
10 0.833511 0.523510 0.818099 0.464873 0.848923 0.582147 480.000000 640.000000
16 0.901157 0.442051 0.875993 0.381170 0.926320 0.502931 480.000000 640.000000
30 0.604016 0.523478 0.573474 0.427953 0.634558 0.619004 480.000000 640.000000
12 0.813351 0.498587 0.797205 0.441917 0.829497 0.555258 480.000000 640.000000
