1 0.298335 0.630516 0.278084 0.561973 0.318586 0.699060 480.000000 640.000000
13 0.316653 0.492342 0.288450 0.425604 0.344855 0.559080 480.000000 640.000000
4 0.707377 0.576001 0.685869 0.506178 0.728885 0.645823 480.000000 640.000000
48 0.146771 0.524203 0.120128 0.460674 0.173415 0.587732 480.000000 640.000000
10 0.559901 0.517514 0.540098 0.449341 0.579704 0.585687 480.000000 640.000000
54 0.077508 0.449635 0.055639 0.397998 0.099377 0.501272 480.000000 640.000000
25 0.245983 0.545923 0.215709 0.479821 0.276258 0.612026 480.000000 640.000000
16 0.619143 0.439813 0.599378 0.378233 0.638907 0.501393 480.000000 640.000000
40 0.745623 0.437220 0.728938 0.370869 0.762309 0.503571 480.000000 640.000000
8 0.397256 0.574384 0.372909 0.503827 0.421604 0.644941 480.000000 640.000000
58 0.573958 0.457292 0.553646 0.396875 0.594271 0.517708 480.000000 640.000000
