1 0.405001 0.633632 0.384789 0.564072 0.425213 0.703192 480.000000 640.000000
13 0.440623 0.494542 0.418516 0.427742 0.462730 0.561342 480.000000 640.000000
8 0.317365 0.578807 0.297647 0.508775 0.337083 0.648839 480.000000 640.000000
10 0.666513 0.520917 0.647834 0.456205 0.685191 0.585628 480.000000 640.000000
16 0.728321 0.448149 0.705829 0.385109 0.750812 0.511189 480.000000 640.000000
6 0.031338 0.515397 0.009787 0.455164 0.052889 0.575631 480.000000 640.000000
4 0.622230 0.579921 0.594967 0.511532 0.649494 0.648309 480.000000 640.000000
25 0.380771 0.537910 0.361450 0.472407 0.400092 0.603412 480.000000 640.000000
40 0.862013 0.443994 0.834727 0.381718 0.889300 0.506269 480.000000 640.000000
48 0.247077 0.516287 0.229521 0.447092 0.264632 0.585482 480.000000 640.000000
9 0.465520 0.454334 0.452637 0.390771 0.478404 0.517898 480.000000 640.000000
