1 0.513082 0.600897 0.489271 0.499687 0.536893 0.702107 480.000000 640.000000
3 0.349452 0.520110 0.323515 0.455875 0.375389 0.584346 480.000000 640.000000
13 0.546158 0.491966 0.525128 0.420102 0.567188 0.563831 480.000000 640.000000
8 0.233133 0.581436 0.205842 0.511234 0.260423 0.651638 480.000000 640.000000
10 0.769024 0.525493 0.743898 0.466867 0.794150 0.584119 480.000000 640.000000
16 0.838650 0.445462 0.818097 0.382574 0.859203 0.508351 480.000000 640.000000
33 0.104446 0.542617 0.087255 0.481416 0.121638 0.603818 480.000000 640.000000
6 0.135346 0.512538 0.117343 0.450308 0.153349 0.574769 480.000000 640.000000
12 0.755477 0.501827 0.742399 0.442711 0.768555 0.560944 480.000000 640.000000
40 0.976257 0.440880 0.959953 0.377690 0.992562 0.504071 480.000000 640.000000
4 0.547190 0.579833 0.525043 0.511296 0.569338 0.648370 480.000000 640.000000
9 0.371739 0.455685 0.347851 0.393962 0.395627 0.517409 480.000000 640.000000
