1 0.646530 0.626414 0.618549 0.557261 0.674511 0.695566 480.000000 640.000000
2 0.029404 0.501321 0.003944 0.439348 0.054864 0.563294 480.000000 640.000000
3 0.477636 0.516158 0.453028 0.452205 0.502245 0.580111 480.000000 640.000000
4 0.429602 0.569921 0.406393 0.500286 0.452810 0.639556 480.000000 640.000000
6 0.283969 0.529167 0.258673 0.462362 0.309265 0.595972 480.000000 640.000000
9 0.240618 0.467734 0.223605 0.401026 0.257632 0.534443 480.000000 640.000000
10 0.908478 0.520775 0.893679 0.460980 0.923278 0.580569 480.000000 640.000000
13 0.686216 0.524838 0.657271 0.416804 0.715161 0.632871 480.000000 640.000000
5 0.070319 0.552705 0.044461 0.487553 0.096177 0.617857 480.000000 640.000000
8 0.116417 0.586170 0.091789 0.517615 0.141046 0.654725 480.000000 640.000000
16 0.976328 0.438102 0.952771 0.377495 0.999885 0.498708 480.000000 640.000000
12 0.885392 0.495919 0.867183 0.438597 0.903600 0.553240 480.000000 640.000000
17 0.282720 0.533086 0.261164 0.468989 0.304276 0.597183 480.000000 640.000000
18 0.127897 0.578472 0.105404 0.515972 0.150391 0.640972 480.000000 640.000000
