1 0.452882 0.633294 0.434159 0.564421 0.471605 0.702166 480.000000 640.000000
13 0.484841 0.494301 0.460381 0.426820 0.509302 0.561783 480.000000 640.000000
8 0.280808 0.565235 0.255216 0.486072 0.306399 0.644398 480.000000 640.000000
10 0.715566 0.526585 0.701709 0.468307 0.729423 0.584862 480.000000 640.000000
16 0.775491 0.447225 0.753432 0.383834 0.797550 0.510617 480.000000 640.000000
33 0.032308 0.543370 0.001802 0.482799 0.062815 0.603942 480.000000 640.000000
6 0.080584 0.519384 0.056112 0.460880 0.105056 0.577889 480.000000 640.000000
12 0.696678 0.503992 0.682988 0.443966 0.710369 0.564019 480.000000 640.000000
4 0.587156 0.577541 0.564143 0.507549 0.610170 0.647532 480.000000 640.000000
9 0.419596 0.441656 0.404160 0.389660 0.435032 0.493652 480.000000 640.000000
25 0.434660 0.538706 0.413552 0.471034 0.455769 0.606379 480.000000 640.000000
40 0.910502 0.441127 0.884427 0.373988 0.936576 0.508266 480.000000 640.000000
