1 0.457037 0.631844 0.437708 0.562430 0.476367 0.701257 480.000000 640.000000
13 0.489698 0.493319 0.461480 0.426438 0.517916 0.560200 480.000000 640.000000
8 0.282588 0.561749 0.251702 0.475966 0.313475 0.647531 480.000000 640.000000
10 0.719664 0.526684 0.703715 0.468479 0.735613 0.584888 480.000000 640.000000
16 0.782955 0.447359 0.763273 0.382613 0.802637 0.512106 480.000000 640.000000
33 0.035963 0.541337 0.009323 0.480342 0.062602 0.602332 480.000000 640.000000
6 0.083703 0.516036 0.057184 0.454841 0.110221 0.577231 480.000000 640.000000
12 0.705592 0.501755 0.695074 0.442596 0.716109 0.560915 480.000000 640.000000
4 0.581510 0.578100 0.555496 0.508127 0.607525 0.648073 480.000000 640.000000
9 0.414632 0.453297 0.395183 0.390904 0.434081 0.515689 480.000000 640.000000
25 0.445906 0.536493 0.430335 0.470474 0.461476 0.602513 480.000000 640.000000
40 0.919211 0.446517 0.901895 0.384331 0.936526 0.508703 480.000000 640.000000
