1 0.443862 0.638260 0.421235 0.573731 0.466489 0.702788 480.000000 640.000000
13 0.479427 0.493637 0.459250 0.426888 0.499605 0.560387 480.000000 640.000000
8 0.282273 0.574238 0.259191 0.500970 0.305354 0.647506 480.000000 640.000000
10 0.707459 0.526953 0.690634 0.469180 0.724284 0.584726 480.000000 640.000000
16 0.769129 0.448382 0.743951 0.385551 0.794306 0.511213 480.000000 640.000000
33 0.028533 0.544039 -0.000715 0.483687 0.057781 0.604390 480.000000 640.000000
6 0.074714 0.513076 0.053785 0.451888 0.095643 0.574265 480.000000 640.000000
12 0.689539 0.506379 0.674265 0.445395 0.704813 0.567364 480.000000 640.000000
4 0.591961 0.577051 0.571047 0.506064 0.612876 0.648038 480.000000 640.000000
9 0.424850 0.437916 0.410724 0.388621 0.438976 0.487211 480.000000 640.000000
25 0.427158 0.540775 0.404007 0.472641 0.450309 0.608910 480.000000 640.000000
