1 0.221880 0.632515 0.195941 0.563784 0.247818 0.701246 480.000000 640.000000
13 0.241517 0.494618 0.218424 0.429325 0.264610 0.559910 480.000000 640.000000
4 0.772053 0.573988 0.743947 0.505703 0.800160 0.642273 480.000000 640.000000
48 0.072490 0.521709 0.048762 0.455422 0.096219 0.587995 480.000000 640.000000
10 0.485461 0.521199 0.469622 0.454811 0.501300 0.587587 480.000000 640.000000
54 0.140161 0.441722 0.119494 0.388745 0.160828 0.494700 480.000000 640.000000
25 0.147542 0.552686 0.113465 0.487676 0.181619 0.617695 480.000000 640.000000
8 0.467234 0.573781 0.443270 0.505365 0.491197 0.642197 480.000000 640.000000
9 0.644346 0.460435 0.620543 0.399178 0.668149 0.521693 480.000000 640.000000
16 0.543109 0.438915 0.519445 0.378913 0.566773 0.498916 480.000000 640.000000
63 0.664834 0.418525 0.651429 0.377385 0.678238 0.459664 480.000000 640.000000
40 0.664552 0.435305 0.648966 0.375207 0.680137 0.495403 480.000000 640.000000
