1 0.628601 0.624623 0.612605 0.554883 0.644596 0.694362 480.000000 640.000000
2 0.010517 0.499762 -0.000504 0.436589 0.021537 0.562935 480.000000 640.000000
3 0.456283 0.496406 0.439146 0.451489 0.473420 0.541323 480.000000 640.000000
4 0.453658 0.574760 0.427061 0.506839 0.480255 0.642681 480.000000 640.000000
10 0.882076 0.525076 0.857210 0.467263 0.906943 0.582889 480.000000 640.000000
13 0.669456 0.526386 0.639508 0.429608 0.699404 0.623165 480.000000 640.000000
5 0.043601 0.553497 0.026501 0.487982 0.060701 0.619011 480.000000 640.000000
8 0.138710 0.583818 0.119631 0.516073 0.157790 0.651564 480.000000 640.000000
16 0.956914 0.438071 0.934168 0.375256 0.979660 0.500886 480.000000 640.000000
12 0.869943 0.494883 0.858413 0.437625 0.881472 0.552140 480.000000 640.000000
9 0.257020 0.495158 0.235702 0.402443 0.278338 0.587874 480.000000 640.000000
