1 0.216347 0.631896 0.194072 0.563022 0.238621 0.700770 480.000000 640.000000
13 0.231576 0.493987 0.205508 0.428553 0.257644 0.559421 480.000000 640.000000
4 0.773767 0.574522 0.745434 0.506570 0.802100 0.642473 480.000000 640.000000
48 0.069098 0.523086 0.042390 0.457797 0.095806 0.588374 480.000000 640.000000
10 0.477479 0.524980 0.458672 0.462995 0.496285 0.586966 480.000000 640.000000
54 0.144598 0.441910 0.125539 0.388385 0.163656 0.495435 480.000000 640.000000
25 0.142378 0.552793 0.108222 0.486910 0.176534 0.618676 480.000000 640.000000
8 0.471182 0.555250 0.444217 0.467817 0.498148 0.642683 480.000000 640.000000
9 0.648548 0.456830 0.621877 0.390930 0.675220 0.522730 480.000000 640.000000
16 0.536900 0.438314 0.516627 0.377433 0.557174 0.499194 480.000000 640.000000
