1 0.310977 0.631907 0.282334 0.563655 0.339621 0.700159 480.000000 640.000000
13 0.348701 0.489145 0.322721 0.421020 0.374681 0.557270 480.000000 640.000000
4 0.696874 0.578381 0.668518 0.510094 0.725229 0.646668 480.000000 640.000000
48 0.158926 0.521023 0.141305 0.454775 0.176548 0.587271 480.000000 640.000000
9 0.550790 0.458178 0.536423 0.394385 0.565158 0.521972 480.000000 640.000000
10 0.579613 0.521136 0.554373 0.455970 0.604854 0.586303 480.000000 640.000000
54 0.064040 0.449263 0.048417 0.397495 0.079664 0.501031 480.000000 640.000000
25 0.262796 0.544852 0.233963 0.479606 0.291629 0.610098 480.000000 640.000000
16 0.634130 0.443904 0.607407 0.382443 0.660854 0.505364 480.000000 640.000000
40 0.763620 0.451288 0.733610 0.397278 0.793629 0.505299 480.000000 640.000000
8 0.390289 0.575157 0.369309 0.505024 0.411269 0.645291 480.000000 640.000000
12 0.559764 0.504762 0.544583 0.447417 0.574945 0.562107 480.000000 640.000000
