1 0.244724 0.631199 0.227593 0.561293 0.261855 0.701105 480.000000 640.000000
13 0.267054 0.494618 0.239215 0.428042 0.294893 0.561195 480.000000 640.000000
4 0.751325 0.570912 0.729190 0.502866 0.773460 0.638958 480.000000 640.000000
48 0.097794 0.521734 0.074863 0.453715 0.120725 0.589753 480.000000 640.000000
10 0.508673 0.519840 0.485389 0.452712 0.531956 0.586969 480.000000 640.000000
54 0.120878 0.442492 0.105894 0.390875 0.135861 0.494108 480.000000 640.000000
25 0.179613 0.548641 0.164117 0.480999 0.195109 0.616283 480.000000 640.000000
8 0.447460 0.572819 0.424800 0.504283 0.470120 0.641356 480.000000 640.000000
9 0.616329 0.460205 0.595382 0.398813 0.637275 0.521598 480.000000 640.000000
16 0.563664 0.440063 0.547257 0.379256 0.580072 0.500869 480.000000 640.000000
40 0.687996 0.437324 0.670095 0.373028 0.705897 0.501620 480.000000 640.000000
62 0.281406 0.482256 0.267776 0.420164 0.295036 0.544347 480.000000 640.000000
