1 0.237120 0.631702 0.217449 0.561693 0.256790 0.701710 480.000000 640.000000
13 0.263282 0.494039 0.238939 0.429025 0.287625 0.559054 480.000000 640.000000
4 0.754729 0.572133 0.732585 0.503075 0.776872 0.641190 480.000000 640.000000
48 0.089849 0.520199 0.070166 0.454755 0.109532 0.585642 480.000000 640.000000
10 0.505232 0.520580 0.478304 0.453514 0.532160 0.587645 480.000000 640.000000
54 0.126054 0.441199 0.110430 0.388856 0.141679 0.493541 480.000000 640.000000
25 0.170787 0.548451 0.154355 0.479724 0.187218 0.617177 480.000000 640.000000
8 0.452730 0.572571 0.430955 0.505196 0.474505 0.639947 480.000000 640.000000
9 0.621144 0.458256 0.604965 0.395605 0.637323 0.520906 480.000000 640.000000
16 0.557049 0.439954 0.535853 0.378190 0.578244 0.501718 480.000000 640.000000
40 0.681675 0.441438 0.657622 0.381478 0.705728 0.501398 480.000000 640.000000
46 0.275280 0.484694 0.259507 0.424629 0.291053 0.544759 480.000000 640.000000
