1 0.249790 0.631757 0.232403 0.562035 0.267176 0.701479 480.000000 640.000000
13 0.270280 0.493129 0.241376 0.426214 0.299183 0.560044 480.000000 640.000000
4 0.745390 0.572984 0.723159 0.503181 0.767621 0.642787 480.000000 640.000000
48 0.103399 0.523559 0.079101 0.459050 0.127697 0.588067 480.000000 640.000000
10 0.513653 0.520677 0.493952 0.454560 0.533353 0.586793 480.000000 640.000000
54 0.116386 0.442291 0.101055 0.390000 0.131718 0.494583 480.000000 640.000000
25 0.189458 0.550492 0.169022 0.484291 0.209893 0.616693 480.000000 640.000000
8 0.438560 0.573863 0.414407 0.504666 0.462713 0.643061 480.000000 640.000000
9 0.612559 0.460966 0.587642 0.399419 0.637476 0.522513 480.000000 640.000000
16 0.570439 0.441180 0.553488 0.380355 0.587391 0.502006 480.000000 640.000000
40 0.692875 0.437293 0.675296 0.370966 0.710454 0.503620 480.000000 640.000000
62 0.286198 0.484722 0.273177 0.421181 0.299219 0.548264 480.000000 640.000000
