1 0.522255 0.618320 0.490138 0.534931 0.554371 0.701709 480.000000 640.000000
3 0.356048 0.489866 0.330677 0.396129 0.381419 0.583602 480.000000 640.000000
13 0.559673 0.491380 0.539609 0.419380 0.579736 0.563380 480.000000 640.000000
8 0.219368 0.580873 0.195205 0.510013 0.243530 0.651733 480.000000 640.000000
10 0.777881 0.526509 0.757146 0.468681 0.798615 0.584338 480.000000 640.000000
16 0.848586 0.446880 0.822254 0.385376 0.874917 0.508385 480.000000 640.000000
33 0.121776 0.542812 0.092371 0.481503 0.151182 0.604121 480.000000 640.000000
6 0.146195 0.511748 0.130710 0.450690 0.161679 0.572807 480.000000 640.000000
12 0.760858 0.502051 0.742218 0.443558 0.779497 0.560543 480.000000 640.000000
40 0.980472 0.438421 0.961320 0.372661 0.999624 0.504180 480.000000 640.000000
