2 0.879086 0.620606 0.850916 0.553824 0.907257 0.687387 480.000000 640.000000
3 0.622825 0.527074 0.596930 0.465445 0.648719 0.588703 480.000000 640.000000
4 0.433444 0.512623 0.417683 0.449607 0.449204 0.575639 480.000000 640.000000
6 0.585298 0.491325 0.557752 0.423627 0.612843 0.559022 480.000000 640.000000
9 0.616373 0.450479 0.599750 0.390372 0.632995 0.510585 480.000000 640.000000
13 0.838471 0.491951 0.823651 0.430392 0.853290 0.553511 480.000000 640.000000
18 0.131551 0.484488 0.114874 0.423215 0.148227 0.545760 480.000000 640.000000
8 0.221289 0.525668 0.200667 0.453786 0.241911 0.597549 480.000000 640.000000
10 0.203686 0.591289 0.180058 0.518041 0.227314 0.664536 480.000000 640.000000
7 0.171660 0.585810 0.157379 0.524443 0.185942 0.647177 480.000000 640.000000
1 0.155009 0.551064 0.141718 0.494922 0.168300 0.607206 480.000000 640.000000
20 0.989857 0.500617 0.979905 0.436866 0.999808 0.564368 480.000000 640.000000
