10 0.493337 0.606158 0.471758 0.531607 0.514916 0.680709 480.000000 640.000000
28 0.646042 0.502372 0.622237 0.433678 0.669846 0.571066 480.000000 640.000000
6 0.239425 0.488114 0.212311 0.420550 0.266539 0.555679 480.000000 640.000000
3 0.164420 0.493994 0.146287 0.432361 0.182554 0.555627 480.000000 640.000000
35 0.113956 0.568036 0.094827 0.505684 0.133086 0.630387 480.000000 640.000000
8 0.495091 0.530596 0.474484 0.459088 0.515698 0.602103 480.000000 640.000000
47 0.425320 0.489001 0.398660 0.426753 0.451981 0.551249 480.000000 640.000000
7 0.462655 0.588648 0.445953 0.524808 0.479357 0.652488 480.000000 640.000000
31 0.082693 0.507374 0.065845 0.456463 0.099542 0.558285 480.000000 640.000000
52 0.646875 0.526736 0.622917 0.483681 0.670833 0.569792 480.000000 640.000000
