4 0.332715 0.507227 0.314228 0.445013 0.351203 0.569441 480.000000 640.000000
9 0.500738 0.449142 0.488356 0.389932 0.513120 0.508353 480.000000 640.000000
13 0.711571 0.491723 0.695870 0.430079 0.727272 0.553367 480.000000 640.000000
18 0.015788 0.472689 0.002392 0.409943 0.029184 0.535435 480.000000 640.000000
8 0.302012 0.530861 0.281984 0.467034 0.322039 0.594689 480.000000 640.000000
10 0.286573 0.592064 0.259141 0.512522 0.314004 0.671606 480.000000 640.000000
7 0.254676 0.584845 0.233108 0.522234 0.276244 0.647456 480.000000 640.000000
1 0.050345 0.534206 0.031880 0.475327 0.068809 0.593085 480.000000 640.000000
28 0.893404 0.495646 0.878319 0.438076 0.908488 0.553216 480.000000 640.000000
3 0.484808 0.512636 0.454992 0.444086 0.514625 0.581186 480.000000 640.000000
