8 0.444150 0.529475 0.421663 0.464383 0.466636 0.594568 480.000000 640.000000
10 0.436394 0.608482 0.415606 0.534677 0.457182 0.682286 480.000000 640.000000
28 0.715557 0.497620 0.698972 0.435751 0.732143 0.559488 480.000000 640.000000
13 0.500852 0.485622 0.478356 0.426713 0.523348 0.544530 480.000000 640.000000
31 0.148572 0.497702 0.124962 0.436355 0.172183 0.559050 480.000000 640.000000
6 0.299452 0.485251 0.277768 0.415938 0.321135 0.554563 480.000000 640.000000
3 0.246345 0.502068 0.227617 0.439405 0.265074 0.564732 480.000000 640.000000
35 0.057598 0.581127 0.029730 0.509203 0.085466 0.653050 480.000000 640.000000
7 0.407246 0.588545 0.388416 0.523832 0.426076 0.653258 480.000000 640.000000
41 0.289735 0.441675 0.274149 0.386747 0.305320 0.496603 480.000000 640.000000
