2 0.925583 0.620143 0.896391 0.553692 0.954776 0.686594 480.000000 640.000000
3 0.576579 0.525081 0.549075 0.464551 0.604082 0.585611 480.000000 640.000000
4 0.397958 0.508783 0.382630 0.445897 0.413286 0.571670 480.000000 640.000000
6 0.547701 0.487182 0.525939 0.422737 0.569464 0.551627 480.000000 640.000000
9 0.579585 0.438467 0.567385 0.389008 0.591786 0.487927 480.000000 640.000000
13 0.797071 0.492355 0.782085 0.430409 0.812057 0.554301 480.000000 640.000000
18 0.094604 0.481339 0.079883 0.421016 0.109326 0.541662 480.000000 640.000000
8 0.251006 0.529400 0.226584 0.464126 0.275427 0.594674 480.000000 640.000000
10 0.226002 0.593110 0.210431 0.519579 0.241573 0.666640 480.000000 640.000000
7 0.200771 0.585143 0.185453 0.520684 0.216089 0.649602 480.000000 640.000000
1 0.121593 0.547983 0.103415 0.486656 0.139772 0.609310 480.000000 640.000000
20 0.960986 0.502135 0.943325 0.436305 0.978646 0.567966 480.000000 640.000000
