1 0.227792 0.565177 0.205891 0.504281 0.249693 0.626072 480.000000 640.000000
2 0.794599 0.622923 0.774398 0.555568 0.814799 0.690278 480.000000 640.000000
3 0.713281 0.527098 0.685956 0.466686 0.740605 0.587509 480.000000 640.000000
4 0.495301 0.516444 0.468654 0.453766 0.521948 0.579121 480.000000 640.000000
5 0.205914 0.490924 0.186437 0.433153 0.225390 0.548695 480.000000 640.000000
6 0.652940 0.493189 0.634920 0.421970 0.670959 0.564408 480.000000 640.000000
7 0.112844 0.587247 0.091335 0.521910 0.134352 0.652584 480.000000 640.000000
8 0.180084 0.527073 0.163401 0.456894 0.196766 0.597252 480.000000 640.000000
9 0.690299 0.455622 0.670305 0.398847 0.710294 0.512398 480.000000 640.000000
10 0.146065 0.589613 0.125275 0.517928 0.166854 0.661298 480.000000 640.000000
11 0.633150 0.485203 0.619474 0.439563 0.646827 0.530843 480.000000 640.000000
12 0.917188 0.488889 0.903646 0.423264 0.930729 0.554514 480.000000 640.000000
