1 0.200861 0.553699 0.184128 0.488809 0.217594 0.618590 480.000000 640.000000
2 0.830555 0.623214 0.802247 0.555831 0.858863 0.690596 480.000000 640.000000
3 0.678935 0.526971 0.658730 0.465030 0.699139 0.588912 480.000000 640.000000
4 0.472521 0.514543 0.457709 0.450455 0.487333 0.578631 480.000000 640.000000
6 0.625138 0.493419 0.598795 0.419372 0.651482 0.567467 480.000000 640.000000
7 0.138807 0.587422 0.121951 0.523579 0.155663 0.651265 480.000000 640.000000
9 0.662170 0.452687 0.649133 0.393537 0.675206 0.511837 480.000000 640.000000
10 0.172505 0.590301 0.147821 0.517668 0.197188 0.662934 480.000000 640.000000
13 0.887002 0.493433 0.867918 0.432456 0.906085 0.554411 480.000000 640.000000
15 0.191536 0.531597 0.164844 0.444097 0.218229 0.619097 480.000000 640.000000
