1 0.220174 0.566002 0.194102 0.505724 0.246247 0.626281 480.000000 640.000000
2 0.809782 0.621623 0.794654 0.553155 0.824911 0.690091 480.000000 640.000000
3 0.706566 0.527445 0.680062 0.467036 0.733070 0.587855 480.000000 640.000000
4 0.491056 0.517463 0.465126 0.455232 0.516986 0.579694 480.000000 640.000000
6 0.642518 0.500742 0.616345 0.437666 0.668691 0.563817 480.000000 640.000000
7 0.126101 0.586390 0.110049 0.522063 0.142152 0.650718 480.000000 640.000000
8 0.180309 0.530528 0.158463 0.467468 0.202155 0.593589 480.000000 640.000000
9 0.681249 0.453899 0.664453 0.398563 0.698044 0.509235 480.000000 640.000000
10 0.152122 0.589368 0.133546 0.516821 0.170698 0.661915 480.000000 640.000000
13 0.903204 0.492789 0.879453 0.431338 0.926954 0.554239 480.000000 640.000000
11 0.635187 0.475346 0.620470 0.420812 0.649905 0.529879 480.000000 640.000000
