8 0.457910 0.532097 0.434960 0.464711 0.480861 0.599484 480.000000 640.000000
10 0.448507 0.606288 0.430014 0.530511 0.466999 0.682066 480.000000 640.000000
28 0.697630 0.503816 0.681172 0.436177 0.714088 0.571456 480.000000 640.000000
13 0.485008 0.491271 0.469699 0.430532 0.500318 0.552010 480.000000 640.000000
31 0.134271 0.495371 0.118997 0.434066 0.149545 0.556675 480.000000 640.000000
6 0.287149 0.486194 0.264348 0.417625 0.309951 0.554764 480.000000 640.000000
3 0.231870 0.503375 0.204731 0.443155 0.259008 0.563595 480.000000 640.000000
35 0.066036 0.579019 0.045859 0.506459 0.086214 0.651578 480.000000 640.000000
7 0.424166 0.587890 0.409713 0.524272 0.438619 0.651509 480.000000 640.000000
46 0.464323 0.535764 0.445833 0.471181 0.482812 0.600347 480.000000 640.000000
