8 0.430446 0.527493 0.411647 0.457769 0.449245 0.597218 480.000000 640.000000
10 0.426986 0.612147 0.400431 0.540854 0.453541 0.683440 480.000000 640.000000
28 0.724300 0.505515 0.701436 0.438498 0.747163 0.572531 480.000000 640.000000
13 0.515734 0.492716 0.490067 0.431684 0.541400 0.553748 480.000000 640.000000
31 0.161941 0.496918 0.146780 0.433422 0.177102 0.560414 480.000000 640.000000
6 0.319254 0.491439 0.292560 0.426917 0.345949 0.555962 480.000000 640.000000
3 0.266155 0.512603 0.240825 0.457748 0.291484 0.567458 480.000000 640.000000
35 0.039258 0.577722 0.017586 0.506289 0.060931 0.649156 480.000000 640.000000
7 0.396112 0.586267 0.375748 0.522808 0.416477 0.649726 480.000000 640.000000
41 0.310071 0.422467 0.296164 0.389137 0.323978 0.455798 480.000000 640.000000
