10 0.498918 0.609147 0.473789 0.536956 0.524047 0.681339 480.000000 640.000000
28 0.639404 0.489827 0.617473 0.435143 0.661335 0.544511 480.000000 640.000000
6 0.236833 0.488554 0.211524 0.420216 0.262142 0.556892 480.000000 640.000000
3 0.158245 0.493670 0.135545 0.432952 0.180945 0.554389 480.000000 640.000000
35 0.118981 0.573962 0.096881 0.506430 0.141080 0.641494 480.000000 640.000000
8 0.498010 0.528839 0.478100 0.460200 0.517919 0.597477 480.000000 640.000000
47 0.420327 0.487765 0.397927 0.426335 0.442727 0.549195 480.000000 640.000000
7 0.465526 0.589345 0.446825 0.527298 0.484227 0.651391 480.000000 640.000000
31 0.078878 0.505421 0.060022 0.452569 0.097735 0.558274 480.000000 640.000000
53 0.414063 0.487847 0.398958 0.426042 0.429167 0.549653 480.000000 640.000000
