2 0.931400 0.619017 0.904806 0.553020 0.957993 0.685014 480.000000 640.000000
3 0.574484 0.525975 0.545895 0.466703 0.603073 0.585248 480.000000 640.000000
4 0.393676 0.515077 0.377471 0.458588 0.409881 0.571566 480.000000 640.000000
6 0.542723 0.484230 0.521340 0.421655 0.564107 0.546805 480.000000 640.000000
9 0.575244 0.444256 0.559390 0.391104 0.591098 0.497408 480.000000 640.000000
13 0.791149 0.486765 0.776149 0.428237 0.806148 0.545293 480.000000 640.000000
18 0.086897 0.480746 0.069239 0.422040 0.104555 0.539451 480.000000 640.000000
8 0.253722 0.529332 0.230171 0.463288 0.277273 0.595377 480.000000 640.000000
10 0.233309 0.593343 0.216324 0.517496 0.250295 0.669190 480.000000 640.000000
7 0.206401 0.585141 0.192734 0.520520 0.220068 0.649761 480.000000 640.000000
1 0.114778 0.547966 0.094504 0.487288 0.135052 0.608645 480.000000 640.000000
20 0.956285 0.502175 0.938336 0.436023 0.974233 0.568326 480.000000 640.000000
