4 0.373894 0.510657 0.350791 0.448316 0.396998 0.572998 480.000000 640.000000
6 0.523918 0.482720 0.506651 0.419038 0.541185 0.546402 480.000000 640.000000
9 0.549023 0.436911 0.535588 0.388711 0.562458 0.485110 480.000000 640.000000
13 0.763428 0.492582 0.737623 0.432707 0.789234 0.552457 480.000000 640.000000
18 0.062681 0.478603 0.047561 0.421369 0.077801 0.535837 480.000000 640.000000
8 0.270658 0.523115 0.248275 0.457355 0.293041 0.588874 480.000000 640.000000
10 0.251076 0.596394 0.227466 0.519666 0.274687 0.673121 480.000000 640.000000
7 0.218717 0.586023 0.196789 0.522501 0.240646 0.649546 480.000000 640.000000
1 0.094476 0.543398 0.076560 0.484614 0.112393 0.602183 480.000000 640.000000
24 0.541685 0.498297 0.520029 0.410686 0.563342 0.585909 480.000000 640.000000
28 0.935945 0.502284 0.915625 0.440022 0.956265 0.564547 480.000000 640.000000
2 0.961916 0.619556 0.937786 0.553489 0.986047 0.685623 480.000000 640.000000
3 0.541024 0.525825 0.519544 0.467322 0.562503 0.584328 480.000000 640.000000
