4 0.336588 0.508372 0.313501 0.446418 0.359676 0.570326 480.000000 640.000000
9 0.506047 0.446359 0.493898 0.390158 0.518196 0.502560 480.000000 640.000000
13 0.718011 0.493397 0.695794 0.432450 0.740228 0.554344 480.000000 640.000000
18 0.022978 0.474558 0.008720 0.413695 0.037237 0.535421 480.000000 640.000000
8 0.297131 0.526618 0.277374 0.463768 0.316888 0.589467 480.000000 640.000000
10 0.286123 0.576892 0.256443 0.481723 0.315802 0.672061 480.000000 640.000000
7 0.251718 0.585193 0.231358 0.522204 0.272078 0.648183 480.000000 640.000000
1 0.055396 0.534086 0.037779 0.475147 0.073014 0.593025 480.000000 640.000000
28 0.896478 0.497336 0.876764 0.438916 0.916191 0.555756 480.000000 640.000000
2 0.992983 0.635176 0.985845 0.584273 1.000122 0.686078 480.000000 640.000000
3 0.489233 0.506478 0.460897 0.431725 0.517570 0.581232 480.000000 640.000000
