8 0.454594 0.531868 0.430645 0.464312 0.478544 0.599423 480.000000 640.000000
10 0.443860 0.603557 0.426939 0.524818 0.460782 0.682296 480.000000 640.000000
28 0.704314 0.504052 0.688946 0.436921 0.719681 0.571184 480.000000 640.000000
13 0.486126 0.490284 0.470085 0.428174 0.502167 0.552395 480.000000 640.000000
31 0.140517 0.496856 0.119998 0.435076 0.161036 0.558636 480.000000 640.000000
6 0.290889 0.484276 0.271438 0.415199 0.310340 0.553353 480.000000 640.000000
3 0.235037 0.502409 0.207184 0.441199 0.262890 0.563620 480.000000 640.000000
35 0.063721 0.579986 0.040078 0.506687 0.087363 0.653285 480.000000 640.000000
7 0.421476 0.587290 0.407861 0.523869 0.435091 0.650710 480.000000 640.000000
43 0.274740 0.507292 0.255729 0.460417 0.293750 0.554167 480.000000 640.000000
44 0.704167 0.523958 0.688542 0.477083 0.719792 0.570833 480.000000 640.000000
45 0.704167 0.473958 0.691146 0.435764 0.717187 0.512153 480.000000 640.000000
