2 0.881549 0.620530 0.854835 0.553818 0.908263 0.687242 480.000000 640.000000
3 0.620106 0.526598 0.592242 0.464601 0.647969 0.588595 480.000000 640.000000
4 0.430276 0.511275 0.413135 0.448304 0.447418 0.574246 480.000000 640.000000
6 0.586129 0.492201 0.563463 0.425227 0.608794 0.559176 480.000000 640.000000
9 0.616111 0.443846 0.601621 0.391096 0.630601 0.496597 480.000000 640.000000
13 0.836616 0.492642 0.823302 0.430437 0.849929 0.554848 480.000000 640.000000
18 0.126986 0.484191 0.107974 0.423285 0.145999 0.545097 480.000000 640.000000
8 0.222909 0.528648 0.202049 0.459955 0.243770 0.597341 480.000000 640.000000
10 0.206612 0.591298 0.181450 0.518260 0.231775 0.664335 480.000000 640.000000
7 0.173385 0.584372 0.157925 0.521369 0.188844 0.647375 480.000000 640.000000
1 0.151660 0.551778 0.135636 0.495000 0.167685 0.608555 480.000000 640.000000
20 0.988667 0.499485 0.977442 0.435042 0.999892 0.563929 480.000000 640.000000
22 0.577604 0.482986 0.555208 0.423264 0.600000 0.542708 480.000000 640.000000
