1 0.218658 0.565802 0.193640 0.504992 0.243675 0.626611 480.000000 640.000000
2 0.814168 0.621673 0.797014 0.553681 0.831322 0.689666 480.000000 640.000000
3 0.703344 0.526927 0.679792 0.466034 0.726896 0.587819 480.000000 640.000000
4 0.489201 0.517427 0.464881 0.455993 0.513522 0.578861 480.000000 640.000000
6 0.641230 0.502087 0.614246 0.440098 0.668213 0.564076 480.000000 640.000000
7 0.129460 0.586373 0.114996 0.522183 0.143924 0.650563 480.000000 640.000000
8 0.180673 0.528351 0.159176 0.464223 0.202170 0.592480 480.000000 640.000000
9 0.678469 0.455401 0.661960 0.399031 0.694978 0.511772 480.000000 640.000000
10 0.154272 0.589983 0.135668 0.516645 0.172876 0.663321 480.000000 640.000000
13 0.901830 0.493788 0.877544 0.432613 0.926117 0.554963 480.000000 640.000000
11 0.634626 0.473348 0.620593 0.418190 0.648658 0.528505 480.000000 640.000000
