10 0.473255 0.610970 0.452102 0.539826 0.494407 0.682114 480.000000 640.000000
28 0.669736 0.486615 0.652236 0.436073 0.687236 0.537156 480.000000 640.000000
31 0.108437 0.503247 0.087931 0.454714 0.128943 0.551780 480.000000 640.000000
6 0.256732 0.485231 0.239905 0.417043 0.273559 0.553419 480.000000 640.000000
3 0.192852 0.499529 0.167065 0.437931 0.218638 0.561126 480.000000 640.000000
35 0.101677 0.566288 0.072216 0.479600 0.131139 0.652977 480.000000 640.000000
8 0.473900 0.523762 0.449820 0.450258 0.497979 0.597265 480.000000 640.000000
47 0.444271 0.485069 0.429167 0.425694 0.459375 0.544444 480.000000 640.000000
48 0.448958 0.585069 0.436979 0.519097 0.460938 0.651042 480.000000 640.000000
7 0.442957 0.586919 0.425341 0.522239 0.460572 0.651599 480.000000 640.000000
