2 0.901763 0.618797 0.885774 0.551227 0.917753 0.686367 480.000000 640.000000
3 0.608097 0.523087 0.588229 0.459551 0.627966 0.586624 480.000000 640.000000
4 0.415123 0.512430 0.388772 0.452994 0.441475 0.571867 480.000000 640.000000
6 0.568547 0.477226 0.554546 0.421526 0.582548 0.532926 480.000000 640.000000
9 0.604924 0.442934 0.591935 0.396427 0.617913 0.489441 480.000000 640.000000
13 0.817674 0.493589 0.793021 0.433255 0.842327 0.553922 480.000000 640.000000
18 0.113374 0.485660 0.092555 0.429279 0.134193 0.542042 480.000000 640.000000
8 0.230862 0.530057 0.211914 0.466954 0.249809 0.593160 480.000000 640.000000
10 0.213726 0.592223 0.187325 0.518786 0.240127 0.665659 480.000000 640.000000
7 0.179608 0.583266 0.158700 0.521124 0.200515 0.645407 480.000000 640.000000
1 0.141727 0.554672 0.117487 0.494779 0.165967 0.614565 480.000000 640.000000
20 0.976838 0.505054 0.953704 0.440794 0.999972 0.569315 480.000000 640.000000
24 0.608641 0.493094 0.590782 0.401016 0.626499 0.585173 480.000000 640.000000
25 0.574624 0.494848 0.558409 0.432555 0.590838 0.557140 480.000000 640.000000
