2 0.937586 0.618199 0.917279 0.552456 0.957894 0.683942 480.000000 640.000000
4 0.388046 0.513996 0.368246 0.458475 0.407846 0.569517 480.000000 640.000000
6 0.540338 0.485216 0.522269 0.420340 0.558407 0.550092 480.000000 640.000000
9 0.573046 0.449069 0.554950 0.391495 0.591143 0.506642 480.000000 640.000000
13 0.783948 0.491394 0.763886 0.430260 0.804011 0.552528 480.000000 640.000000
18 0.080004 0.480418 0.059094 0.423133 0.100914 0.537702 480.000000 640.000000
8 0.255376 0.529483 0.234129 0.463171 0.276622 0.595794 480.000000 640.000000
10 0.240504 0.594291 0.220931 0.519240 0.260078 0.669343 480.000000 640.000000
7 0.209765 0.585500 0.194569 0.520692 0.224960 0.650307 480.000000 640.000000
1 0.108094 0.547731 0.084156 0.487793 0.132032 0.607670 480.000000 640.000000
20 0.953091 0.512183 0.934858 0.455940 0.971325 0.568427 480.000000 640.000000
24 0.571492 0.488872 0.548708 0.394436 0.594277 0.583309 480.000000 640.000000
