4 0.369415 0.512734 0.350680 0.446037 0.388150 0.579432 480.000000 640.000000
6 0.515989 0.479061 0.495487 0.421421 0.536490 0.536701 480.000000 640.000000
9 0.544321 0.437253 0.531535 0.388147 0.557107 0.486359 480.000000 640.000000
13 0.758189 0.489868 0.740136 0.431414 0.776242 0.548322 480.000000 640.000000
18 0.058794 0.477148 0.044772 0.417120 0.072815 0.537177 480.000000 640.000000
8 0.271345 0.528821 0.251196 0.457639 0.291494 0.600003 480.000000 640.000000
10 0.259995 0.595122 0.234348 0.518282 0.285642 0.671961 480.000000 640.000000
7 0.223161 0.585354 0.200748 0.520913 0.245573 0.649795 480.000000 640.000000
1 0.088883 0.542025 0.071095 0.482500 0.106670 0.601550 480.000000 640.000000
28 0.930976 0.494086 0.912334 0.436574 0.949618 0.551599 480.000000 640.000000
2 0.967533 0.620173 0.939244 0.554482 0.995823 0.685865 480.000000 640.000000
3 0.535690 0.524863 0.510164 0.465798 0.561217 0.583929 480.000000 640.000000
