1 0.208409 0.559589 0.192921 0.500150 0.223897 0.619028 480.000000 640.000000
2 0.827256 0.621800 0.800415 0.555700 0.854097 0.687901 480.000000 640.000000
3 0.689050 0.526649 0.672913 0.464424 0.705187 0.588875 480.000000 640.000000
4 0.478078 0.514718 0.462749 0.452548 0.493407 0.576888 480.000000 640.000000
6 0.634912 0.493912 0.609642 0.421448 0.660181 0.566377 480.000000 640.000000
7 0.137248 0.586685 0.122068 0.522304 0.152428 0.651066 480.000000 640.000000
8 0.184409 0.523327 0.167023 0.454543 0.201796 0.592111 480.000000 640.000000
9 0.669536 0.454049 0.657938 0.394105 0.681134 0.513993 480.000000 640.000000
10 0.168686 0.590567 0.146930 0.518333 0.190443 0.662801 480.000000 640.000000
13 0.893046 0.494202 0.868123 0.433278 0.917968 0.555126 480.000000 640.000000
