2 0.888270 0.619864 0.868748 0.552419 0.907792 0.687309 480.000000 640.000000
3 0.616820 0.525721 0.588225 0.461514 0.645415 0.589929 480.000000 640.000000
4 0.422486 0.510204 0.400908 0.448365 0.444065 0.572042 480.000000 640.000000
6 0.574459 0.484644 0.553939 0.423411 0.594979 0.545876 480.000000 640.000000
9 0.611277 0.442028 0.597378 0.393300 0.625175 0.490756 480.000000 640.000000
13 0.828159 0.491671 0.812720 0.428644 0.843597 0.554698 480.000000 640.000000
18 0.120337 0.484278 0.097824 0.426106 0.142850 0.542451 480.000000 640.000000
8 0.226555 0.530129 0.205343 0.465355 0.247767 0.594903 480.000000 640.000000
10 0.210515 0.591808 0.184414 0.519113 0.236616 0.664503 480.000000 640.000000
7 0.176585 0.582929 0.159350 0.520495 0.193821 0.645362 480.000000 640.000000
1 0.147300 0.561643 0.125076 0.494278 0.169524 0.629008 480.000000 640.000000
20 0.982804 0.502900 0.965691 0.438109 0.999917 0.567692 480.000000 640.000000
24 0.618362 0.492940 0.590551 0.396280 0.646173 0.589600 480.000000 640.000000
