2 0.868269 0.619305 0.845356 0.552369 0.891181 0.686241 480.000000 640.000000
3 0.645748 0.526691 0.630215 0.464580 0.661282 0.588802 480.000000 640.000000
4 0.446882 0.516220 0.425735 0.450684 0.468029 0.581756 480.000000 640.000000
6 0.601010 0.491445 0.574251 0.421541 0.627770 0.561349 480.000000 640.000000
9 0.631866 0.450800 0.619989 0.393467 0.643743 0.508133 480.000000 640.000000
13 0.852869 0.493522 0.826280 0.433210 0.879458 0.553834 480.000000 640.000000
18 0.145299 0.483209 0.129894 0.423846 0.160704 0.542572 480.000000 640.000000
8 0.214846 0.528437 0.191257 0.458809 0.238435 0.598064 480.000000 640.000000
10 0.192219 0.591947 0.176750 0.519897 0.207687 0.663996 480.000000 640.000000
7 0.158161 0.583503 0.143922 0.520120 0.172400 0.646886 480.000000 640.000000
1 0.173259 0.555829 0.160933 0.497646 0.185586 0.614011 480.000000 640.000000
