4 0.360637 0.506036 0.346541 0.443138 0.374733 0.568934 480.000000 640.000000
6 0.507968 0.486583 0.487337 0.422612 0.528598 0.550554 480.000000 640.000000
9 0.537761 0.447183 0.524170 0.388889 0.551353 0.505478 480.000000 640.000000
13 0.749429 0.490710 0.734358 0.429892 0.764500 0.551527 480.000000 640.000000
18 0.050045 0.475771 0.034996 0.415196 0.065094 0.536346 480.000000 640.000000
8 0.279817 0.531977 0.258309 0.461509 0.301324 0.602445 480.000000 640.000000
10 0.261331 0.593998 0.242350 0.516342 0.280313 0.671653 480.000000 640.000000
7 0.231564 0.583903 0.213594 0.519405 0.249533 0.648400 480.000000 640.000000
1 0.081605 0.540631 0.063712 0.479851 0.099498 0.601411 480.000000 640.000000
28 0.925494 0.510377 0.909249 0.456988 0.941739 0.563766 480.000000 640.000000
2 0.971985 0.621749 0.944891 0.554912 0.999079 0.688585 480.000000 640.000000
3 0.528532 0.523226 0.501607 0.462226 0.555458 0.584226 480.000000 640.000000
