1 0.211235 0.560613 0.193609 0.500876 0.228861 0.620351 480.000000 640.000000
2 0.824905 0.622428 0.800134 0.555889 0.849676 0.688968 480.000000 640.000000
3 0.691832 0.525928 0.674495 0.465016 0.709169 0.586839 480.000000 640.000000
4 0.481458 0.515182 0.464812 0.452345 0.498103 0.578019 480.000000 640.000000
6 0.636797 0.495079 0.610877 0.424559 0.662717 0.565599 480.000000 640.000000
7 0.136090 0.585891 0.122123 0.521787 0.150056 0.649995 480.000000 640.000000
8 0.183395 0.539276 0.165182 0.486485 0.201609 0.592068 480.000000 640.000000
9 0.672406 0.454572 0.659516 0.395246 0.685296 0.513898 480.000000 640.000000
10 0.164926 0.590341 0.143834 0.516848 0.186017 0.663834 480.000000 640.000000
13 0.895576 0.494186 0.869042 0.432860 0.922110 0.555513 480.000000 640.000000
