4 0.338496 0.507754 0.312486 0.445955 0.364507 0.569553 480.000000 640.000000
9 0.515383 0.446266 0.500976 0.392155 0.529790 0.500378 480.000000 640.000000
13 0.724997 0.493396 0.698297 0.432724 0.751698 0.554068 480.000000 640.000000
18 0.029699 0.476895 0.010582 0.418215 0.048815 0.535575 480.000000 640.000000
8 0.290860 0.531680 0.271148 0.461998 0.310572 0.601363 480.000000 640.000000
10 0.281345 0.592594 0.254628 0.513205 0.308063 0.671984 480.000000 640.000000
7 0.247888 0.584401 0.230250 0.520168 0.265525 0.648634 480.000000 640.000000
1 0.064558 0.537186 0.045000 0.475841 0.084116 0.598531 480.000000 640.000000
28 0.902885 0.503533 0.877685 0.437255 0.928085 0.569812 480.000000 640.000000
2 0.992624 0.626073 0.984978 0.566060 1.000270 0.686085 480.000000 640.000000
3 0.497934 0.519026 0.476577 0.455833 0.519291 0.582219 480.000000 640.000000
