4 0.348182 0.508249 0.327889 0.446651 0.368474 0.569848 480.000000 640.000000
9 0.530088 0.449612 0.512489 0.393180 0.547687 0.506044 480.000000 640.000000
13 0.736827 0.491673 0.713314 0.429372 0.760341 0.553975 480.000000 640.000000
18 0.037763 0.477223 0.013778 0.418399 0.061749 0.536047 480.000000 640.000000
8 0.287581 0.533579 0.266410 0.462954 0.308752 0.604203 480.000000 640.000000
10 0.270453 0.592416 0.250140 0.513868 0.290766 0.670964 480.000000 640.000000
7 0.244394 0.583334 0.230771 0.517432 0.258018 0.649236 480.000000 640.000000
1 0.072202 0.540658 0.049980 0.480110 0.094423 0.601205 480.000000 640.000000
28 0.911434 0.504698 0.890285 0.438750 0.932583 0.570647 480.000000 640.000000
2 0.985072 0.619731 0.969076 0.551802 1.001067 0.687659 480.000000 640.000000
3 0.512976 0.508364 0.492507 0.434023 0.533446 0.582706 480.000000 640.000000
24 0.519734 0.492154 0.493851 0.400651 0.545617 0.583658 480.000000 640.000000
6 0.502967 0.480058 0.486048 0.421547 0.519886 0.538570 480.000000 640.000000
