10 0.503413 0.574269 0.478438 0.466430 0.528388 0.682109 480.000000 640.000000
28 0.635979 0.495744 0.613474 0.433446 0.658485 0.558042 480.000000 640.000000
6 0.227311 0.486869 0.206966 0.419074 0.247655 0.554665 480.000000 640.000000
3 0.154352 0.493943 0.130159 0.433354 0.178544 0.554532 480.000000 640.000000
35 0.129057 0.578508 0.100628 0.506648 0.157486 0.650368 480.000000 640.000000
8 0.503821 0.536501 0.483046 0.457891 0.524597 0.615111 480.000000 640.000000
47 0.409805 0.487816 0.394818 0.424745 0.424792 0.550887 480.000000 640.000000
7 0.469999 0.589573 0.448813 0.527107 0.491184 0.652039 480.000000 640.000000
31 0.071209 0.505719 0.048224 0.451829 0.094194 0.559608 480.000000 640.000000
55 0.014562 0.603271 -0.000080 0.537642 0.029204 0.668901 480.000000 640.000000
