8 0.432199 0.521423 0.414214 0.464947 0.450184 0.577899 480.000000 640.000000
10 0.429755 0.598263 0.403983 0.512090 0.455527 0.684436 480.000000 640.000000
28 0.720993 0.504584 0.697225 0.437684 0.744761 0.571483 480.000000 640.000000
13 0.511384 0.493342 0.485046 0.432104 0.537723 0.554581 480.000000 640.000000
31 0.156866 0.497295 0.138776 0.434726 0.174956 0.559863 480.000000 640.000000
6 0.314756 0.494978 0.288696 0.431834 0.340817 0.558121 480.000000 640.000000
3 0.258903 0.504613 0.239123 0.443865 0.278683 0.565361 480.000000 640.000000
35 0.048003 0.580588 0.022313 0.508129 0.073693 0.653047 480.000000 640.000000
7 0.398469 0.587556 0.376919 0.523602 0.420019 0.651511 480.000000 640.000000
41 0.304631 0.422704 0.289952 0.387758 0.319311 0.457650 480.000000 640.000000
