4 0.323050 0.504873 0.306600 0.443115 0.339499 0.566630 480.000000 640.000000
9 0.496977 0.450394 0.483210 0.391549 0.510745 0.509239 480.000000 640.000000
13 0.705066 0.488265 0.685710 0.427476 0.724422 0.549054 480.000000 640.000000
18 0.011311 0.473257 -0.000630 0.411061 0.023251 0.535453 480.000000 640.000000
8 0.307307 0.534077 0.284224 0.468920 0.330390 0.599234 480.000000 640.000000
10 0.289781 0.592426 0.265652 0.512484 0.313910 0.672367 480.000000 640.000000
7 0.258477 0.586051 0.236705 0.522188 0.280248 0.649913 480.000000 640.000000
1 0.044943 0.533478 0.025606 0.473885 0.064281 0.593072 480.000000 640.000000
28 0.888002 0.501833 0.872768 0.437942 0.903236 0.565724 480.000000 640.000000
3 0.481535 0.510016 0.454403 0.446084 0.508667 0.573948 480.000000 640.000000
