10 0.500385 0.607211 0.474668 0.532919 0.526103 0.681502 480.000000 640.000000
28 0.637877 0.489638 0.615201 0.435328 0.660553 0.543947 480.000000 640.000000
6 0.233397 0.490638 0.208524 0.424268 0.258270 0.557009 480.000000 640.000000
3 0.156728 0.493805 0.132998 0.433535 0.180457 0.554075 480.000000 640.000000
35 0.122092 0.576525 0.098064 0.506108 0.146121 0.646942 480.000000 640.000000
8 0.499797 0.525572 0.479475 0.459117 0.520119 0.592026 480.000000 640.000000
47 0.417933 0.487505 0.397695 0.425301 0.438172 0.549709 480.000000 640.000000
7 0.467119 0.589760 0.447313 0.528378 0.486925 0.651142 480.000000 640.000000
31 0.075774 0.505542 0.055096 0.452831 0.096452 0.558253 480.000000 640.000000
54 0.010030 0.634028 0.000041 0.600694 0.020020 0.667361 480.000000 640.000000
