8 0.349258 0.536071 0.323596 0.468513 0.374921 0.603630 480.000000 640.000000
10 0.332903 0.610088 0.315385 0.541370 0.350420 0.678806 480.000000 640.000000
7 0.308506 0.583713 0.292082 0.518136 0.324931 0.649291 480.000000 640.000000
1 0.007688 0.529905 -0.000190 0.479452 0.015566 0.580358 480.000000 640.000000
28 0.833006 0.502890 0.807920 0.434742 0.858091 0.571038 480.000000 640.000000
13 0.641166 0.493633 0.614444 0.431847 0.667888 0.555419 480.000000 640.000000
31 0.268796 0.515598 0.245733 0.466773 0.291859 0.564422 480.000000 640.000000
9 0.430850 0.448414 0.412117 0.393463 0.449584 0.503364 480.000000 640.000000
6 0.431016 0.455982 0.412293 0.393519 0.449740 0.518444 480.000000 640.000000
3 0.411595 0.514076 0.379090 0.451818 0.444100 0.576334 480.000000 640.000000
