4 0.371973 0.511789 0.350628 0.447432 0.393319 0.576147 480.000000 640.000000
6 0.519439 0.478759 0.499926 0.419698 0.538953 0.537819 480.000000 640.000000
9 0.546262 0.436603 0.532793 0.388262 0.559730 0.484943 480.000000 640.000000
13 0.760762 0.492405 0.737717 0.431739 0.783807 0.553071 480.000000 640.000000
18 0.061761 0.477492 0.047657 0.418398 0.075865 0.536586 480.000000 640.000000
8 0.270569 0.525800 0.248774 0.454556 0.292363 0.597045 480.000000 640.000000
10 0.252946 0.595587 0.230893 0.518939 0.274998 0.672235 480.000000 640.000000
7 0.220292 0.585147 0.198487 0.521633 0.242096 0.648662 480.000000 640.000000
1 0.091719 0.542497 0.074443 0.483349 0.108996 0.601646 480.000000 640.000000
28 0.932280 0.496955 0.912995 0.438657 0.951564 0.555253 480.000000 640.000000
2 0.965230 0.619466 0.938603 0.554185 0.991857 0.684747 480.000000 640.000000
3 0.538054 0.525925 0.514631 0.467869 0.561478 0.583981 480.000000 640.000000
29 0.228776 0.559722 0.216536 0.520486 0.241016 0.598958 480.000000 640.000000
