2 0.928445 0.619511 0.899644 0.553390 0.957247 0.685633 480.000000 640.000000
3 0.575474 0.530173 0.546943 0.475141 0.604006 0.585205 480.000000 640.000000
4 0.395517 0.509069 0.379802 0.446167 0.411231 0.571971 480.000000 640.000000
6 0.544607 0.484264 0.522678 0.422155 0.566536 0.546372 480.000000 640.000000
9 0.578339 0.442994 0.564923 0.390386 0.591755 0.495601 480.000000 640.000000
13 0.794223 0.492132 0.780111 0.430008 0.808335 0.554255 480.000000 640.000000
18 0.091458 0.480970 0.075708 0.421641 0.107208 0.540298 480.000000 640.000000
8 0.252938 0.529906 0.229036 0.463902 0.276840 0.595910 480.000000 640.000000
10 0.228841 0.594000 0.213797 0.519447 0.243884 0.668552 480.000000 640.000000
7 0.203962 0.584875 0.190101 0.520295 0.217823 0.649455 480.000000 640.000000
1 0.118741 0.548028 0.100025 0.486997 0.137456 0.609059 480.000000 640.000000
20 0.957616 0.500238 0.938089 0.431102 0.977144 0.569373 480.000000 640.000000
