8 0.426551 0.527191 0.409666 0.457327 0.443435 0.597055 480.000000 640.000000
10 0.425652 0.611441 0.399098 0.539226 0.452207 0.683656 480.000000 640.000000
28 0.726673 0.504572 0.705229 0.437682 0.748116 0.571462 480.000000 640.000000
13 0.517109 0.491921 0.491721 0.429787 0.542497 0.554055 480.000000 640.000000
31 0.164057 0.497605 0.149098 0.433466 0.179016 0.561743 480.000000 640.000000
6 0.320971 0.491096 0.294746 0.426825 0.347196 0.555367 480.000000 640.000000
3 0.269440 0.508105 0.241793 0.448551 0.297087 0.567659 480.000000 640.000000
35 0.035430 0.574112 0.015227 0.505192 0.055632 0.643032 480.000000 640.000000
7 0.394812 0.585262 0.375559 0.521987 0.414064 0.648536 480.000000 640.000000
41 0.311979 0.424653 0.297656 0.389931 0.326302 0.459375 480.000000 640.000000
