4 0.366460 0.509010 0.350519 0.444565 0.382400 0.573455 480.000000 640.000000
6 0.512982 0.485284 0.492336 0.422462 0.533629 0.548107 480.000000 640.000000
9 0.542099 0.440472 0.529654 0.388305 0.554544 0.492640 480.000000 640.000000
13 0.754114 0.490030 0.738325 0.430563 0.769904 0.549497 480.000000 640.000000
18 0.055499 0.476734 0.040997 0.416125 0.070002 0.537343 480.000000 640.000000
8 0.274571 0.530212 0.253101 0.458400 0.296042 0.602023 480.000000 640.000000
10 0.258983 0.594650 0.237491 0.518442 0.280474 0.670858 480.000000 640.000000
7 0.225329 0.584231 0.204533 0.520128 0.246126 0.648334 480.000000 640.000000
1 0.085962 0.541345 0.067641 0.480989 0.104283 0.601700 480.000000 640.000000
28 0.929923 0.493499 0.911820 0.435702 0.948026 0.551296 480.000000 640.000000
2 0.969026 0.621105 0.940084 0.554566 0.997969 0.687643 480.000000 640.000000
3 0.533158 0.525119 0.505735 0.466129 0.560582 0.584110 480.000000 640.000000
