4 0.345313 0.507564 0.323740 0.445350 0.366885 0.569778 480.000000 640.000000
9 0.526060 0.449861 0.509997 0.393881 0.542122 0.505841 480.000000 640.000000
13 0.734789 0.492145 0.709477 0.431260 0.760101 0.553029 480.000000 640.000000
18 0.035606 0.476867 0.012394 0.418374 0.058817 0.535359 480.000000 640.000000
8 0.287828 0.534246 0.267398 0.464564 0.308258 0.603928 480.000000 640.000000
10 0.273778 0.593905 0.252438 0.516669 0.295117 0.671142 480.000000 640.000000
7 0.245518 0.583286 0.231289 0.517516 0.259747 0.649056 480.000000 640.000000
1 0.071047 0.540984 0.048557 0.480725 0.093536 0.601244 480.000000 640.000000
28 0.909096 0.503917 0.886747 0.437503 0.931445 0.570331 480.000000 640.000000
2 0.988469 0.619314 0.976008 0.551716 1.000929 0.686912 480.000000 640.000000
3 0.510330 0.513901 0.492788 0.445005 0.527871 0.582797 480.000000 640.000000
24 0.511408 0.498839 0.489582 0.414895 0.533233 0.582784 480.000000 640.000000
6 0.500386 0.477844 0.483345 0.420089 0.517427 0.535600 480.000000 640.000000
