4 0.363127 0.506894 0.348891 0.444071 0.377363 0.569717 480.000000 640.000000
6 0.510535 0.485948 0.489169 0.421976 0.531902 0.549919 480.000000 640.000000
9 0.540151 0.444879 0.527640 0.389093 0.552661 0.500666 480.000000 640.000000
13 0.752196 0.491048 0.737842 0.431439 0.766550 0.550658 480.000000 640.000000
18 0.052375 0.476435 0.037692 0.415843 0.067058 0.537027 480.000000 640.000000
8 0.277034 0.530569 0.256123 0.459221 0.297946 0.601918 480.000000 640.000000
10 0.260102 0.594073 0.240311 0.516975 0.279894 0.671171 480.000000 640.000000
7 0.227974 0.584554 0.208463 0.519667 0.247486 0.649442 480.000000 640.000000
1 0.083838 0.540723 0.065742 0.480058 0.101934 0.601388 480.000000 640.000000
28 0.927388 0.493191 0.911302 0.435500 0.943474 0.550882 480.000000 640.000000
2 0.970783 0.621928 0.941941 0.554843 0.999624 0.689012 480.000000 640.000000
3 0.530841 0.524118 0.502917 0.464001 0.558764 0.584234 480.000000 640.000000
