8 0.426621 0.528824 0.408020 0.457491 0.445222 0.600157 480.000000 640.000000
10 0.424715 0.609662 0.398215 0.535692 0.451216 0.683632 480.000000 640.000000
28 0.729613 0.504471 0.710071 0.437336 0.749155 0.571607 480.000000 640.000000
13 0.518512 0.491054 0.493859 0.427876 0.543166 0.554232 480.000000 640.000000
31 0.166699 0.497747 0.151750 0.433773 0.181648 0.561721 480.000000 640.000000
6 0.322686 0.492619 0.297275 0.429679 0.348097 0.555559 480.000000 640.000000
3 0.272384 0.508954 0.243812 0.450280 0.300955 0.567628 480.000000 640.000000
35 0.032507 0.570861 0.012911 0.505432 0.052102 0.636290 480.000000 640.000000
7 0.393604 0.585074 0.375515 0.521079 0.411692 0.649070 480.000000 640.000000
40 0.314844 0.436458 0.300000 0.391319 0.329688 0.481597 480.000000 640.000000
