1 0.221551 0.565565 0.195241 0.505390 0.247862 0.625740 480.000000 640.000000
2 0.806262 0.622041 0.791475 0.553636 0.821048 0.690445 480.000000 640.000000
3 0.708669 0.527368 0.681149 0.466954 0.736190 0.587782 480.000000 640.000000
4 0.492385 0.517323 0.465589 0.455571 0.519180 0.579075 480.000000 640.000000
6 0.644399 0.498559 0.619620 0.433493 0.669178 0.563624 480.000000 640.000000
7 0.121920 0.586164 0.104115 0.522100 0.139726 0.650227 480.000000 640.000000
8 0.179396 0.539441 0.158630 0.484291 0.200162 0.594590 480.000000 640.000000
9 0.684588 0.452068 0.668135 0.399224 0.701041 0.504912 480.000000 640.000000
10 0.149717 0.588698 0.132415 0.517065 0.167019 0.660332 480.000000 640.000000
13 0.906250 0.491667 0.885417 0.428819 0.927083 0.554514 480.000000 640.000000
11 0.636982 0.476246 0.619971 0.420641 0.653993 0.531851 480.000000 640.000000
