8 0.409760 0.535286 0.382951 0.466565 0.436570 0.604008 480.000000 640.000000
10 0.401895 0.611306 0.380420 0.537813 0.423370 0.684800 480.000000 640.000000
28 0.756018 0.503331 0.732911 0.436111 0.779126 0.570551 480.000000 640.000000
13 0.549472 0.492916 0.523070 0.431834 0.575873 0.553998 480.000000 640.000000
31 0.191322 0.508673 0.169355 0.456542 0.213289 0.560804 480.000000 640.000000
6 0.346302 0.486043 0.324025 0.418428 0.368579 0.553658 480.000000 640.000000
3 0.306231 0.508077 0.286272 0.447238 0.326191 0.568916 480.000000 640.000000
35 0.022455 0.582160 -0.000019 0.509513 0.044929 0.654807 480.000000 640.000000
37 0.379167 0.559722 0.367448 0.519444 0.390885 0.600000 480.000000 640.000000
38 0.336979 0.421528 0.322396 0.389583 0.351562 0.453472 480.000000 640.000000
