4 0.340382 0.507598 0.315503 0.445848 0.365262 0.569349 480.000000 640.000000
9 0.520127 0.448299 0.504649 0.393680 0.535606 0.502919 480.000000 640.000000
13 0.728117 0.493307 0.701025 0.432766 0.755209 0.553848 480.000000 640.000000
18 0.031541 0.477388 0.011175 0.419297 0.051906 0.535479 480.000000 640.000000
8 0.287896 0.532488 0.268689 0.462417 0.307103 0.602558 480.000000 640.000000
10 0.279240 0.591725 0.253255 0.511867 0.305225 0.671582 480.000000 640.000000
7 0.246910 0.583959 0.230383 0.519045 0.263438 0.648872 480.000000 640.000000
1 0.067313 0.539747 0.046919 0.479331 0.087708 0.600162 480.000000 640.000000
28 0.905232 0.503793 0.880180 0.436823 0.930285 0.570763 480.000000 640.000000
2 0.991986 0.620072 0.983556 0.553922 1.000417 0.686221 480.000000 640.000000
3 0.500961 0.518727 0.481909 0.455056 0.520012 0.582399 480.000000 640.000000
