1 0.225363 0.564725 0.201796 0.504257 0.248931 0.625193 480.000000 640.000000
2 0.798678 0.621836 0.781493 0.553399 0.815862 0.690273 480.000000 640.000000
3 0.711653 0.527095 0.683623 0.466684 0.739683 0.587505 480.000000 640.000000
4 0.494509 0.517786 0.467868 0.456951 0.521150 0.578621 480.000000 640.000000
5 0.203781 0.490967 0.185154 0.433622 0.222408 0.548311 480.000000 640.000000
6 0.650847 0.497781 0.630631 0.432037 0.671062 0.563525 480.000000 640.000000
7 0.115457 0.585623 0.095085 0.522123 0.135828 0.649123 480.000000 640.000000
8 0.177625 0.526254 0.157897 0.456402 0.197353 0.596107 480.000000 640.000000
9 0.687463 0.455296 0.667698 0.399273 0.707227 0.511319 480.000000 640.000000
10 0.147068 0.589817 0.127612 0.516852 0.166523 0.662783 480.000000 640.000000
11 0.637247 0.478489 0.619974 0.425336 0.654521 0.531642 480.000000 640.000000
