4 0.317723 0.516831 0.301426 0.447001 0.334021 0.586662 480.000000 640.000000
9 0.493562 0.451623 0.476666 0.393282 0.510458 0.509965 480.000000 640.000000
13 0.704324 0.487913 0.685354 0.428039 0.723294 0.547787 480.000000 640.000000
18 0.010191 0.474955 -0.000701 0.414085 0.021083 0.535824 480.000000 640.000000
8 0.311518 0.532394 0.287423 0.465932 0.335613 0.598856 480.000000 640.000000
10 0.296645 0.589892 0.273158 0.509033 0.320131 0.670751 480.000000 640.000000
7 0.264344 0.585481 0.244363 0.522007 0.284325 0.648954 480.000000 640.000000
1 0.039081 0.533936 0.016280 0.474778 0.061882 0.593094 480.000000 640.000000
28 0.882864 0.501436 0.866478 0.437725 0.899250 0.565147 480.000000 640.000000
3 0.477093 0.508410 0.449632 0.444251 0.504554 0.572570 480.000000 640.000000
24 0.477174 0.490919 0.449951 0.421179 0.504397 0.560660 480.000000 640.000000
