4 0.375606 0.510006 0.351172 0.448192 0.400040 0.571820 480.000000 640.000000
6 0.526703 0.486755 0.509678 0.417904 0.543728 0.555606 480.000000 640.000000
9 0.552136 0.438977 0.538788 0.388599 0.565484 0.489355 480.000000 640.000000
13 0.766304 0.492981 0.738813 0.432747 0.793794 0.553215 480.000000 640.000000
18 0.066485 0.479043 0.051928 0.422487 0.081041 0.535599 480.000000 640.000000
8 0.270023 0.526344 0.246281 0.456751 0.293764 0.595937 480.000000 640.000000
10 0.248990 0.599113 0.224416 0.525872 0.273565 0.672355 480.000000 640.000000
7 0.216885 0.585207 0.195724 0.521051 0.238046 0.649363 480.000000 640.000000
1 0.097977 0.544526 0.078508 0.486081 0.117445 0.602971 480.000000 640.000000
24 0.547455 0.496204 0.527774 0.406825 0.567137 0.585583 480.000000 640.000000
28 0.937699 0.506069 0.915215 0.442140 0.960182 0.569999 480.000000 640.000000
2 0.958385 0.619740 0.937258 0.552214 0.979512 0.687267 480.000000 640.000000
3 0.545883 0.526112 0.526180 0.467617 0.565586 0.584607 480.000000 640.000000
