4 0.318282 0.504703 0.300892 0.442917 0.335672 0.566489 480.000000 640.000000
9 0.495340 0.450956 0.480024 0.392301 0.510655 0.509610 480.000000 640.000000
13 0.704393 0.488981 0.685061 0.427531 0.723724 0.550431 480.000000 640.000000
18 0.010285 0.473816 -0.000739 0.411585 0.021308 0.536047 480.000000 640.000000
8 0.308755 0.531849 0.284359 0.468277 0.333151 0.595420 480.000000 640.000000
10 0.299503 0.577518 0.270523 0.483717 0.328484 0.671319 480.000000 640.000000
7 0.261565 0.585628 0.240456 0.522217 0.282675 0.649038 480.000000 640.000000
1 0.042046 0.533622 0.021209 0.474180 0.062884 0.593063 480.000000 640.000000
28 0.885468 0.503156 0.869395 0.438250 0.901541 0.568062 480.000000 640.000000
3 0.478771 0.496872 0.451024 0.429457 0.506519 0.564287 480.000000 640.000000
