2 0.906335 0.618710 0.888968 0.551027 0.923702 0.686393 480.000000 640.000000
3 0.605455 0.524956 0.589036 0.463679 0.621874 0.586232 480.000000 640.000000
4 0.413955 0.512028 0.387056 0.451097 0.440855 0.572960 480.000000 640.000000
6 0.569931 0.485039 0.553121 0.421251 0.586741 0.548827 480.000000 640.000000
9 0.601544 0.438802 0.589218 0.396920 0.613870 0.480683 480.000000 640.000000
13 0.815467 0.494206 0.788712 0.433861 0.842223 0.554552 480.000000 640.000000
18 0.112059 0.486797 0.092798 0.431270 0.131320 0.542325 480.000000 640.000000
8 0.232919 0.535318 0.215142 0.476223 0.250697 0.594413 480.000000 640.000000
10 0.214983 0.592625 0.189073 0.519297 0.240893 0.665953 480.000000 640.000000
7 0.180858 0.582846 0.159487 0.521158 0.202229 0.644534 480.000000 640.000000
1 0.140253 0.554429 0.116477 0.494154 0.164029 0.614704 480.000000 640.000000
20 0.976061 0.521523 0.952162 0.474547 0.999959 0.568499 480.000000 640.000000
24 0.605758 0.498743 0.590225 0.411629 0.621291 0.585857 480.000000 640.000000
