2 0.873749 0.621014 0.845369 0.555298 0.902128 0.686730 480.000000 640.000000
3 0.635346 0.526992 0.616618 0.464614 0.654073 0.589371 480.000000 640.000000
4 0.441010 0.515815 0.425957 0.457085 0.456063 0.574545 480.000000 640.000000
6 0.598181 0.493359 0.572378 0.425063 0.623984 0.561655 480.000000 640.000000
9 0.626901 0.448863 0.615024 0.389555 0.638778 0.508172 480.000000 640.000000
13 0.846546 0.493242 0.823798 0.432269 0.869293 0.554216 480.000000 640.000000
18 0.141481 0.481426 0.127498 0.422933 0.155465 0.539919 480.000000 640.000000
8 0.218745 0.527125 0.194599 0.456092 0.242890 0.598157 480.000000 640.000000
10 0.194504 0.591437 0.177507 0.518572 0.211500 0.664302 480.000000 640.000000
7 0.165626 0.586577 0.152776 0.527027 0.178476 0.646128 480.000000 640.000000
1 0.167847 0.568951 0.153159 0.498360 0.182535 0.639541 480.000000 640.000000
20 0.993145 0.493823 0.986371 0.433758 0.999918 0.553888 480.000000 640.000000
21 0.588021 0.481250 0.568229 0.422569 0.607812 0.539931 480.000000 640.000000
