2 0.871550 0.620017 0.845207 0.554634 0.897894 0.685401 480.000000 640.000000
3 0.640883 0.526892 0.625127 0.464917 0.656639 0.588868 480.000000 640.000000
4 0.443695 0.517945 0.425783 0.455463 0.461608 0.580427 480.000000 640.000000
6 0.599668 0.492488 0.572854 0.423080 0.626483 0.561896 480.000000 640.000000
9 0.629197 0.449230 0.617323 0.390621 0.641071 0.507839 480.000000 640.000000
13 0.846647 0.492960 0.824545 0.432843 0.868748 0.553077 480.000000 640.000000
18 0.144041 0.483269 0.130262 0.423508 0.157819 0.543031 480.000000 640.000000
8 0.217356 0.527482 0.192993 0.457314 0.241718 0.597650 480.000000 640.000000
10 0.192743 0.591413 0.177094 0.518609 0.208393 0.664218 480.000000 640.000000
7 0.163558 0.584068 0.150034 0.521296 0.177083 0.646841 480.000000 640.000000
1 0.168516 0.566930 0.153905 0.497473 0.183128 0.636388 480.000000 640.000000
20 0.993229 0.495486 0.986458 0.436806 1.000000 0.554167 480.000000 640.000000
