4 0.337662 0.508106 0.311543 0.446979 0.363781 0.569234 480.000000 640.000000
9 0.511790 0.442776 0.498860 0.390933 0.524720 0.494618 480.000000 640.000000
13 0.723226 0.493235 0.697049 0.432742 0.749402 0.553728 480.000000 640.000000
18 0.027876 0.476096 0.010272 0.416277 0.045480 0.535914 480.000000 640.000000
8 0.293979 0.530051 0.273387 0.462816 0.314571 0.597286 480.000000 640.000000
10 0.282278 0.594408 0.254953 0.516611 0.309603 0.672205 480.000000 640.000000
7 0.249090 0.584862 0.230390 0.520884 0.267789 0.648840 480.000000 640.000000
1 0.061735 0.535166 0.044479 0.475297 0.078992 0.595034 480.000000 640.000000
28 0.901741 0.502783 0.876836 0.437710 0.926647 0.567855 480.000000 640.000000
2 0.992716 0.629604 0.985216 0.573376 1.000216 0.685832 480.000000 640.000000
3 0.494373 0.518741 0.470140 0.455732 0.518606 0.581750 480.000000 640.000000
