1 0.386365 0.510585 0.371136 0.447044 0.401594 0.574126 480.000000 640.000000
3 0.250679 0.599111 0.230305 0.534857 0.271052 0.663366 480.000000 640.000000
4 0.611419 0.538984 0.588835 0.478118 0.634004 0.599850 480.000000 640.000000
5 0.482898 0.607659 0.461987 0.542469 0.503809 0.672849 480.000000 640.000000
8 0.971373 0.531949 0.954785 0.463120 0.987960 0.600777 480.000000 640.000000
9 0.413882 0.449295 0.398365 0.390145 0.429400 0.508445 480.000000 640.000000
10 0.566907 0.462794 0.549379 0.406408 0.584434 0.519180 480.000000 640.000000
11 0.212005 0.487077 0.187604 0.422612 0.236407 0.551542 480.000000 640.000000
12 0.670217 0.460287 0.645892 0.400517 0.694543 0.520057 480.000000 640.000000
6 0.012011 0.532412 -0.000711 0.466096 0.024734 0.598728 480.000000 640.000000
13 0.738019 0.499458 0.714872 0.434270 0.761166 0.564646 480.000000 640.000000
16 0.992001 0.514953 0.983990 0.462466 1.000012 0.567440 480.000000 640.000000
