1 0.363077 0.512504 0.334704 0.450736 0.391449 0.574271 480.000000 640.000000
3 0.268474 0.600711 0.252451 0.536315 0.284497 0.665107 480.000000 640.000000
4 0.583291 0.537557 0.561443 0.474258 0.605138 0.600857 480.000000 640.000000
5 0.514444 0.610222 0.484701 0.546352 0.544188 0.674091 480.000000 640.000000
8 0.979865 0.534436 0.958979 0.468131 1.000752 0.600740 480.000000 640.000000
9 0.388054 0.451291 0.373625 0.390952 0.402482 0.511629 480.000000 640.000000
10 0.544761 0.465588 0.523133 0.409507 0.566389 0.521668 480.000000 640.000000
11 0.191591 0.477654 0.167025 0.402414 0.216158 0.552894 480.000000 640.000000
12 0.652467 0.459598 0.637740 0.397680 0.667194 0.521517 480.000000 640.000000
13 0.707211 0.499737 0.682310 0.435478 0.732113 0.563996 480.000000 640.000000
18 0.961458 0.517708 0.943750 0.467708 0.979167 0.567708 480.000000 640.000000
