1 0.171564 0.513518 0.155090 0.450356 0.188038 0.576680 480.000000 640.000000
3 0.432520 0.615404 0.408494 0.558362 0.456545 0.672447 480.000000 640.000000
4 0.407105 0.545103 0.388697 0.485398 0.425514 0.604808 480.000000 640.000000
5 0.716967 0.606997 0.694418 0.542610 0.739517 0.671383 480.000000 640.000000
9 0.198299 0.451609 0.177397 0.391375 0.219201 0.511843 480.000000 640.000000
10 0.390669 0.469009 0.373404 0.410110 0.407935 0.527908 480.000000 640.000000
12 0.498019 0.453349 0.483838 0.390496 0.512200 0.516201 480.000000 640.000000
13 0.527301 0.496327 0.499409 0.432818 0.555194 0.559835 480.000000 640.000000
28 0.761630 0.459429 0.745070 0.399627 0.778191 0.519231 480.000000 640.000000
19 0.791974 0.508162 0.776216 0.443025 0.807732 0.573298 480.000000 640.000000
11 0.062979 0.466061 0.047254 0.407119 0.078704 0.525002 480.000000 640.000000
30 0.024517 0.491141 0.008010 0.424142 0.041024 0.558139 480.000000 640.000000
