1 0.270387 0.512121 0.246078 0.450300 0.294696 0.573942 480.000000 640.000000
3 0.348410 0.604809 0.332511 0.540795 0.364309 0.668823 480.000000 640.000000
4 0.499223 0.541020 0.474345 0.480224 0.524100 0.601816 480.000000 640.000000
5 0.614490 0.612993 0.583880 0.549226 0.645100 0.676760 480.000000 640.000000
9 0.296866 0.452410 0.280388 0.391013 0.313344 0.513807 480.000000 640.000000
10 0.469452 0.467704 0.449867 0.410354 0.489038 0.525054 480.000000 640.000000
12 0.576298 0.456510 0.561786 0.393227 0.590809 0.519792 480.000000 640.000000
13 0.617888 0.500625 0.591993 0.437274 0.643783 0.563976 480.000000 640.000000
19 0.885155 0.511681 0.862770 0.450842 0.907540 0.572521 480.000000 640.000000
28 0.868372 0.464704 0.855628 0.405903 0.881116 0.523504 480.000000 640.000000
11 0.125688 0.466039 0.110186 0.404109 0.141190 0.527968 480.000000 640.000000
30 0.111652 0.485275 0.095776 0.413676 0.127527 0.556875 480.000000 640.000000
