1 0.237797 0.511753 0.212809 0.449196 0.262785 0.574310 480.000000 640.000000
3 0.366898 0.606528 0.344453 0.543434 0.389342 0.669622 480.000000 640.000000
4 0.477607 0.542674 0.463829 0.483022 0.491384 0.602325 480.000000 640.000000
5 0.644772 0.610376 0.624417 0.544988 0.665128 0.675765 480.000000 640.000000
9 0.268214 0.450744 0.252148 0.388915 0.284281 0.512573 480.000000 640.000000
10 0.444089 0.466613 0.423340 0.410824 0.464838 0.522402 480.000000 640.000000
12 0.549837 0.456384 0.524158 0.393550 0.575516 0.519218 480.000000 640.000000
13 0.600756 0.497077 0.583624 0.433310 0.617889 0.560843 480.000000 640.000000
11 0.114355 0.470977 0.095085 0.405434 0.133624 0.536519 480.000000 640.000000
30 0.089313 0.490218 0.061493 0.424133 0.117133 0.556302 480.000000 640.000000
28 0.834173 0.462999 0.813630 0.406544 0.854717 0.519454 480.000000 640.000000
19 0.855953 0.507349 0.832983 0.440169 0.878923 0.574528 480.000000 640.000000
