1 0.473888 0.505685 0.460578 0.441424 0.487198 0.569946 480.000000 640.000000
3 0.169683 0.596793 0.153924 0.532973 0.185442 0.660613 480.000000 640.000000
4 0.694924 0.537210 0.669249 0.475686 0.720599 0.598734 480.000000 640.000000
5 0.382943 0.609014 0.357406 0.543473 0.408479 0.674555 480.000000 640.000000
7 0.264524 0.462777 0.246723 0.403149 0.282324 0.522404 480.000000 640.000000
8 0.886111 0.520873 0.870004 0.452097 0.902218 0.589648 480.000000 640.000000
9 0.504298 0.452494 0.490024 0.392328 0.518573 0.512661 480.000000 640.000000
10 0.640600 0.463497 0.623552 0.408227 0.657648 0.518766 480.000000 640.000000
11 0.293775 0.486304 0.267020 0.421305 0.320529 0.551304 480.000000 640.000000
12 0.749740 0.463153 0.723673 0.402682 0.775808 0.523625 480.000000 640.000000
6 0.080771 0.532527 0.059530 0.468644 0.102012 0.596409 480.000000 640.000000
13 0.821560 0.490873 0.800996 0.429487 0.842123 0.552259 480.000000 640.000000
