1 0.371033 0.511361 0.346951 0.447510 0.395114 0.575211 480.000000 640.000000
3 0.257338 0.600913 0.233148 0.537444 0.281529 0.664382 480.000000 640.000000
4 0.600180 0.536469 0.586089 0.474517 0.614271 0.598422 480.000000 640.000000
5 0.495378 0.607741 0.479321 0.541661 0.511435 0.673821 480.000000 640.000000
8 0.983227 0.526595 0.965441 0.453161 1.001014 0.600029 480.000000 640.000000
9 0.403544 0.453251 0.381757 0.393332 0.425331 0.513170 480.000000 640.000000
10 0.553276 0.462834 0.537341 0.405564 0.569211 0.520103 480.000000 640.000000
11 0.207469 0.483093 0.178783 0.412316 0.236155 0.553869 480.000000 640.000000
12 0.665371 0.461859 0.641120 0.400943 0.689621 0.522775 480.000000 640.000000
6 0.009592 0.543493 -0.000212 0.493426 0.019396 0.593560 480.000000 640.000000
13 0.723938 0.498264 0.709948 0.432822 0.737929 0.563706 480.000000 640.000000
