1 0.535762 0.506291 0.509079 0.445191 0.562444 0.567391 480.000000 640.000000
2 0.876653 0.488303 0.847938 0.425733 0.905369 0.550873 480.000000 640.000000
3 0.114286 0.598425 0.091801 0.534831 0.136772 0.662018 480.000000 640.000000
4 0.748968 0.534025 0.730756 0.469357 0.767181 0.598693 480.000000 640.000000
5 0.321445 0.609906 0.292971 0.546524 0.349919 0.673288 480.000000 640.000000
6 0.143365 0.532258 0.127814 0.466610 0.158916 0.597906 480.000000 640.000000
7 0.301350 0.465227 0.278940 0.403843 0.323761 0.526612 480.000000 640.000000
8 0.827339 0.509714 0.798859 0.440638 0.855818 0.578790 480.000000 640.000000
9 0.563156 0.455601 0.542567 0.394924 0.583745 0.516278 480.000000 640.000000
10 0.684997 0.461295 0.666143 0.404388 0.703851 0.518201 480.000000 640.000000
11 0.349626 0.482342 0.334518 0.416567 0.364734 0.548117 480.000000 640.000000
12 0.804853 0.465012 0.786207 0.399126 0.823499 0.530897 480.000000 640.000000
