1 0.348477 0.511913 0.332186 0.448917 0.364769 0.574909 480.000000 640.000000
3 0.284856 0.601311 0.265052 0.537191 0.304660 0.665430 480.000000 640.000000
4 0.574528 0.538901 0.549868 0.477320 0.599187 0.600481 480.000000 640.000000
5 0.526200 0.610288 0.502965 0.545553 0.549434 0.675022 480.000000 640.000000
9 0.375321 0.451634 0.359889 0.392415 0.390753 0.510853 480.000000 640.000000
10 0.533493 0.464036 0.516544 0.406292 0.550443 0.521780 480.000000 640.000000
11 0.177486 0.478710 0.155871 0.404150 0.199100 0.553269 480.000000 640.000000
12 0.636044 0.461302 0.614869 0.398311 0.657220 0.524294 480.000000 640.000000
13 0.699307 0.501205 0.671658 0.436845 0.726957 0.565566 480.000000 640.000000
19 0.960762 0.512943 0.943951 0.457072 0.977574 0.568815 480.000000 640.000000
20 0.960417 0.487153 0.944271 0.405208 0.976562 0.569097 480.000000 640.000000
