1 0.338637 0.510821 0.323523 0.448279 0.353751 0.573364 480.000000 640.000000
3 0.291367 0.602270 0.267484 0.538596 0.315250 0.665944 480.000000 640.000000
4 0.568542 0.540983 0.552439 0.481548 0.584644 0.600418 480.000000 640.000000
5 0.535253 0.608538 0.519128 0.543482 0.551378 0.673595 480.000000 640.000000
9 0.368803 0.451627 0.350235 0.392969 0.387370 0.510285 480.000000 640.000000
10 0.527268 0.464710 0.509627 0.408027 0.544908 0.521393 480.000000 640.000000
11 0.172647 0.481203 0.148084 0.410085 0.197210 0.552321 480.000000 640.000000
12 0.629606 0.461034 0.604368 0.399944 0.654844 0.522124 480.000000 640.000000
13 0.692685 0.500195 0.672301 0.435574 0.713070 0.564817 480.000000 640.000000
19 0.948315 0.506887 0.932388 0.442212 0.964243 0.571561 480.000000 640.000000
21 0.166016 0.436806 0.154818 0.403819 0.177214 0.469792 480.000000 640.000000
