1 0.405448 0.511310 0.377768 0.447605 0.433128 0.575015 480.000000 640.000000
3 0.232021 0.596871 0.216330 0.534296 0.247712 0.659446 480.000000 640.000000
4 0.622311 0.536913 0.599029 0.474220 0.645593 0.599606 480.000000 640.000000
5 0.467684 0.608618 0.438161 0.545296 0.497207 0.671939 480.000000 640.000000
7 0.205922 0.463806 0.188349 0.405502 0.223494 0.522111 480.000000 640.000000
8 0.954237 0.531531 0.924103 0.465924 0.984371 0.597138 480.000000 640.000000
9 0.431100 0.455018 0.416419 0.391700 0.445781 0.518335 480.000000 640.000000
10 0.578041 0.464961 0.554526 0.410539 0.601555 0.519384 480.000000 640.000000
11 0.230796 0.476991 0.217826 0.421154 0.243765 0.532827 480.000000 640.000000
12 0.687893 0.461418 0.672779 0.398422 0.703007 0.524413 480.000000 640.000000
6 0.018604 0.534181 0.004193 0.470398 0.033016 0.597964 480.000000 640.000000
13 0.747143 0.496668 0.721539 0.433072 0.772747 0.560263 480.000000 640.000000
15 0.993229 0.534722 0.986458 0.499653 1.000000 0.569792 480.000000 640.000000
