1 0.229821 0.513566 0.199621 0.450737 0.260020 0.576396 480.000000 640.000000
3 0.379703 0.605227 0.363774 0.542713 0.395632 0.667741 480.000000 640.000000
4 0.464150 0.542936 0.443117 0.484442 0.485184 0.601430 480.000000 640.000000
5 0.657775 0.611693 0.628090 0.546139 0.687459 0.677247 480.000000 640.000000
9 0.259082 0.450989 0.242511 0.390621 0.275653 0.511357 480.000000 640.000000
10 0.438340 0.467672 0.416552 0.412284 0.460129 0.523060 480.000000 640.000000
12 0.544892 0.457239 0.519799 0.396183 0.569986 0.518294 480.000000 640.000000
13 0.585413 0.496969 0.569359 0.433029 0.601467 0.560910 480.000000 640.000000
11 0.103579 0.462832 0.086587 0.403724 0.120571 0.521941 480.000000 640.000000
30 0.081242 0.490514 0.057585 0.427551 0.104899 0.553477 480.000000 640.000000
28 0.824846 0.462739 0.808158 0.405477 0.841533 0.520001 480.000000 640.000000
19 0.848492 0.509411 0.823585 0.444107 0.873399 0.574716 480.000000 640.000000
