1 0.335117 0.511416 0.317838 0.448917 0.352396 0.573915 480.000000 640.000000
3 0.292444 0.602400 0.268148 0.539058 0.316739 0.665741 480.000000 640.000000
4 0.565350 0.540102 0.551635 0.480117 0.579066 0.600088 480.000000 640.000000
5 0.539136 0.608309 0.522381 0.543329 0.555891 0.673289 480.000000 640.000000
9 0.366690 0.451677 0.347878 0.391435 0.385503 0.511919 480.000000 640.000000
10 0.523056 0.464143 0.508014 0.407767 0.538097 0.520520 480.000000 640.000000
11 0.171099 0.491025 0.144497 0.429179 0.197700 0.552870 480.000000 640.000000
12 0.627613 0.460586 0.600650 0.399755 0.654577 0.521416 480.000000 640.000000
13 0.689346 0.500031 0.672394 0.434515 0.706298 0.565546 480.000000 640.000000
19 0.945880 0.504375 0.929960 0.435955 0.961801 0.572795 480.000000 640.000000
21 0.165108 0.436851 0.154014 0.403591 0.176202 0.470111 480.000000 640.000000
