1 0.130490 0.514362 0.111322 0.451003 0.149658 0.577721 480.000000 640.000000
3 0.469403 0.615378 0.446022 0.554889 0.492783 0.675867 480.000000 640.000000
4 0.374260 0.544726 0.348107 0.484800 0.400414 0.604653 480.000000 640.000000
5 0.764600 0.604335 0.741147 0.539962 0.788053 0.668709 480.000000 640.000000
9 0.155567 0.451818 0.136927 0.390314 0.174207 0.513322 480.000000 640.000000
10 0.354683 0.468685 0.341465 0.412982 0.367901 0.524387 480.000000 640.000000
12 0.460656 0.451916 0.442834 0.391003 0.478479 0.512829 480.000000 640.000000
13 0.485470 0.498447 0.459040 0.430765 0.511899 0.566130 480.000000 640.000000
28 0.717696 0.460303 0.703254 0.400368 0.732137 0.520238 480.000000 640.000000
19 0.751474 0.503732 0.735157 0.440529 0.767792 0.566936 480.000000 640.000000
11 0.041143 0.461180 0.022826 0.400862 0.059460 0.521499 480.000000 640.000000
