1 0.393129 0.509952 0.375994 0.447032 0.410264 0.572873 480.000000 640.000000
3 0.243470 0.597764 0.227661 0.534124 0.259278 0.661403 480.000000 640.000000
4 0.615757 0.538085 0.589964 0.476360 0.641549 0.599809 480.000000 640.000000
5 0.476239 0.608769 0.449213 0.544319 0.503265 0.673219 480.000000 640.000000
7 0.196590 0.465158 0.179892 0.407768 0.213287 0.522549 480.000000 640.000000
8 0.963466 0.532653 0.942847 0.464621 0.984085 0.600685 480.000000 640.000000
9 0.419843 0.450030 0.405723 0.390619 0.433963 0.509441 480.000000 640.000000
10 0.570689 0.464050 0.551819 0.408796 0.589560 0.519304 480.000000 640.000000
11 0.219389 0.486404 0.199412 0.420226 0.239367 0.552582 480.000000 640.000000
12 0.674931 0.459605 0.654552 0.399046 0.695311 0.520164 480.000000 640.000000
6 0.012246 0.533445 -0.000872 0.467439 0.025364 0.599451 480.000000 640.000000
13 0.741586 0.499878 0.714665 0.435248 0.768506 0.564509 480.000000 640.000000
16 0.994632 0.506130 0.989301 0.445361 0.999963 0.566900 480.000000 640.000000
