1 0.340882 0.510905 0.325667 0.447662 0.356098 0.574148 480.000000 640.000000
3 0.290229 0.601716 0.267110 0.537792 0.313347 0.665640 480.000000 640.000000
4 0.570618 0.539978 0.550984 0.479523 0.590251 0.600434 480.000000 640.000000
5 0.532055 0.608916 0.515532 0.543682 0.548579 0.674150 480.000000 640.000000
9 0.371425 0.451938 0.354342 0.392607 0.388507 0.511269 480.000000 640.000000
10 0.529869 0.464182 0.511425 0.406715 0.548312 0.521650 480.000000 640.000000
11 0.174739 0.479066 0.151817 0.405592 0.197662 0.552540 480.000000 640.000000
12 0.631468 0.461398 0.607315 0.399630 0.655622 0.523167 480.000000 640.000000
13 0.695225 0.500389 0.671545 0.435733 0.718905 0.565044 480.000000 640.000000
19 0.952502 0.509257 0.937645 0.451394 0.967359 0.567120 480.000000 640.000000
