1 0.092480 0.518817 0.065646 0.454357 0.119314 0.583276 480.000000 640.000000
3 0.502003 0.613438 0.480932 0.549158 0.523074 0.677718 480.000000 640.000000
4 0.336330 0.544730 0.310279 0.483850 0.362381 0.605610 480.000000 640.000000
5 0.803397 0.604273 0.774571 0.540970 0.832224 0.667575 480.000000 640.000000
9 0.122207 0.449791 0.106040 0.390694 0.138374 0.508888 480.000000 640.000000
10 0.324729 0.471857 0.308355 0.414861 0.341104 0.528854 480.000000 640.000000
12 0.430078 0.450173 0.410500 0.389228 0.449656 0.511118 480.000000 640.000000
13 0.455516 0.492295 0.441058 0.429410 0.469974 0.555179 480.000000 640.000000
28 0.679226 0.459505 0.667399 0.400601 0.691052 0.518409 480.000000 640.000000
19 0.718708 0.506693 0.701397 0.441857 0.736018 0.571529 480.000000 640.000000
11 0.019550 0.464911 0.003428 0.409457 0.035672 0.520365 480.000000 640.000000
