1 0.493101 0.506598 0.465411 0.444296 0.520791 0.568900 480.000000 640.000000
3 0.153240 0.598255 0.131875 0.534835 0.174604 0.661675 480.000000 640.000000
4 0.704969 0.535974 0.684234 0.474457 0.725704 0.597491 480.000000 640.000000
5 0.370717 0.609936 0.342411 0.546073 0.399023 0.673799 480.000000 640.000000
7 0.270419 0.464174 0.249166 0.405503 0.291672 0.522846 480.000000 640.000000
8 0.868124 0.520569 0.840695 0.452235 0.895553 0.588904 480.000000 640.000000
9 0.521969 0.454931 0.501232 0.395381 0.542705 0.514480 480.000000 640.000000
10 0.649576 0.463319 0.625999 0.406834 0.673154 0.519804 480.000000 640.000000
11 0.309447 0.479076 0.297326 0.415927 0.321568 0.542225 480.000000 640.000000
12 0.766598 0.461561 0.752349 0.399483 0.780847 0.523639 480.000000 640.000000
6 0.100867 0.530903 0.085807 0.467689 0.115926 0.594116 480.000000 640.000000
13 0.830755 0.490970 0.803824 0.430129 0.857686 0.551811 480.000000 640.000000
