1 0.539223 0.504238 0.511116 0.441055 0.567331 0.567421 480.000000 640.000000
2 0.881125 0.486976 0.856087 0.423046 0.906163 0.550906 480.000000 640.000000
3 0.109433 0.597416 0.085407 0.535268 0.133458 0.659563 480.000000 640.000000
4 0.759573 0.533760 0.745511 0.470453 0.773636 0.597068 480.000000 640.000000
5 0.308017 0.609398 0.288309 0.543083 0.327724 0.675713 480.000000 640.000000
6 0.151580 0.531282 0.127828 0.466102 0.175333 0.596463 480.000000 640.000000
7 0.304463 0.465518 0.284166 0.405361 0.324761 0.525674 480.000000 640.000000
8 0.824190 0.488807 0.795230 0.400481 0.853150 0.577132 480.000000 640.000000
9 0.573019 0.453767 0.557600 0.392660 0.588437 0.514874 480.000000 640.000000
10 0.692841 0.460340 0.680999 0.402705 0.704683 0.517975 480.000000 640.000000
11 0.360155 0.483059 0.345414 0.416141 0.374896 0.549976 480.000000 640.000000
