1 0.133889 0.515117 0.111853 0.452194 0.155925 0.578041 480.000000 640.000000
3 0.467574 0.612631 0.445663 0.549964 0.489485 0.675298 480.000000 640.000000
4 0.375666 0.544464 0.348744 0.484245 0.402589 0.604683 480.000000 640.000000
5 0.761506 0.604171 0.735057 0.538201 0.787955 0.670140 480.000000 640.000000
9 0.157736 0.452561 0.134745 0.391691 0.180728 0.513431 480.000000 640.000000
10 0.358235 0.469180 0.344114 0.413839 0.372356 0.524521 480.000000 640.000000
12 0.463036 0.452307 0.444326 0.392257 0.481746 0.512357 480.000000 640.000000
13 0.490595 0.493427 0.469078 0.429912 0.512111 0.556943 480.000000 640.000000
28 0.722966 0.458792 0.712154 0.399892 0.733777 0.517692 480.000000 640.000000
19 0.754332 0.504814 0.737350 0.442016 0.771314 0.567612 480.000000 640.000000
11 0.041892 0.461038 0.022650 0.401070 0.061134 0.521006 480.000000 640.000000
