1 0.328447 0.511761 0.304728 0.448504 0.352166 0.575018 480.000000 640.000000
3 0.294495 0.602947 0.270583 0.539312 0.318407 0.666581 480.000000 640.000000
4 0.560278 0.537713 0.547854 0.477970 0.572701 0.597456 480.000000 640.000000
5 0.548245 0.609466 0.528075 0.543836 0.568415 0.675097 480.000000 640.000000
9 0.359757 0.452532 0.342731 0.391986 0.376783 0.513077 480.000000 640.000000
10 0.516431 0.464257 0.498162 0.408198 0.534700 0.520316 480.000000 640.000000
11 0.168174 0.484153 0.141441 0.415546 0.194906 0.552760 480.000000 640.000000
12 0.624347 0.460471 0.597916 0.399677 0.650777 0.521266 480.000000 640.000000
13 0.680520 0.499081 0.667150 0.433905 0.693890 0.564257 480.000000 640.000000
19 0.934717 0.502871 0.910153 0.433004 0.959282 0.572737 480.000000 640.000000
21 0.162684 0.436448 0.151922 0.402759 0.173446 0.470137 480.000000 640.000000
