1 0.194658 0.512885 0.170839 0.450291 0.218478 0.575478 480.000000 640.000000
3 0.402879 0.609936 0.380842 0.545667 0.424915 0.674206 480.000000 640.000000
4 0.438383 0.541653 0.425296 0.483066 0.451469 0.600239 480.000000 640.000000
5 0.689334 0.607500 0.670756 0.540919 0.707912 0.674080 480.000000 640.000000
9 0.229784 0.455563 0.215410 0.398538 0.244158 0.512588 480.000000 640.000000
10 0.408248 0.470956 0.388201 0.413102 0.428296 0.528810 480.000000 640.000000
12 0.517774 0.454222 0.496670 0.391710 0.538878 0.516734 480.000000 640.000000
13 0.561533 0.497329 0.539478 0.433001 0.583588 0.561656 480.000000 640.000000
28 0.788097 0.463111 0.766191 0.405335 0.810003 0.520887 480.000000 640.000000
19 0.815981 0.510579 0.793456 0.450552 0.838507 0.570607 480.000000 640.000000
11 0.088155 0.469353 0.069043 0.414710 0.107268 0.523996 480.000000 640.000000
30 0.048469 0.490288 0.021644 0.423830 0.075294 0.556747 480.000000 640.000000
