1 0.137027 0.515279 0.112066 0.453511 0.161987 0.577047 480.000000 640.000000
3 0.464795 0.612062 0.444487 0.548520 0.485104 0.675603 480.000000 640.000000
4 0.376887 0.544360 0.350179 0.485181 0.403595 0.603539 480.000000 640.000000
5 0.758432 0.602022 0.729728 0.533177 0.787136 0.670868 480.000000 640.000000
9 0.161070 0.453278 0.134484 0.392267 0.187657 0.514290 480.000000 640.000000
10 0.361508 0.469259 0.347380 0.413659 0.375635 0.524860 480.000000 640.000000
12 0.464051 0.452727 0.443501 0.392486 0.484602 0.512968 480.000000 640.000000
13 0.493510 0.492901 0.475041 0.429478 0.511978 0.556324 480.000000 640.000000
28 0.725733 0.459046 0.714577 0.399827 0.736888 0.518264 480.000000 640.000000
19 0.757647 0.505919 0.739800 0.443619 0.775494 0.568219 480.000000 640.000000
11 0.043486 0.461288 0.024190 0.401656 0.062782 0.520919 480.000000 640.000000
