1 0.126402 0.513347 0.110263 0.450053 0.142541 0.576641 480.000000 640.000000
3 0.470550 0.614052 0.446428 0.552283 0.494672 0.675822 480.000000 640.000000
4 0.372145 0.543882 0.347683 0.484300 0.396608 0.603463 480.000000 640.000000
5 0.768445 0.603940 0.747928 0.539691 0.788963 0.668190 480.000000 640.000000
9 0.153828 0.451275 0.139419 0.389991 0.168238 0.512559 480.000000 640.000000
10 0.351732 0.469164 0.337524 0.412864 0.365941 0.525464 480.000000 640.000000
12 0.459918 0.451757 0.443477 0.390057 0.476359 0.513458 480.000000 640.000000
13 0.484934 0.495371 0.458038 0.430849 0.511831 0.559893 480.000000 640.000000
28 0.712974 0.459733 0.697111 0.400559 0.728837 0.518906 480.000000 640.000000
19 0.748807 0.503343 0.732357 0.439998 0.765258 0.566687 480.000000 640.000000
11 0.039638 0.461208 0.021393 0.400990 0.057883 0.521426 480.000000 640.000000
