1 0.141478 0.515673 0.112728 0.453973 0.170229 0.577372 480.000000 640.000000
3 0.456084 0.610505 0.440903 0.546229 0.471264 0.674780 480.000000 640.000000
4 0.380254 0.544481 0.356066 0.485282 0.404442 0.603680 480.000000 640.000000
5 0.754685 0.604502 0.723996 0.537220 0.785375 0.671785 480.000000 640.000000
9 0.166011 0.453054 0.138872 0.392359 0.193150 0.513749 480.000000 640.000000
10 0.365496 0.469586 0.347923 0.414659 0.383069 0.524513 480.000000 640.000000
12 0.469216 0.452995 0.447475 0.392449 0.490956 0.513542 480.000000 640.000000
13 0.499801 0.491975 0.486667 0.428522 0.512934 0.555428 480.000000 640.000000
28 0.731645 0.459599 0.716974 0.401145 0.746315 0.518053 480.000000 640.000000
19 0.765592 0.507470 0.746027 0.448054 0.785156 0.566885 480.000000 640.000000
11 0.047631 0.462244 0.028357 0.402150 0.066904 0.522338 480.000000 640.000000
30 0.013946 0.501283 -0.000563 0.444499 0.028455 0.558068 480.000000 640.000000
