1 0.438116 0.507585 0.422721 0.446897 0.453510 0.568273 480.000000 640.000000
3 0.204084 0.596713 0.187688 0.533152 0.220479 0.660275 480.000000 640.000000
4 0.656341 0.539075 0.630305 0.477568 0.682378 0.600583 480.000000 640.000000
5 0.427094 0.608307 0.399193 0.544943 0.454995 0.671671 480.000000 640.000000
7 0.234656 0.461626 0.214462 0.400829 0.254850 0.522423 480.000000 640.000000
8 0.919614 0.523969 0.897032 0.455262 0.942197 0.592676 480.000000 640.000000
9 0.464418 0.452913 0.449996 0.392125 0.478839 0.513701 480.000000 640.000000
10 0.608302 0.464301 0.588529 0.407534 0.628075 0.521069 480.000000 640.000000
11 0.260789 0.487791 0.239870 0.423722 0.281708 0.551861 480.000000 640.000000
12 0.713455 0.462223 0.691659 0.400015 0.735252 0.524431 480.000000 640.000000
6 0.047217 0.533033 0.030636 0.468389 0.063798 0.597676 480.000000 640.000000
13 0.784522 0.494295 0.756572 0.433088 0.812473 0.555502 480.000000 640.000000
