1 0.256346 0.512452 0.242478 0.451629 0.270215 0.573275 480.000000 640.000000
3 0.360198 0.605561 0.337742 0.543122 0.382654 0.668000 480.000000 640.000000
4 0.492500 0.542680 0.469080 0.482607 0.515919 0.602753 480.000000 640.000000
5 0.625312 0.612220 0.604944 0.547965 0.645680 0.676475 480.000000 640.000000
9 0.287205 0.452708 0.267548 0.390540 0.306862 0.514875 480.000000 640.000000
10 0.459042 0.466729 0.442281 0.410174 0.475804 0.523284 480.000000 640.000000
12 0.563507 0.455857 0.545123 0.392092 0.581892 0.519622 480.000000 640.000000
13 0.612635 0.500778 0.583866 0.437815 0.641403 0.563742 480.000000 640.000000
19 0.865448 0.492229 0.844151 0.410017 0.886745 0.574441 480.000000 640.000000
11 0.120500 0.464671 0.102448 0.402227 0.138552 0.527116 480.000000 640.000000
30 0.103572 0.490177 0.085347 0.424152 0.121797 0.556202 480.000000 640.000000
31 0.455469 0.465972 0.442969 0.409722 0.467969 0.522222 480.000000 640.000000
