1 0.157400 0.512893 0.140297 0.450069 0.174502 0.575717 480.000000 640.000000
3 0.438400 0.611988 0.414118 0.550321 0.462681 0.673654 480.000000 640.000000
4 0.401918 0.544154 0.387745 0.484329 0.416092 0.603980 480.000000 640.000000
5 0.732146 0.605563 0.714545 0.540179 0.749748 0.670947 480.000000 640.000000
9 0.187831 0.449408 0.172335 0.389475 0.203327 0.509342 480.000000 640.000000
10 0.380038 0.469030 0.361260 0.413726 0.398817 0.524333 480.000000 640.000000
12 0.488327 0.452626 0.472209 0.388780 0.504444 0.516472 480.000000 640.000000
13 0.523306 0.496369 0.495931 0.433784 0.550681 0.558954 480.000000 640.000000
28 0.745407 0.459464 0.723844 0.402594 0.766970 0.516334 480.000000 640.000000
19 0.780067 0.521567 0.760289 0.470221 0.799846 0.572912 480.000000 640.000000
11 0.058986 0.468508 0.039373 0.413431 0.078598 0.523584 480.000000 640.000000
30 0.017528 0.494257 0.000689 0.433183 0.034367 0.555331 480.000000 640.000000
