1 0.274826 0.511808 0.245956 0.450187 0.303696 0.573429 480.000000 640.000000
3 0.343852 0.604919 0.327575 0.540944 0.360129 0.668894 480.000000 640.000000
4 0.503572 0.539966 0.482654 0.477005 0.524489 0.602927 480.000000 640.000000
5 0.611053 0.613241 0.579740 0.548954 0.642366 0.677528 480.000000 640.000000
9 0.301954 0.451685 0.286955 0.389347 0.316953 0.514023 480.000000 640.000000
10 0.472918 0.468528 0.450425 0.412236 0.495411 0.524821 480.000000 640.000000
12 0.581209 0.459382 0.563204 0.393682 0.599214 0.525081 480.000000 640.000000
13 0.624376 0.499944 0.604005 0.434731 0.644747 0.565157 480.000000 640.000000
19 0.888541 0.513636 0.861600 0.453811 0.915483 0.573460 480.000000 640.000000
28 0.870959 0.466876 0.854836 0.409649 0.887082 0.524104 480.000000 640.000000
11 0.122443 0.476091 0.099502 0.403152 0.145383 0.549031 480.000000 640.000000
29 0.129460 0.471181 0.112826 0.403819 0.146094 0.538542 480.000000 640.000000
