1 0.318177 0.511067 0.296156 0.449451 0.340197 0.572683 480.000000 640.000000
3 0.308217 0.603476 0.294022 0.541742 0.322412 0.665210 480.000000 640.000000
4 0.536647 0.535686 0.515260 0.474142 0.558034 0.597230 480.000000 640.000000
5 0.565959 0.611186 0.534648 0.546158 0.597270 0.676214 480.000000 640.000000
9 0.339195 0.450618 0.322513 0.389188 0.355876 0.512048 480.000000 640.000000
10 0.506936 0.465928 0.485699 0.408982 0.528173 0.522874 480.000000 640.000000
11 0.154531 0.474520 0.137588 0.404284 0.171474 0.544755 480.000000 640.000000
12 0.612714 0.457608 0.597832 0.396467 0.627597 0.518749 480.000000 640.000000
13 0.660210 0.500892 0.633217 0.437911 0.687204 0.563872 480.000000 640.000000
19 0.928138 0.510824 0.905794 0.450671 0.950482 0.570978 480.000000 640.000000
25 0.916329 0.461252 0.896468 0.404372 0.936189 0.518131 480.000000 640.000000
26 0.923958 0.490625 0.897396 0.411111 0.950521 0.570139 480.000000 640.000000
21 0.149080 0.444498 0.136655 0.403494 0.161505 0.485501 480.000000 640.000000
