1 0.245460 0.512090 0.227554 0.449486 0.263366 0.574695 480.000000 640.000000
3 0.363789 0.606150 0.339175 0.543702 0.388404 0.668598 480.000000 640.000000
4 0.484579 0.542917 0.469077 0.483848 0.500080 0.601985 480.000000 640.000000
5 0.636365 0.610272 0.618720 0.545060 0.654010 0.675483 480.000000 640.000000
9 0.276991 0.451706 0.261780 0.389789 0.292202 0.513623 480.000000 640.000000
10 0.448999 0.466417 0.432044 0.410770 0.465954 0.522065 480.000000 640.000000
12 0.554212 0.456529 0.531987 0.393059 0.576438 0.519999 480.000000 640.000000
13 0.607229 0.498401 0.583844 0.435975 0.630613 0.560826 480.000000 640.000000
11 0.118064 0.472374 0.099351 0.406256 0.136777 0.538492 480.000000 640.000000
30 0.092830 0.492029 0.068323 0.427740 0.117338 0.556318 480.000000 640.000000
28 0.842900 0.462274 0.823199 0.405647 0.862601 0.518902 480.000000 640.000000
19 0.859961 0.501662 0.840141 0.429422 0.879781 0.573902 480.000000 640.000000
