1 0.260410 0.512221 0.245216 0.451254 0.275605 0.573189 480.000000 640.000000
3 0.358479 0.605472 0.337162 0.542416 0.379796 0.668528 480.000000 640.000000
4 0.494505 0.541611 0.469744 0.480804 0.519266 0.602418 480.000000 640.000000
5 0.621921 0.612873 0.597932 0.548515 0.645911 0.677231 480.000000 640.000000
9 0.290804 0.452500 0.271284 0.390444 0.310323 0.514556 480.000000 640.000000
10 0.458402 0.467380 0.444267 0.410286 0.472536 0.524474 480.000000 640.000000
12 0.567221 0.457121 0.550418 0.392479 0.584023 0.521763 480.000000 640.000000
13 0.613329 0.500182 0.584317 0.438143 0.642340 0.562220 480.000000 640.000000
19 0.870929 0.495353 0.851641 0.419322 0.890217 0.571384 480.000000 640.000000
11 0.121371 0.464487 0.104127 0.402087 0.138615 0.526887 480.000000 640.000000
30 0.105885 0.490492 0.087650 0.423950 0.124121 0.557034 480.000000 640.000000
