1 0.530618 0.508983 0.508730 0.450618 0.552505 0.567347 480.000000 640.000000
2 0.875711 0.489067 0.848023 0.427498 0.903399 0.550635 480.000000 640.000000
3 0.119046 0.598133 0.101137 0.533809 0.136954 0.662457 480.000000 640.000000
4 0.742230 0.535443 0.719022 0.472862 0.765438 0.598025 480.000000 640.000000
5 0.325662 0.611745 0.294904 0.549122 0.356419 0.674368 480.000000 640.000000
6 0.137354 0.531755 0.125044 0.466589 0.149665 0.596920 480.000000 640.000000
7 0.299864 0.464691 0.277140 0.402965 0.322589 0.526417 480.000000 640.000000
8 0.830463 0.511882 0.804467 0.444927 0.856460 0.578837 480.000000 640.000000
9 0.559914 0.455867 0.536589 0.395100 0.583240 0.516633 480.000000 640.000000
10 0.681777 0.461969 0.660059 0.405419 0.703496 0.518519 480.000000 640.000000
11 0.344805 0.480835 0.327066 0.418346 0.362543 0.543323 480.000000 640.000000
12 0.797091 0.463173 0.775809 0.400625 0.818374 0.525720 480.000000 640.000000
