1 0.327114 0.512169 0.302068 0.449160 0.352159 0.575177 480.000000 640.000000
3 0.295990 0.602810 0.273427 0.539010 0.318552 0.666611 480.000000 640.000000
4 0.557750 0.538372 0.545106 0.477779 0.570395 0.598965 480.000000 640.000000
5 0.553374 0.609786 0.530155 0.543895 0.576594 0.675677 480.000000 640.000000
9 0.355609 0.451717 0.340181 0.391227 0.371036 0.512206 480.000000 640.000000
10 0.514060 0.464161 0.493941 0.408228 0.534178 0.520094 480.000000 640.000000
11 0.167174 0.477304 0.143575 0.407137 0.190773 0.547470 480.000000 640.000000
12 0.622133 0.460111 0.596429 0.399599 0.647838 0.520622 480.000000 640.000000
13 0.677488 0.497983 0.663875 0.433856 0.691102 0.562110 480.000000 640.000000
19 0.931707 0.509074 0.904654 0.444944 0.958761 0.573203 480.000000 640.000000
21 0.160795 0.437421 0.149815 0.402407 0.171774 0.472435 480.000000 640.000000
