1 0.389332 0.510259 0.373667 0.448070 0.404998 0.572448 480.000000 640.000000
3 0.247209 0.598740 0.229452 0.534658 0.264967 0.662822 480.000000 640.000000
4 0.614001 0.538422 0.589514 0.476660 0.638489 0.600185 480.000000 640.000000
5 0.479391 0.607804 0.455369 0.543488 0.503413 0.672120 480.000000 640.000000
8 0.967201 0.532847 0.948784 0.465242 0.985618 0.600451 480.000000 640.000000
9 0.416074 0.449674 0.400813 0.390799 0.431335 0.508549 480.000000 640.000000
10 0.568608 0.463491 0.550212 0.407585 0.587004 0.519397 480.000000 640.000000
11 0.215080 0.487244 0.192281 0.422124 0.237879 0.552363 480.000000 640.000000
12 0.671954 0.460286 0.649198 0.400146 0.694710 0.520426 480.000000 640.000000
6 0.012191 0.532863 -0.000750 0.466138 0.025131 0.599588 480.000000 640.000000
13 0.739628 0.499942 0.714410 0.435076 0.764846 0.564809 480.000000 640.000000
16 0.994334 0.513216 0.988718 0.460313 0.999951 0.566119 480.000000 640.000000
