1 0.145242 0.514717 0.117491 0.452874 0.172992 0.576560 480.000000 640.000000
3 0.448362 0.609228 0.434023 0.546683 0.462702 0.671772 480.000000 640.000000
4 0.389088 0.543142 0.372125 0.483177 0.406051 0.603106 480.000000 640.000000
5 0.747446 0.606843 0.720828 0.543001 0.774064 0.670686 480.000000 640.000000
9 0.173944 0.450735 0.150473 0.389223 0.197415 0.512247 480.000000 640.000000
10 0.370589 0.468340 0.350274 0.414540 0.390904 0.522141 480.000000 640.000000
12 0.477114 0.452772 0.453017 0.389583 0.501211 0.515962 480.000000 640.000000
13 0.512430 0.493391 0.496484 0.431457 0.528376 0.555324 480.000000 640.000000
28 0.733798 0.459648 0.716223 0.401520 0.751372 0.517776 480.000000 640.000000
19 0.775117 0.508259 0.752355 0.446363 0.797880 0.570155 480.000000 640.000000
11 0.054052 0.466456 0.032177 0.407255 0.075928 0.525658 480.000000 640.000000
30 0.015846 0.495598 -0.000724 0.433129 0.032415 0.558067 480.000000 640.000000
