1 0.448346 0.512718 0.424670 0.452580 0.472022 0.572856 480.000000 640.000000
3 0.194991 0.597097 0.178103 0.533825 0.211880 0.660368 480.000000 640.000000
4 0.661079 0.538470 0.637260 0.476185 0.684899 0.600755 480.000000 640.000000
5 0.421410 0.609836 0.390796 0.545956 0.452024 0.673716 480.000000 640.000000
7 0.238938 0.463543 0.217087 0.404613 0.260789 0.522473 480.000000 640.000000
8 0.912265 0.525864 0.882172 0.459530 0.942358 0.592198 480.000000 640.000000
9 0.470194 0.455288 0.448226 0.395089 0.492162 0.515488 480.000000 640.000000
10 0.612556 0.464977 0.590167 0.408735 0.634945 0.521218 480.000000 640.000000
11 0.268815 0.486659 0.255163 0.420558 0.282466 0.552760 480.000000 640.000000
12 0.721798 0.461066 0.703817 0.398835 0.739780 0.523298 480.000000 640.000000
6 0.055653 0.532726 0.041490 0.466462 0.069815 0.598990 480.000000 640.000000
13 0.787400 0.493728 0.758320 0.433132 0.816479 0.554323 480.000000 640.000000
