1 0.115266 0.514571 0.101381 0.450185 0.129152 0.578957 480.000000 640.000000
3 0.474551 0.613790 0.451474 0.549839 0.497627 0.677741 480.000000 640.000000
4 0.364886 0.543086 0.348489 0.484088 0.381283 0.602084 480.000000 640.000000
5 0.776808 0.603472 0.760449 0.537065 0.793166 0.669879 480.000000 640.000000
9 0.145340 0.452586 0.130747 0.390646 0.159932 0.514525 480.000000 640.000000
10 0.344208 0.470911 0.326825 0.413226 0.361591 0.528595 480.000000 640.000000
12 0.457445 0.450857 0.441492 0.387319 0.473397 0.514394 480.000000 640.000000
13 0.481452 0.495050 0.452107 0.433199 0.510796 0.556900 480.000000 640.000000
28 0.701376 0.459718 0.678290 0.401552 0.724463 0.517885 480.000000 640.000000
19 0.740476 0.506547 0.719989 0.444001 0.760963 0.569092 480.000000 640.000000
11 0.032179 0.462718 0.012421 0.405276 0.051937 0.520160 480.000000 640.000000
34 0.707812 0.442361 0.695312 0.401389 0.720313 0.483333 480.000000 640.000000
