1 0.513761 0.505280 0.500676 0.442412 0.526847 0.568147 480.000000 640.000000
2 0.865220 0.483811 0.851026 0.422501 0.879414 0.545121 480.000000 640.000000
3 0.128148 0.580741 0.106416 0.499025 0.149880 0.662457 480.000000 640.000000
4 0.732688 0.537250 0.709066 0.476090 0.756309 0.598410 480.000000 640.000000
5 0.336851 0.610475 0.315108 0.547795 0.358594 0.673154 480.000000 640.000000
7 0.292215 0.461029 0.276110 0.400144 0.308320 0.521914 480.000000 640.000000
8 0.853456 0.506450 0.832540 0.434932 0.874372 0.577968 480.000000 640.000000
9 0.546846 0.455039 0.531622 0.393767 0.562070 0.516311 480.000000 640.000000
10 0.673959 0.461900 0.657946 0.403931 0.689972 0.519868 480.000000 640.000000
11 0.335266 0.482292 0.310163 0.420051 0.360369 0.544533 480.000000 640.000000
12 0.787113 0.463503 0.760269 0.402562 0.813957 0.524443 480.000000 640.000000
6 0.121120 0.527011 0.103278 0.467543 0.138961 0.586478 480.000000 640.000000
