1 0.216320 0.510717 0.198763 0.448469 0.233877 0.572965 480.000000 640.000000
3 0.393135 0.607329 0.372110 0.544690 0.414160 0.669968 480.000000 640.000000
4 0.454618 0.542979 0.428048 0.483149 0.481188 0.602810 480.000000 640.000000
5 0.669269 0.610555 0.644357 0.544519 0.694181 0.676591 480.000000 640.000000
9 0.247168 0.453571 0.225348 0.392779 0.268988 0.514363 480.000000 640.000000
10 0.427790 0.465489 0.411505 0.409197 0.444074 0.521780 480.000000 640.000000
12 0.533955 0.455156 0.519191 0.392868 0.548719 0.517445 480.000000 640.000000
13 0.570482 0.499037 0.541281 0.436592 0.599684 0.561482 480.000000 640.000000
11 0.094721 0.465935 0.075482 0.406897 0.113961 0.524972 480.000000 640.000000
30 0.067868 0.483378 0.049314 0.411971 0.086422 0.554785 480.000000 640.000000
28 0.813491 0.460049 0.800328 0.399945 0.826654 0.520154 480.000000 640.000000
19 0.833784 0.505945 0.817715 0.438955 0.849854 0.572935 480.000000 640.000000
