1 0.506608 0.504501 0.488008 0.440758 0.525207 0.568244 480.000000 640.000000
3 0.140146 0.595844 0.117716 0.529748 0.162577 0.661941 480.000000 640.000000
4 0.729016 0.536464 0.709730 0.474864 0.748301 0.598063 480.000000 640.000000
5 0.342998 0.609176 0.327202 0.545627 0.358794 0.672726 480.000000 640.000000
7 0.288892 0.461565 0.274372 0.402141 0.303412 0.520990 480.000000 640.000000
8 0.854345 0.504427 0.837338 0.425896 0.871352 0.582958 480.000000 640.000000
9 0.539742 0.453357 0.526924 0.392775 0.552561 0.513939 480.000000 640.000000
10 0.667263 0.461301 0.655092 0.403508 0.679434 0.519094 480.000000 640.000000
11 0.330058 0.479573 0.306964 0.418471 0.353153 0.540675 480.000000 640.000000
12 0.781848 0.464249 0.755141 0.402119 0.808555 0.526379 480.000000 640.000000
6 0.114272 0.529861 0.093439 0.468017 0.135104 0.591705 480.000000 640.000000
