1 0.180888 0.514929 0.155124 0.453483 0.206653 0.576374 480.000000 640.000000
3 0.419288 0.609448 0.395321 0.545635 0.443256 0.673260 480.000000 640.000000
4 0.418265 0.542116 0.397957 0.483047 0.438573 0.601184 480.000000 640.000000
5 0.708771 0.608141 0.678941 0.544539 0.738601 0.671744 480.000000 640.000000
9 0.210752 0.457404 0.190360 0.403959 0.231144 0.510848 480.000000 640.000000
10 0.398029 0.470328 0.380736 0.411778 0.415322 0.528877 480.000000 640.000000
12 0.502116 0.454141 0.485142 0.392384 0.519089 0.515898 480.000000 640.000000
13 0.535312 0.495615 0.515229 0.431592 0.555396 0.559638 480.000000 640.000000
28 0.773537 0.460356 0.762011 0.400743 0.785063 0.519969 480.000000 640.000000
19 0.801520 0.511715 0.782347 0.452083 0.820693 0.571348 480.000000 640.000000
11 0.070902 0.465604 0.054858 0.406068 0.086945 0.525139 480.000000 640.000000
30 0.035858 0.494806 0.010721 0.430743 0.060995 0.558869 480.000000 640.000000
