1 0.485580 0.506284 0.465484 0.443403 0.505676 0.569165 480.000000 640.000000
3 0.161181 0.595788 0.146402 0.533703 0.175961 0.657872 480.000000 640.000000
4 0.698977 0.536858 0.673060 0.475274 0.724894 0.598443 480.000000 640.000000
5 0.375483 0.610014 0.344865 0.546150 0.406102 0.673878 480.000000 640.000000
7 0.267865 0.463285 0.246794 0.404242 0.288936 0.522328 480.000000 640.000000
8 0.875576 0.521601 0.854437 0.453855 0.896714 0.589346 480.000000 640.000000
9 0.512402 0.453845 0.494940 0.395265 0.529865 0.512426 480.000000 640.000000
10 0.645704 0.463832 0.623141 0.408062 0.668266 0.519601 480.000000 640.000000
11 0.302319 0.482604 0.284705 0.418326 0.319933 0.546882 480.000000 640.000000
12 0.755668 0.461902 0.734405 0.400536 0.776931 0.523268 480.000000 640.000000
6 0.090732 0.529943 0.075362 0.467070 0.106102 0.592815 480.000000 640.000000
13 0.828652 0.492961 0.801327 0.433087 0.855977 0.552834 480.000000 640.000000
