1 0.183218 0.514572 0.154975 0.453075 0.211460 0.576069 480.000000 640.000000
3 0.417413 0.610775 0.397612 0.548515 0.437214 0.673036 480.000000 640.000000
4 0.427467 0.541612 0.410522 0.483102 0.444412 0.600122 480.000000 640.000000
5 0.707063 0.607881 0.676842 0.544672 0.737284 0.671091 480.000000 640.000000
9 0.212911 0.454560 0.192428 0.398669 0.233394 0.510450 480.000000 640.000000
10 0.399978 0.470515 0.382403 0.411735 0.417553 0.529295 480.000000 640.000000
12 0.504065 0.454821 0.485189 0.393108 0.522941 0.516534 480.000000 640.000000
13 0.539469 0.495397 0.522572 0.431217 0.556366 0.559578 480.000000 640.000000
28 0.776261 0.460448 0.764076 0.400582 0.788447 0.520314 480.000000 640.000000
19 0.804906 0.508879 0.783672 0.444605 0.826140 0.573152 480.000000 640.000000
11 0.072626 0.459670 0.055547 0.394704 0.089705 0.524635 480.000000 640.000000
30 0.037920 0.495566 0.010794 0.432320 0.065047 0.558812 480.000000 640.000000
