1 0.275907 0.511546 0.246653 0.449717 0.305161 0.573375 480.000000 640.000000
3 0.340384 0.604870 0.322974 0.540817 0.357793 0.668923 480.000000 640.000000
4 0.506571 0.540355 0.487994 0.476896 0.525149 0.603813 480.000000 640.000000
5 0.609231 0.612356 0.579559 0.547219 0.638903 0.677492 480.000000 640.000000
9 0.304536 0.452153 0.289693 0.389106 0.319380 0.515199 480.000000 640.000000
10 0.474075 0.468326 0.451032 0.411985 0.497117 0.524668 480.000000 640.000000
12 0.583366 0.460385 0.561577 0.393818 0.605155 0.526953 480.000000 640.000000
13 0.630060 0.499780 0.614349 0.434177 0.645771 0.565384 480.000000 640.000000
19 0.889581 0.510810 0.860824 0.449378 0.918339 0.572242 480.000000 640.000000
28 0.873621 0.465693 0.855653 0.407737 0.891590 0.523648 480.000000 640.000000
11 0.121515 0.477778 0.096502 0.404611 0.146528 0.550944 480.000000 640.000000
