1 0.094891 0.519171 0.065982 0.455626 0.123800 0.582717 480.000000 640.000000
3 0.498332 0.613208 0.479737 0.548956 0.516927 0.677459 480.000000 640.000000
4 0.338020 0.545155 0.313171 0.484170 0.362869 0.606140 480.000000 640.000000
5 0.801505 0.604516 0.771251 0.540894 0.831759 0.668138 480.000000 640.000000
9 0.125929 0.450941 0.108078 0.393451 0.143781 0.508431 480.000000 640.000000
10 0.325782 0.472386 0.311673 0.414702 0.339891 0.530070 480.000000 640.000000
12 0.432033 0.450540 0.412184 0.389181 0.451882 0.511898 480.000000 640.000000
13 0.458771 0.492356 0.445129 0.429461 0.472413 0.555251 480.000000 640.000000
28 0.683413 0.459232 0.671537 0.400033 0.695288 0.518430 480.000000 640.000000
19 0.723475 0.508179 0.703430 0.442539 0.743520 0.573820 480.000000 640.000000
11 0.020365 0.462420 0.001630 0.404036 0.039099 0.520804 480.000000 640.000000
