1 0.079274 0.516348 0.063179 0.449856 0.095369 0.582840 480.000000 640.000000
3 0.509233 0.613961 0.483551 0.550019 0.534915 0.677902 480.000000 640.000000
4 0.330158 0.554018 0.308000 0.502806 0.352315 0.605231 480.000000 640.000000
5 0.816129 0.602595 0.797765 0.538701 0.834493 0.666490 480.000000 640.000000
9 0.110166 0.446426 0.096543 0.386562 0.123788 0.506291 480.000000 640.000000
10 0.315017 0.469786 0.299577 0.414306 0.330457 0.525266 480.000000 640.000000
12 0.423884 0.449865 0.409279 0.389717 0.438489 0.510012 480.000000 640.000000
13 0.441861 0.493578 0.415434 0.431088 0.468288 0.556069 480.000000 640.000000
28 0.664604 0.459948 0.641294 0.401929 0.687914 0.517968 480.000000 640.000000
19 0.707162 0.507698 0.690900 0.442165 0.723423 0.573232 480.000000 640.000000
11 0.012474 0.462831 -0.000433 0.405443 0.025380 0.520218 480.000000 640.000000
