1 0.467487 0.506302 0.450989 0.440178 0.483985 0.572426 480.000000 640.000000
3 0.177670 0.597879 0.157124 0.534726 0.198216 0.661033 480.000000 640.000000
4 0.690434 0.537118 0.669699 0.475744 0.711169 0.598492 480.000000 640.000000
5 0.389521 0.608100 0.370394 0.541642 0.408647 0.674558 480.000000 640.000000
7 0.260139 0.462155 0.244901 0.402606 0.275377 0.521704 480.000000 640.000000
8 0.892245 0.520996 0.877348 0.453189 0.907142 0.588803 480.000000 640.000000
9 0.498128 0.451702 0.484240 0.391349 0.512016 0.512055 480.000000 640.000000
10 0.634881 0.463233 0.622781 0.408533 0.646980 0.517934 480.000000 640.000000
11 0.290561 0.487739 0.263047 0.421585 0.318075 0.553893 480.000000 640.000000
12 0.747064 0.462646 0.720679 0.402692 0.773448 0.522599 480.000000 640.000000
6 0.075590 0.533539 0.050116 0.468970 0.101064 0.598108 480.000000 640.000000
13 0.814208 0.489900 0.799318 0.427821 0.829099 0.551980 480.000000 640.000000
