1 0.383142 0.510521 0.367104 0.446479 0.399181 0.574563 480.000000 640.000000
3 0.253188 0.599072 0.230971 0.535675 0.275405 0.662470 480.000000 640.000000
4 0.609215 0.538068 0.589131 0.477311 0.629300 0.598825 480.000000 640.000000
5 0.486197 0.607873 0.468234 0.542130 0.504160 0.673617 480.000000 640.000000
8 0.977918 0.531160 0.960378 0.461645 0.995457 0.600675 480.000000 640.000000
9 0.413200 0.449442 0.397752 0.390875 0.428648 0.508008 480.000000 640.000000
10 0.563580 0.462567 0.546719 0.406231 0.580441 0.518903 480.000000 640.000000
11 0.212974 0.484311 0.190505 0.423543 0.235444 0.545079 480.000000 640.000000
12 0.668669 0.460789 0.643062 0.400684 0.694276 0.520894 480.000000 640.000000
6 0.011958 0.532771 -0.000581 0.467310 0.024496 0.598232 480.000000 640.000000
13 0.735474 0.499053 0.715596 0.433752 0.755352 0.564355 480.000000 640.000000
16 0.992518 0.507329 0.984948 0.448423 1.000088 0.566235 480.000000 640.000000
