1 0.325920 0.512324 0.302226 0.449362 0.349615 0.575285 480.000000 640.000000
3 0.300632 0.602615 0.283007 0.539273 0.318258 0.665958 480.000000 640.000000
4 0.551233 0.528734 0.537250 0.476747 0.565215 0.580721 480.000000 640.000000
5 0.560432 0.609747 0.531243 0.543184 0.589621 0.676311 480.000000 640.000000
9 0.349395 0.451300 0.335432 0.390045 0.363357 0.512554 480.000000 640.000000
10 0.510462 0.464538 0.488105 0.409065 0.532818 0.520011 480.000000 640.000000
11 0.163678 0.475835 0.142477 0.402498 0.184878 0.549172 480.000000 640.000000
12 0.616529 0.459719 0.594119 0.399343 0.638939 0.520094 480.000000 640.000000
13 0.669740 0.499881 0.651713 0.434576 0.687768 0.565187 480.000000 640.000000
19 0.929903 0.497340 0.901291 0.422883 0.958515 0.571797 480.000000 640.000000
22 0.553718 0.508433 0.541634 0.476836 0.565802 0.540029 480.000000 640.000000
