1 0.453686 0.509747 0.424886 0.447646 0.482487 0.571848 480.000000 640.000000
3 0.185598 0.597985 0.161497 0.535262 0.209700 0.660708 480.000000 640.000000
4 0.674916 0.536527 0.661658 0.474297 0.688175 0.598756 480.000000 640.000000
5 0.408114 0.607965 0.387390 0.541227 0.428838 0.674704 480.000000 640.000000
7 0.249471 0.462554 0.233061 0.402837 0.265882 0.522271 480.000000 640.000000
8 0.907398 0.523229 0.877979 0.455328 0.936818 0.591129 480.000000 640.000000
9 0.487627 0.451856 0.470998 0.392816 0.504256 0.510897 480.000000 640.000000
10 0.619538 0.462228 0.602114 0.404729 0.636963 0.519726 480.000000 640.000000
11 0.282405 0.486584 0.262505 0.418728 0.302305 0.554440 480.000000 640.000000
12 0.735560 0.462137 0.719116 0.399419 0.752004 0.524855 480.000000 640.000000
6 0.066949 0.533845 0.044524 0.468397 0.089375 0.599293 480.000000 640.000000
13 0.795756 0.490434 0.773686 0.427939 0.817825 0.552928 480.000000 640.000000
