1 0.152965 0.513282 0.132655 0.450654 0.173275 0.575910 480.000000 640.000000
3 0.440315 0.611597 0.418185 0.549566 0.462444 0.673628 480.000000 640.000000
4 0.398748 0.543662 0.384916 0.484116 0.412580 0.603207 480.000000 640.000000
5 0.736184 0.605668 0.717239 0.540321 0.755128 0.671014 480.000000 640.000000
9 0.184430 0.450100 0.168110 0.389577 0.200750 0.510623 480.000000 640.000000
10 0.377418 0.469272 0.356925 0.414585 0.397911 0.523959 480.000000 640.000000
12 0.484937 0.452402 0.467260 0.388708 0.502613 0.516096 480.000000 640.000000
13 0.521304 0.495504 0.495871 0.433010 0.546738 0.557999 480.000000 640.000000
28 0.741761 0.460018 0.719777 0.402240 0.763745 0.517796 480.000000 640.000000
19 0.778430 0.513620 0.757904 0.455278 0.798955 0.571962 480.000000 640.000000
11 0.057890 0.468233 0.037407 0.412454 0.078372 0.524013 480.000000 640.000000
30 0.016764 0.495633 -0.000438 0.434539 0.033967 0.556727 480.000000 640.000000
