1 0.496395 0.506384 0.468645 0.444419 0.524146 0.568349 480.000000 640.000000
3 0.147945 0.599356 0.123542 0.536000 0.172349 0.662712 480.000000 640.000000
4 0.717228 0.535993 0.702436 0.473498 0.732020 0.598488 480.000000 640.000000
5 0.359498 0.608251 0.338921 0.543574 0.380074 0.672929 480.000000 640.000000
7 0.277008 0.462719 0.259265 0.403280 0.294750 0.522159 480.000000 640.000000
8 0.864113 0.516776 0.838327 0.447936 0.889899 0.585616 480.000000 640.000000
9 0.529822 0.453321 0.514667 0.392947 0.544977 0.513695 480.000000 640.000000
10 0.657652 0.460886 0.639002 0.403292 0.676302 0.518479 480.000000 640.000000
11 0.319042 0.476293 0.305667 0.417590 0.332416 0.534996 480.000000 640.000000
12 0.774761 0.461937 0.759028 0.399719 0.790494 0.524155 480.000000 640.000000
6 0.107814 0.530071 0.084898 0.468802 0.130731 0.591341 480.000000 640.000000
13 0.837067 0.487426 0.817273 0.423336 0.856861 0.551516 480.000000 640.000000
