1 0.121597 0.513436 0.107989 0.450402 0.135206 0.576470 480.000000 640.000000
3 0.471579 0.612651 0.446847 0.548350 0.496310 0.676951 480.000000 640.000000
4 0.369911 0.543568 0.348210 0.484581 0.391612 0.602556 480.000000 640.000000
5 0.771832 0.603104 0.753819 0.538668 0.789845 0.667541 480.000000 640.000000
9 0.150946 0.452464 0.138189 0.390119 0.163703 0.514808 480.000000 640.000000
10 0.348673 0.469127 0.335528 0.413519 0.361818 0.524735 480.000000 640.000000
12 0.458526 0.451479 0.442392 0.389020 0.474661 0.513938 480.000000 640.000000
13 0.484152 0.494798 0.456465 0.432049 0.511839 0.557548 480.000000 640.000000
28 0.708824 0.459738 0.689394 0.400863 0.728255 0.518614 480.000000 640.000000
19 0.746199 0.504357 0.729691 0.440519 0.762706 0.568195 480.000000 640.000000
11 0.037804 0.462400 0.019014 0.403603 0.056594 0.521197 480.000000 640.000000
