1 0.324175 0.512962 0.299639 0.450067 0.348711 0.575857 480.000000 640.000000
3 0.303404 0.602569 0.288577 0.540024 0.318231 0.665114 480.000000 640.000000
4 0.544644 0.532952 0.526202 0.474881 0.563086 0.591024 480.000000 640.000000
5 0.562484 0.610698 0.532013 0.545377 0.592955 0.676019 480.000000 640.000000
9 0.347078 0.451139 0.332933 0.389934 0.361224 0.512344 480.000000 640.000000
10 0.509146 0.464843 0.486595 0.409118 0.531697 0.520569 480.000000 640.000000
11 0.160558 0.474971 0.140953 0.402065 0.180163 0.547877 480.000000 640.000000
12 0.615429 0.459491 0.596930 0.399581 0.633928 0.519400 480.000000 640.000000
13 0.665884 0.500700 0.644416 0.436288 0.687353 0.565112 480.000000 640.000000
19 0.928172 0.491654 0.899167 0.412581 0.957176 0.570726 480.000000 640.000000
22 0.551495 0.505684 0.539492 0.473545 0.563498 0.537824 480.000000 640.000000
25 0.919792 0.462153 0.900000 0.405208 0.939583 0.519097 480.000000 640.000000
