1 0.117504 0.513927 0.104356 0.450077 0.130652 0.577777 480.000000 640.000000
3 0.473079 0.613458 0.448787 0.549567 0.497370 0.677348 480.000000 640.000000
4 0.367462 0.543207 0.348447 0.484216 0.386477 0.602199 480.000000 640.000000
5 0.774285 0.603007 0.757838 0.537809 0.790732 0.668205 480.000000 640.000000
9 0.148782 0.452224 0.135775 0.390170 0.161790 0.514278 480.000000 640.000000
10 0.345728 0.470256 0.331883 0.413303 0.359573 0.527208 480.000000 640.000000
12 0.457414 0.450684 0.441554 0.387941 0.473273 0.513427 480.000000 640.000000
13 0.482647 0.494803 0.453527 0.432716 0.511767 0.556890 480.000000 640.000000
28 0.705300 0.459037 0.683523 0.400511 0.727078 0.517564 480.000000 640.000000
19 0.743961 0.506570 0.726020 0.444155 0.761902 0.568986 480.000000 640.000000
11 0.034659 0.462633 0.015345 0.404154 0.053973 0.521111 480.000000 640.000000
