1 0.403152 0.511557 0.377852 0.447885 0.428452 0.575229 480.000000 640.000000
3 0.235675 0.596196 0.220674 0.534816 0.250675 0.657576 480.000000 640.000000
4 0.620270 0.537307 0.595035 0.474707 0.645505 0.599907 480.000000 640.000000
5 0.469872 0.608740 0.438958 0.544849 0.500787 0.672630 480.000000 640.000000
7 0.203507 0.464448 0.185861 0.405701 0.221153 0.523195 480.000000 640.000000
8 0.955578 0.532474 0.926821 0.465086 0.984336 0.599862 480.000000 640.000000
9 0.428030 0.453672 0.414333 0.391226 0.441726 0.516117 480.000000 640.000000
10 0.576927 0.464778 0.553953 0.410111 0.599901 0.519445 480.000000 640.000000
11 0.227142 0.476634 0.214131 0.418861 0.240154 0.534406 480.000000 640.000000
12 0.685907 0.459473 0.671009 0.398736 0.700805 0.520210 480.000000 640.000000
6 0.015214 0.533487 0.000808 0.467806 0.029620 0.599169 480.000000 640.000000
13 0.745839 0.497653 0.719014 0.432920 0.772663 0.562387 480.000000 640.000000
