1 0.452531 0.515072 0.423319 0.458021 0.481743 0.572124 480.000000 640.000000
3 0.187183 0.597684 0.164026 0.534426 0.210340 0.660943 480.000000 640.000000
4 0.671217 0.536000 0.655750 0.472183 0.686683 0.599818 480.000000 640.000000
5 0.412222 0.607695 0.388237 0.542546 0.436206 0.672843 480.000000 640.000000
7 0.246472 0.463390 0.227718 0.404121 0.265226 0.522660 480.000000 640.000000
8 0.908503 0.524513 0.878253 0.457237 0.938753 0.591790 480.000000 640.000000
9 0.485507 0.452864 0.467955 0.393642 0.503059 0.512085 480.000000 640.000000
10 0.617362 0.462359 0.598611 0.405631 0.636112 0.519088 480.000000 640.000000
11 0.278722 0.485643 0.259656 0.418224 0.297789 0.553062 480.000000 640.000000
12 0.732915 0.461389 0.717980 0.399243 0.747851 0.523535 480.000000 640.000000
6 0.065125 0.532871 0.046598 0.466556 0.083652 0.599187 480.000000 640.000000
13 0.792353 0.491234 0.767638 0.430100 0.817068 0.552367 480.000000 640.000000
