1 0.494311 0.506452 0.465800 0.443865 0.522823 0.569038 480.000000 640.000000
3 0.151010 0.598826 0.127718 0.534999 0.174301 0.662653 480.000000 640.000000
4 0.708590 0.535625 0.690105 0.473967 0.727074 0.597284 480.000000 640.000000
5 0.367878 0.609638 0.342087 0.545173 0.393670 0.674103 480.000000 640.000000
7 0.271791 0.463349 0.250769 0.403933 0.292813 0.522766 480.000000 640.000000
8 0.866409 0.520030 0.838916 0.451901 0.893901 0.588159 480.000000 640.000000
9 0.525996 0.454353 0.507945 0.394413 0.544046 0.514293 480.000000 640.000000
10 0.652110 0.462071 0.629217 0.405073 0.675004 0.519069 480.000000 640.000000
11 0.311434 0.478408 0.299611 0.416073 0.323257 0.540742 480.000000 640.000000
12 0.770808 0.461929 0.755553 0.399279 0.786062 0.524578 480.000000 640.000000
6 0.103209 0.531388 0.084607 0.468233 0.121810 0.594543 480.000000 640.000000
13 0.830687 0.489951 0.805698 0.428946 0.855675 0.550957 480.000000 640.000000
