1 0.304696 0.507170 0.288226 0.447978 0.321167 0.566362 480.000000 640.000000
3 0.318657 0.606225 0.299960 0.544633 0.337353 0.667818 480.000000 640.000000
4 0.533347 0.540429 0.508671 0.481353 0.558023 0.599506 480.000000 640.000000
5 0.572868 0.610494 0.546893 0.545410 0.598843 0.675578 480.000000 640.000000
9 0.334214 0.451202 0.317994 0.392896 0.350433 0.509508 480.000000 640.000000
10 0.500444 0.463719 0.483108 0.408439 0.517780 0.518998 480.000000 640.000000
11 0.143084 0.471619 0.128647 0.406932 0.157521 0.536306 480.000000 640.000000
12 0.604236 0.456920 0.588346 0.394834 0.620126 0.519006 480.000000 640.000000
13 0.656103 0.500846 0.626909 0.436350 0.685298 0.565343 480.000000 640.000000
19 0.918310 0.507356 0.899468 0.444789 0.937151 0.569922 480.000000 640.000000
21 0.142707 0.440593 0.129602 0.406725 0.155812 0.474462 480.000000 640.000000
