1 0.397063 0.512105 0.377245 0.447892 0.416881 0.576317 480.000000 640.000000
3 0.240346 0.596914 0.225921 0.534450 0.254770 0.659378 480.000000 640.000000
4 0.617054 0.537765 0.590605 0.475541 0.643503 0.599990 480.000000 640.000000
5 0.473474 0.609429 0.444178 0.545240 0.502770 0.673617 480.000000 640.000000
7 0.199437 0.464700 0.183124 0.406959 0.215751 0.522442 480.000000 640.000000
8 0.960718 0.533316 0.937041 0.465378 0.984394 0.601253 480.000000 640.000000
9 0.422807 0.450356 0.408960 0.390738 0.436654 0.509975 480.000000 640.000000
10 0.573742 0.464290 0.553572 0.408944 0.593912 0.519637 480.000000 640.000000
11 0.223550 0.484757 0.205080 0.418840 0.242021 0.550674 480.000000 640.000000
12 0.677606 0.459677 0.658165 0.398597 0.697047 0.520757 480.000000 640.000000
6 0.012247 0.533065 -0.000817 0.467174 0.025311 0.598956 480.000000 640.000000
13 0.743366 0.499643 0.715646 0.435053 0.771086 0.564232 480.000000 640.000000
16 0.994253 0.504331 0.988520 0.443560 0.999986 0.565101 480.000000 640.000000
