1 0.202145 0.512380 0.185465 0.449843 0.218825 0.574917 480.000000 640.000000
3 0.399557 0.610098 0.375137 0.546060 0.423976 0.674137 480.000000 640.000000
4 0.446127 0.542265 0.429683 0.483930 0.462571 0.600601 480.000000 640.000000
5 0.681459 0.608046 0.664749 0.541235 0.698169 0.674858 480.000000 640.000000
9 0.234288 0.455792 0.219125 0.398356 0.249450 0.513228 480.000000 640.000000
10 0.414635 0.468460 0.398754 0.411682 0.430517 0.525239 480.000000 640.000000
12 0.524897 0.452815 0.509435 0.388594 0.540359 0.517035 480.000000 640.000000
13 0.566389 0.498764 0.538661 0.434211 0.594117 0.563317 480.000000 640.000000
28 0.795339 0.461860 0.775256 0.401663 0.815421 0.522057 480.000000 640.000000
19 0.820001 0.504040 0.799904 0.436654 0.840097 0.571426 480.000000 640.000000
11 0.089261 0.470411 0.069930 0.417373 0.108593 0.523449 480.000000 640.000000
30 0.054355 0.487590 0.032682 0.417821 0.076028 0.557358 480.000000 640.000000
