1 0.477505 0.505398 0.463133 0.442474 0.491878 0.568321 480.000000 640.000000
3 0.166335 0.596232 0.151485 0.533235 0.181185 0.659230 480.000000 640.000000
4 0.696809 0.537216 0.669797 0.475568 0.723820 0.598864 480.000000 640.000000
5 0.380234 0.609752 0.352103 0.544512 0.408365 0.674992 480.000000 640.000000
7 0.265707 0.462846 0.246180 0.402798 0.285233 0.522894 480.000000 640.000000
8 0.882449 0.520976 0.864581 0.451358 0.900316 0.590595 480.000000 640.000000
9 0.506764 0.454088 0.491880 0.393209 0.521647 0.514966 480.000000 640.000000
10 0.642507 0.464007 0.622745 0.409115 0.662269 0.518898 480.000000 640.000000
11 0.295874 0.486161 0.270921 0.420159 0.320826 0.552162 480.000000 640.000000
12 0.751043 0.463088 0.726464 0.402364 0.775622 0.523812 480.000000 640.000000
6 0.083350 0.532222 0.064275 0.467945 0.102425 0.596499 480.000000 640.000000
13 0.824543 0.491779 0.801323 0.431027 0.847763 0.552530 480.000000 640.000000
