1 0.139952 0.515581 0.112710 0.453829 0.167195 0.577333 480.000000 640.000000
3 0.460561 0.611657 0.443071 0.547074 0.478051 0.676240 480.000000 640.000000
4 0.378181 0.544585 0.352077 0.485730 0.404285 0.603439 480.000000 640.000000
5 0.756320 0.602896 0.726302 0.534313 0.786339 0.671479 480.000000 640.000000
9 0.163474 0.453236 0.136407 0.392472 0.190541 0.514000 480.000000 640.000000
10 0.363300 0.469365 0.346554 0.414280 0.380046 0.524450 480.000000 640.000000
12 0.467053 0.453150 0.445795 0.392997 0.488312 0.513302 480.000000 640.000000
13 0.496558 0.492653 0.480825 0.428882 0.512291 0.556425 480.000000 640.000000
28 0.728863 0.459039 0.716521 0.400193 0.741205 0.517886 480.000000 640.000000
19 0.761290 0.507004 0.742987 0.446644 0.779593 0.567365 480.000000 640.000000
11 0.045508 0.461888 0.026188 0.401953 0.064828 0.521824 480.000000 640.000000
