1 0.111577 0.515060 0.094384 0.450016 0.128770 0.580104 480.000000 640.000000
3 0.476202 0.613903 0.454826 0.549939 0.497579 0.677867 480.000000 640.000000
4 0.360962 0.543042 0.346769 0.483812 0.375155 0.602273 480.000000 640.000000
5 0.780836 0.603630 0.763385 0.536768 0.798287 0.670492 480.000000 640.000000
9 0.142125 0.452049 0.125456 0.390158 0.158794 0.513940 480.000000 640.000000
10 0.342142 0.471614 0.321433 0.413429 0.362852 0.529799 480.000000 640.000000
12 0.454874 0.450694 0.439756 0.386180 0.469993 0.515209 480.000000 640.000000
13 0.480093 0.494902 0.451684 0.433600 0.508501 0.556204 480.000000 640.000000
28 0.698234 0.461340 0.673978 0.402389 0.722489 0.520292 480.000000 640.000000
19 0.737526 0.507209 0.714431 0.444165 0.760620 0.570253 480.000000 640.000000
11 0.030490 0.463011 0.010263 0.405958 0.050716 0.520064 480.000000 640.000000
