1 0.533198 0.505973 0.508910 0.444566 0.557486 0.567379 480.000000 640.000000
2 0.876166 0.488351 0.847897 0.426173 0.904435 0.550528 480.000000 640.000000
3 0.116585 0.598435 0.095885 0.534288 0.137285 0.662582 480.000000 640.000000
4 0.745266 0.535097 0.724647 0.471589 0.765885 0.598605 480.000000 640.000000
5 0.323706 0.610580 0.293534 0.547789 0.353877 0.673370 480.000000 640.000000
6 0.139403 0.531383 0.126868 0.466451 0.151938 0.596315 480.000000 640.000000
7 0.300466 0.465036 0.278064 0.403032 0.322867 0.527040 480.000000 640.000000
8 0.828862 0.511761 0.801404 0.444865 0.856321 0.578657 480.000000 640.000000
9 0.561457 0.456196 0.539591 0.396005 0.583322 0.516387 480.000000 640.000000
10 0.682883 0.462002 0.662189 0.405365 0.703578 0.518639 480.000000 640.000000
11 0.347419 0.479574 0.332091 0.417916 0.362747 0.541233 480.000000 640.000000
12 0.800182 0.462663 0.779863 0.399874 0.820502 0.525453 480.000000 640.000000
