1 0.198407 0.512993 0.178143 0.450247 0.218671 0.575739 480.000000 640.000000
3 0.401039 0.610219 0.377575 0.546011 0.424502 0.674428 480.000000 640.000000
4 0.442196 0.541877 0.428147 0.484035 0.456245 0.599719 480.000000 640.000000
5 0.684429 0.607682 0.667981 0.541366 0.700877 0.673998 480.000000 640.000000
9 0.231848 0.455535 0.217842 0.398071 0.245854 0.512999 480.000000 640.000000
10 0.410915 0.470341 0.392821 0.412281 0.429008 0.528400 480.000000 640.000000
12 0.521359 0.453374 0.503691 0.390218 0.539028 0.516530 480.000000 640.000000
13 0.564285 0.497775 0.538855 0.433383 0.589715 0.562168 480.000000 640.000000
28 0.792408 0.462297 0.770335 0.403677 0.814481 0.520918 480.000000 640.000000
19 0.817759 0.503784 0.796149 0.436724 0.839370 0.570845 480.000000 640.000000
11 0.088941 0.470405 0.069706 0.416534 0.108177 0.524275 480.000000 640.000000
30 0.051186 0.488447 0.026734 0.420286 0.075637 0.556608 480.000000 640.000000
33 0.805208 0.488194 0.769271 0.404861 0.841146 0.571528 480.000000 640.000000
