1 0.454844 0.510082 0.426744 0.449206 0.482945 0.570957 480.000000 640.000000
3 0.184382 0.598012 0.160076 0.535499 0.208689 0.660526 480.000000 640.000000
4 0.677554 0.536001 0.664287 0.473744 0.690820 0.598258 480.000000 640.000000
5 0.402892 0.607335 0.385106 0.540657 0.420678 0.674013 480.000000 640.000000
7 0.251649 0.462640 0.237343 0.402964 0.265955 0.522316 480.000000 640.000000
8 0.905213 0.522722 0.877838 0.455594 0.932588 0.589851 480.000000 640.000000
9 0.488968 0.450995 0.472549 0.389470 0.505387 0.512519 480.000000 640.000000
10 0.621878 0.462386 0.607688 0.404709 0.636068 0.520064 480.000000 640.000000
11 0.284835 0.487100 0.262034 0.419927 0.307637 0.554273 480.000000 640.000000
12 0.738230 0.462816 0.719459 0.399816 0.757002 0.525815 480.000000 640.000000
6 0.068772 0.533231 0.043754 0.468292 0.093790 0.598170 480.000000 640.000000
13 0.800317 0.490655 0.781628 0.428224 0.819005 0.553087 480.000000 640.000000
