1 0.167133 0.513581 0.153432 0.450133 0.180833 0.577029 480.000000 640.000000
3 0.434005 0.616971 0.409477 0.561132 0.458533 0.672809 480.000000 640.000000
4 0.404778 0.545509 0.388152 0.486241 0.421403 0.604778 480.000000 640.000000
5 0.720594 0.606492 0.701501 0.541747 0.739686 0.671238 480.000000 640.000000
9 0.194441 0.451861 0.175359 0.390736 0.213522 0.512985 480.000000 640.000000
10 0.388315 0.467473 0.370601 0.409141 0.406029 0.525805 480.000000 640.000000
12 0.496789 0.452955 0.482845 0.389849 0.510732 0.516061 480.000000 640.000000
13 0.526427 0.496485 0.497644 0.433419 0.555210 0.559551 480.000000 640.000000
28 0.757398 0.460064 0.738374 0.400962 0.776422 0.519167 480.000000 640.000000
19 0.789829 0.505983 0.773610 0.437477 0.806048 0.574488 480.000000 640.000000
11 0.061881 0.463899 0.044967 0.402291 0.078796 0.525507 480.000000 640.000000
30 0.022058 0.491028 0.004801 0.424322 0.039315 0.557735 480.000000 640.000000
