1 0.463774 0.506974 0.443861 0.441280 0.483686 0.572667 480.000000 640.000000
3 0.180409 0.598168 0.158257 0.535673 0.202561 0.660663 480.000000 640.000000
4 0.687976 0.536948 0.670402 0.475985 0.705550 0.597911 480.000000 640.000000
5 0.391871 0.606385 0.375447 0.540854 0.408295 0.671916 480.000000 640.000000
7 0.256807 0.462341 0.243599 0.402674 0.270015 0.522007 480.000000 640.000000
8 0.895631 0.521042 0.877873 0.453147 0.913390 0.588936 480.000000 640.000000
9 0.495272 0.452324 0.480617 0.391220 0.509928 0.513428 480.000000 640.000000
10 0.631166 0.461830 0.620926 0.407538 0.641406 0.516122 480.000000 640.000000
11 0.288287 0.488026 0.261410 0.421186 0.315164 0.554866 480.000000 640.000000
12 0.745056 0.464148 0.718998 0.402563 0.771114 0.525733 480.000000 640.000000
6 0.074365 0.533979 0.048185 0.468869 0.100544 0.599090 480.000000 640.000000
13 0.811563 0.489925 0.797146 0.427334 0.825980 0.552516 480.000000 640.000000
