1 0.278228 0.505235 0.249937 0.436662 0.306520 0.573808 480.000000 640.000000
3 0.333563 0.605173 0.313727 0.541061 0.353399 0.669285 480.000000 640.000000
4 0.514355 0.540150 0.500346 0.478638 0.528364 0.601663 480.000000 640.000000
5 0.602210 0.611468 0.578593 0.545185 0.625826 0.677752 480.000000 640.000000
9 0.309090 0.452499 0.295329 0.391216 0.322850 0.513781 480.000000 640.000000
10 0.477539 0.467391 0.456144 0.411234 0.498934 0.523547 480.000000 640.000000
11 0.124898 0.482677 0.096157 0.408349 0.153640 0.557006 480.000000 640.000000
12 0.587493 0.457979 0.562690 0.396163 0.612295 0.519795 480.000000 640.000000
13 0.635368 0.499379 0.621570 0.434461 0.649166 0.564298 480.000000 640.000000
19 0.888858 0.503465 0.857340 0.434593 0.920375 0.572336 480.000000 640.000000
28 0.878240 0.463425 0.857743 0.406360 0.898738 0.520491 480.000000 640.000000
