1 0.212269 0.510696 0.198096 0.449003 0.226442 0.572389 480.000000 640.000000
3 0.394805 0.608031 0.372625 0.545728 0.416984 0.670333 480.000000 640.000000
4 0.452772 0.543043 0.428288 0.484174 0.477256 0.601912 480.000000 640.000000
5 0.672717 0.609506 0.650577 0.543716 0.694856 0.675297 480.000000 640.000000
9 0.243864 0.455640 0.222688 0.397185 0.265040 0.514095 480.000000 640.000000
10 0.426915 0.469412 0.410617 0.410160 0.443213 0.528663 480.000000 640.000000
12 0.531932 0.454901 0.517320 0.392239 0.546544 0.517562 480.000000 640.000000
13 0.569423 0.499026 0.539573 0.436805 0.599273 0.561246 480.000000 640.000000
11 0.092728 0.465900 0.072978 0.407203 0.112477 0.524597 480.000000 640.000000
30 0.065232 0.468963 0.047532 0.379491 0.082932 0.558435 480.000000 640.000000
28 0.810509 0.460946 0.797500 0.399770 0.823518 0.522122 480.000000 640.000000
19 0.829280 0.505622 0.811529 0.436894 0.847031 0.574350 480.000000 640.000000
