1 0.355907 0.512603 0.334237 0.450311 0.377576 0.574895 480.000000 640.000000
3 0.276839 0.600499 0.261246 0.536630 0.292433 0.664368 480.000000 640.000000
4 0.577208 0.538141 0.550651 0.475676 0.603766 0.600605 480.000000 640.000000
5 0.520350 0.610846 0.491841 0.547162 0.548859 0.674530 480.000000 640.000000
8 0.985307 0.546405 0.970171 0.492214 1.000443 0.600596 480.000000 640.000000
9 0.380355 0.451577 0.366608 0.392098 0.394103 0.511055 480.000000 640.000000
10 0.540036 0.464447 0.520677 0.406455 0.559396 0.522438 480.000000 640.000000
11 0.181291 0.478498 0.160299 0.403481 0.202282 0.553515 480.000000 640.000000
12 0.643665 0.459858 0.626424 0.397751 0.660907 0.521964 480.000000 640.000000
13 0.702111 0.501356 0.673430 0.438210 0.730792 0.564502 480.000000 640.000000
19 0.966627 0.515744 0.946698 0.463484 0.986557 0.568004 480.000000 640.000000
