1 0.185007 0.514165 0.155348 0.452534 0.214666 0.575797 480.000000 640.000000
3 0.417188 0.610585 0.400706 0.548801 0.433670 0.672368 480.000000 640.000000
4 0.429065 0.541409 0.413544 0.482531 0.444586 0.600286 480.000000 640.000000
5 0.705770 0.607753 0.675491 0.544965 0.736049 0.670540 480.000000 640.000000
9 0.211789 0.453782 0.188629 0.395720 0.234948 0.511844 480.000000 640.000000
10 0.401749 0.470950 0.382948 0.412784 0.420550 0.529117 480.000000 640.000000
12 0.506833 0.455372 0.485265 0.393777 0.528402 0.516967 480.000000 640.000000
13 0.543584 0.496012 0.528973 0.432033 0.558195 0.559992 480.000000 640.000000
28 0.778064 0.460659 0.764947 0.400758 0.791180 0.520560 480.000000 640.000000
19 0.807644 0.508125 0.784692 0.441561 0.830595 0.574688 480.000000 640.000000
11 0.077448 0.469688 0.061932 0.414966 0.092964 0.524409 480.000000 640.000000
30 0.040562 0.494358 0.010358 0.430056 0.070766 0.558660 480.000000 640.000000
