1 0.103848 0.515949 0.079040 0.451986 0.128656 0.579912 480.000000 640.000000
3 0.481542 0.613370 0.465665 0.549499 0.497419 0.677241 480.000000 640.000000
4 0.353612 0.544513 0.340271 0.483836 0.366953 0.605189 480.000000 640.000000
5 0.790235 0.604338 0.766924 0.538940 0.813546 0.669737 480.000000 640.000000
9 0.137306 0.451603 0.116884 0.389312 0.157729 0.513893 480.000000 640.000000
10 0.336024 0.473695 0.313851 0.415128 0.358197 0.532263 480.000000 640.000000
12 0.449216 0.449414 0.434067 0.386121 0.464365 0.512708 480.000000 640.000000
13 0.475783 0.494415 0.451419 0.432655 0.500147 0.556174 480.000000 640.000000
28 0.696817 0.461801 0.675663 0.404719 0.717971 0.518882 480.000000 640.000000
19 0.733827 0.506112 0.707051 0.441226 0.760603 0.570999 480.000000 640.000000
11 0.028131 0.463457 0.006929 0.406692 0.049332 0.520222 480.000000 640.000000
