1 0.497489 0.506465 0.470669 0.444123 0.524309 0.568807 480.000000 640.000000
3 0.146780 0.599156 0.122400 0.535467 0.171160 0.662846 480.000000 640.000000
4 0.720028 0.535766 0.705600 0.473315 0.734456 0.598216 480.000000 640.000000
5 0.354890 0.607634 0.336283 0.543430 0.373498 0.671839 480.000000 640.000000
7 0.280740 0.462496 0.264708 0.402224 0.296773 0.522769 480.000000 640.000000
8 0.861561 0.513126 0.837444 0.441358 0.885679 0.584894 480.000000 640.000000
9 0.531837 0.453155 0.517554 0.392817 0.546120 0.513494 480.000000 640.000000
10 0.661155 0.460570 0.644755 0.402449 0.677554 0.518691 480.000000 640.000000
11 0.322848 0.477219 0.306991 0.417995 0.338705 0.536443 480.000000 640.000000
12 0.775197 0.463087 0.756260 0.399982 0.794133 0.526191 480.000000 640.000000
6 0.109078 0.529074 0.085416 0.466769 0.132739 0.591380 480.000000 640.000000
13 0.840104 0.487153 0.822396 0.423611 0.857812 0.550694 480.000000 640.000000
