1 0.143851 0.514899 0.114944 0.453098 0.172757 0.576701 480.000000 640.000000
3 0.450973 0.609479 0.436670 0.546679 0.465277 0.672280 480.000000 640.000000
4 0.385566 0.543092 0.366115 0.483032 0.405017 0.603151 480.000000 640.000000
5 0.750100 0.608104 0.721336 0.544950 0.778864 0.671259 480.000000 640.000000
9 0.171107 0.451333 0.145788 0.389781 0.196426 0.512885 480.000000 640.000000
10 0.368888 0.469283 0.348684 0.414640 0.389092 0.523926 480.000000 640.000000
12 0.473592 0.452538 0.450283 0.390938 0.496901 0.514137 480.000000 640.000000
13 0.507294 0.492858 0.492962 0.429894 0.521627 0.555822 480.000000 640.000000
28 0.733168 0.459944 0.717265 0.401906 0.749072 0.517982 480.000000 640.000000
19 0.772531 0.506539 0.749534 0.444281 0.795528 0.568797 480.000000 640.000000
11 0.052245 0.465625 0.030629 0.405997 0.073861 0.525252 480.000000 640.000000
30 0.015406 0.498358 -0.000679 0.438500 0.031492 0.558216 480.000000 640.000000
