1 0.188634 0.512595 0.159933 0.450339 0.217336 0.574852 480.000000 640.000000
3 0.407826 0.615809 0.391008 0.557934 0.424644 0.673684 480.000000 640.000000
4 0.432996 0.540318 0.419679 0.478956 0.446313 0.601680 480.000000 640.000000
5 0.698624 0.607669 0.673795 0.542910 0.723452 0.672428 480.000000 640.000000
9 0.223619 0.451880 0.209010 0.391834 0.238228 0.511927 480.000000 640.000000
10 0.405813 0.472221 0.384146 0.413546 0.427480 0.530896 480.000000 640.000000
12 0.513507 0.455841 0.489228 0.394209 0.537787 0.517473 480.000000 640.000000
13 0.554731 0.496628 0.538701 0.432744 0.570762 0.560513 480.000000 640.000000
28 0.781302 0.463654 0.760239 0.405909 0.802365 0.521399 480.000000 640.000000
19 0.811905 0.514595 0.785462 0.455031 0.838348 0.574160 480.000000 640.000000
11 0.083035 0.469517 0.062727 0.414216 0.103344 0.524818 480.000000 640.000000
30 0.044231 0.491829 0.014639 0.426145 0.073822 0.557513 480.000000 640.000000
