1 0.400333 0.512807 0.378091 0.448244 0.422575 0.577370 480.000000 640.000000
3 0.237783 0.597581 0.223724 0.536427 0.251843 0.658734 480.000000 640.000000
4 0.618878 0.537479 0.592532 0.475151 0.645224 0.599807 480.000000 640.000000
5 0.471645 0.609257 0.441019 0.545153 0.502270 0.673360 480.000000 640.000000
7 0.201334 0.465168 0.184263 0.406486 0.218405 0.523850 480.000000 640.000000
8 0.957660 0.532594 0.931532 0.464316 0.983788 0.600873 480.000000 640.000000
9 0.425450 0.451785 0.411383 0.390383 0.439518 0.513188 480.000000 640.000000
10 0.575582 0.464268 0.553864 0.409278 0.597299 0.519258 480.000000 640.000000
11 0.227228 0.481593 0.211739 0.419199 0.242718 0.543987 480.000000 640.000000
12 0.682033 0.459273 0.664995 0.398634 0.699070 0.519913 480.000000 640.000000
6 0.013001 0.533711 -0.000400 0.467547 0.026402 0.599876 480.000000 640.000000
13 0.744749 0.498942 0.716802 0.434474 0.772696 0.563409 480.000000 640.000000
16 0.994271 0.503472 0.988542 0.441319 1.000000 0.565625 480.000000 640.000000
