1 0.142463 0.515230 0.113089 0.453669 0.171836 0.576791 480.000000 640.000000
3 0.453232 0.609838 0.438559 0.545797 0.467904 0.673879 480.000000 640.000000
4 0.382437 0.545392 0.360193 0.487130 0.404682 0.603655 480.000000 640.000000
5 0.752740 0.608814 0.722133 0.545679 0.783347 0.671950 480.000000 640.000000
9 0.168574 0.452512 0.141948 0.391407 0.195201 0.513617 480.000000 640.000000
10 0.365925 0.470117 0.347994 0.415606 0.383856 0.524627 480.000000 640.000000
12 0.471594 0.453160 0.448676 0.392163 0.494513 0.514158 480.000000 640.000000
13 0.503372 0.491997 0.491224 0.428184 0.515521 0.555809 480.000000 640.000000
28 0.732790 0.459827 0.716760 0.401819 0.748820 0.517835 480.000000 640.000000
19 0.768958 0.505657 0.747896 0.445095 0.790019 0.566219 480.000000 640.000000
11 0.050004 0.463754 0.029589 0.403285 0.070419 0.524222 480.000000 640.000000
30 0.015149 0.501314 -0.000623 0.444070 0.030922 0.558557 480.000000 640.000000
