1 0.307999 0.505998 0.291559 0.448155 0.324440 0.563840 480.000000 640.000000
3 0.314506 0.603266 0.296573 0.539465 0.332440 0.667067 480.000000 640.000000
4 0.532804 0.537619 0.509951 0.476758 0.555658 0.598480 480.000000 640.000000
5 0.569690 0.611085 0.541250 0.545743 0.598129 0.676427 480.000000 640.000000
9 0.334556 0.450840 0.317878 0.391116 0.351234 0.510564 480.000000 640.000000
10 0.502553 0.464666 0.484249 0.409176 0.520857 0.520155 480.000000 640.000000
11 0.145446 0.470660 0.131862 0.405489 0.159031 0.535831 480.000000 640.000000
12 0.607837 0.456459 0.593132 0.394014 0.622542 0.518904 480.000000 640.000000
13 0.657246 0.500322 0.628043 0.435450 0.686449 0.565195 480.000000 640.000000
19 0.922329 0.512378 0.901085 0.454088 0.943573 0.570669 480.000000 640.000000
25 0.911301 0.451706 0.895444 0.402655 0.927157 0.500756 480.000000 640.000000
21 0.144674 0.445093 0.131897 0.405807 0.157450 0.484379 480.000000 640.000000
