1 0.482156 0.506287 0.465479 0.443883 0.498834 0.568691 480.000000 640.000000
3 0.163993 0.596418 0.149382 0.533174 0.178603 0.659661 480.000000 640.000000
4 0.697619 0.536425 0.670672 0.474467 0.724566 0.598383 480.000000 640.000000
5 0.377336 0.610291 0.347504 0.545268 0.407168 0.675313 480.000000 640.000000
7 0.266823 0.462285 0.246029 0.402352 0.287616 0.522218 480.000000 640.000000
8 0.878881 0.520963 0.859109 0.451533 0.898653 0.590394 480.000000 640.000000
9 0.509502 0.453332 0.493417 0.393585 0.525588 0.513079 480.000000 640.000000
10 0.644092 0.463939 0.622788 0.408816 0.665395 0.519063 480.000000 640.000000
11 0.298796 0.484983 0.276931 0.418818 0.320661 0.551148 480.000000 640.000000
12 0.752120 0.462731 0.728036 0.401337 0.776204 0.524125 480.000000 640.000000
6 0.086215 0.531237 0.068776 0.468342 0.103654 0.594131 480.000000 640.000000
13 0.826916 0.492084 0.801491 0.431758 0.852342 0.552409 480.000000 640.000000
