1 0.296753 0.509191 0.280565 0.448306 0.312941 0.570076 480.000000 640.000000
3 0.325874 0.605140 0.302753 0.542624 0.348995 0.667656 480.000000 640.000000
4 0.529248 0.540005 0.508938 0.479896 0.549559 0.600114 480.000000 640.000000
5 0.582427 0.609023 0.565491 0.543149 0.599363 0.674897 480.000000 640.000000
9 0.327848 0.453501 0.309431 0.393323 0.346265 0.513679 480.000000 640.000000
10 0.491110 0.463573 0.476411 0.407342 0.505810 0.519805 480.000000 640.000000
11 0.133254 0.483066 0.111576 0.416259 0.154933 0.549872 480.000000 640.000000
12 0.594001 0.458354 0.571069 0.396927 0.616933 0.519782 480.000000 640.000000
13 0.651648 0.501620 0.627210 0.437538 0.676086 0.565702 480.000000 640.000000
19 0.907283 0.505373 0.889899 0.437917 0.924667 0.572828 480.000000 640.000000
21 0.136955 0.429058 0.125249 0.408171 0.148662 0.449945 480.000000 640.000000
