1 0.299465 0.508215 0.283432 0.447192 0.315498 0.569237 480.000000 640.000000
3 0.324499 0.605394 0.302425 0.542815 0.346572 0.667974 480.000000 640.000000
4 0.531220 0.539751 0.508605 0.479731 0.553835 0.599772 480.000000 640.000000
5 0.579514 0.611481 0.559929 0.544077 0.599100 0.678886 480.000000 640.000000
9 0.331128 0.452699 0.312697 0.393565 0.349558 0.511833 480.000000 640.000000
10 0.495411 0.463097 0.478155 0.406918 0.512666 0.519276 480.000000 640.000000
11 0.137074 0.477888 0.118955 0.416845 0.155194 0.538930 480.000000 640.000000
12 0.597101 0.457838 0.577119 0.395872 0.617082 0.519805 480.000000 640.000000
13 0.653471 0.501899 0.626631 0.438079 0.680312 0.565718 480.000000 640.000000
19 0.911434 0.505219 0.895464 0.438555 0.927405 0.571884 480.000000 640.000000
21 0.138624 0.430957 0.126469 0.408181 0.150778 0.453732 480.000000 640.000000
