1 0.470799 0.505819 0.457006 0.440369 0.484592 0.571268 480.000000 640.000000
3 0.173846 0.597269 0.155671 0.533595 0.192021 0.660943 480.000000 640.000000
4 0.692607 0.536993 0.669208 0.475744 0.716007 0.598241 480.000000 640.000000
5 0.386443 0.608535 0.363863 0.542655 0.409024 0.674415 480.000000 640.000000
7 0.262837 0.463010 0.246663 0.403773 0.279010 0.522247 480.000000 640.000000
8 0.889443 0.520820 0.874271 0.452587 0.904615 0.589054 480.000000 640.000000
9 0.501385 0.453746 0.487139 0.391788 0.515632 0.515703 480.000000 640.000000
10 0.638205 0.463320 0.622922 0.408132 0.653489 0.518509 480.000000 640.000000
11 0.291901 0.487048 0.264128 0.421532 0.319673 0.552564 480.000000 640.000000
12 0.748957 0.462964 0.722641 0.403041 0.775273 0.522886 480.000000 640.000000
6 0.078019 0.533125 0.054394 0.469404 0.101644 0.596847 480.000000 640.000000
13 0.817998 0.489843 0.800252 0.427284 0.835743 0.552403 480.000000 640.000000
