1 0.098781 0.515790 0.069440 0.451144 0.128121 0.580436 480.000000 640.000000
3 0.487600 0.613011 0.472507 0.548842 0.502693 0.677179 480.000000 640.000000
4 0.347437 0.544265 0.331269 0.483264 0.363604 0.605265 480.000000 640.000000
5 0.796455 0.604086 0.768060 0.540844 0.824849 0.667328 480.000000 640.000000
9 0.133224 0.452745 0.111630 0.392563 0.154818 0.512928 480.000000 640.000000
10 0.332381 0.473194 0.312263 0.415595 0.352498 0.530793 480.000000 640.000000
12 0.441793 0.449179 0.423939 0.387915 0.459646 0.510444 480.000000 640.000000
13 0.470159 0.493253 0.451494 0.431124 0.488823 0.555382 480.000000 640.000000
28 0.691533 0.460866 0.677327 0.403893 0.705739 0.517839 480.000000 640.000000
19 0.731070 0.506710 0.706588 0.443612 0.755551 0.569807 480.000000 640.000000
11 0.026195 0.464852 0.005134 0.409638 0.047255 0.520067 480.000000 640.000000
35 0.690625 0.437500 0.680208 0.403125 0.701042 0.471875 480.000000 640.000000
