1 0.096537 0.518702 0.066384 0.455143 0.126690 0.582262 480.000000 640.000000
3 0.494213 0.613128 0.477842 0.548973 0.510585 0.677283 480.000000 640.000000
4 0.340423 0.545570 0.318123 0.484935 0.362722 0.606206 480.000000 640.000000
5 0.799745 0.604552 0.769359 0.541294 0.830132 0.667809 480.000000 640.000000
9 0.129235 0.452087 0.109544 0.395178 0.148926 0.508996 480.000000 640.000000
10 0.327162 0.473078 0.311641 0.415396 0.342684 0.530760 480.000000 640.000000
12 0.435168 0.450246 0.415949 0.389625 0.454387 0.510866 480.000000 640.000000
13 0.461748 0.492481 0.447616 0.429564 0.475880 0.555397 480.000000 640.000000
28 0.686281 0.459714 0.673245 0.400949 0.699316 0.518480 480.000000 640.000000
19 0.726965 0.509054 0.704526 0.443739 0.749404 0.574370 480.000000 640.000000
11 0.023099 0.464664 0.003608 0.408119 0.042591 0.521208 480.000000 640.000000
