1 0.379092 0.510714 0.361180 0.446028 0.397005 0.575400 480.000000 640.000000
3 0.254886 0.600188 0.231392 0.537357 0.278379 0.663019 480.000000 640.000000
4 0.606744 0.535184 0.589405 0.471699 0.624082 0.598670 480.000000 640.000000
5 0.488982 0.607036 0.473127 0.542000 0.504837 0.672071 480.000000 640.000000
8 0.981742 0.512383 0.963907 0.424602 0.999577 0.600164 480.000000 640.000000
9 0.411169 0.449273 0.394039 0.392076 0.428298 0.506470 480.000000 640.000000
10 0.559256 0.461798 0.545128 0.404571 0.573384 0.519024 480.000000 640.000000
11 0.210211 0.485087 0.184192 0.419202 0.236231 0.550971 480.000000 640.000000
12 0.667459 0.460753 0.641353 0.400976 0.693565 0.520530 480.000000 640.000000
6 0.011911 0.536809 -0.000514 0.474442 0.024335 0.599175 480.000000 640.000000
13 0.731024 0.498886 0.714212 0.433777 0.747837 0.563994 480.000000 640.000000
