1 0.205710 0.511440 0.191290 0.449439 0.220129 0.573441 480.000000 640.000000
3 0.398455 0.609251 0.373801 0.545656 0.423110 0.672846 480.000000 640.000000
4 0.448738 0.542159 0.430134 0.483718 0.467342 0.600601 480.000000 640.000000
5 0.678812 0.606704 0.661200 0.541600 0.696424 0.671808 480.000000 640.000000
9 0.236912 0.455877 0.219487 0.396646 0.254337 0.515107 480.000000 640.000000
10 0.419286 0.467211 0.403740 0.410172 0.434833 0.524251 480.000000 640.000000
12 0.527114 0.453235 0.511911 0.389211 0.542317 0.517260 480.000000 640.000000
13 0.567701 0.499630 0.538548 0.435857 0.596854 0.563403 480.000000 640.000000
28 0.799576 0.461976 0.781194 0.401276 0.817958 0.522676 480.000000 640.000000
19 0.823484 0.503625 0.804717 0.434159 0.842251 0.573091 480.000000 640.000000
11 0.089893 0.468393 0.070048 0.413582 0.109738 0.523203 480.000000 640.000000
30 0.058264 0.485466 0.040252 0.414365 0.076277 0.556567 480.000000 640.000000
