1 0.434381 0.502043 0.420382 0.445486 0.448380 0.558600 480.000000 640.000000
3 0.207355 0.596837 0.190074 0.533491 0.224636 0.660183 480.000000 640.000000
4 0.654946 0.538850 0.629970 0.477155 0.679923 0.600544 480.000000 640.000000
5 0.429550 0.600779 0.404766 0.529536 0.454333 0.672022 480.000000 640.000000
7 0.232999 0.460346 0.214023 0.399745 0.251976 0.520948 480.000000 640.000000
8 0.924916 0.524078 0.902883 0.455314 0.946949 0.592842 480.000000 640.000000
9 0.462076 0.452841 0.447965 0.391581 0.476188 0.514102 480.000000 640.000000
10 0.605847 0.464107 0.587324 0.406967 0.624370 0.521246 480.000000 640.000000
11 0.259295 0.489351 0.235857 0.425445 0.282734 0.553257 480.000000 640.000000
12 0.710820 0.462216 0.686857 0.400957 0.734782 0.523475 480.000000 640.000000
6 0.044311 0.533527 0.025511 0.469150 0.063111 0.597904 480.000000 640.000000
13 0.782241 0.494087 0.756344 0.432257 0.808138 0.555916 480.000000 640.000000
