1 0.527558 0.506868 0.508700 0.445614 0.546415 0.568122 480.000000 640.000000
2 0.875257 0.488133 0.849239 0.426038 0.901276 0.550229 480.000000 640.000000
3 0.124340 0.598076 0.106875 0.534414 0.141805 0.661737 480.000000 640.000000
4 0.740110 0.536070 0.715548 0.474541 0.764672 0.597598 480.000000 640.000000
5 0.327623 0.612195 0.296730 0.549356 0.358515 0.675033 480.000000 640.000000
6 0.135232 0.530270 0.123665 0.466453 0.146800 0.594088 480.000000 640.000000
7 0.299138 0.464380 0.276839 0.402292 0.321436 0.526468 480.000000 640.000000
8 0.833195 0.511805 0.809540 0.444191 0.856851 0.579420 480.000000 640.000000
9 0.558388 0.456016 0.534525 0.395276 0.582251 0.516755 480.000000 640.000000
10 0.680756 0.462461 0.658358 0.405692 0.703154 0.519230 480.000000 640.000000
11 0.341183 0.482518 0.320258 0.419004 0.362108 0.546031 480.000000 640.000000
12 0.795059 0.464199 0.773114 0.401642 0.817003 0.526756 480.000000 640.000000
