1 0.100836 0.514189 0.073055 0.448402 0.128616 0.579977 480.000000 640.000000
3 0.484660 0.613278 0.469669 0.549356 0.499650 0.677201 480.000000 640.000000
4 0.351081 0.544506 0.337241 0.483262 0.364921 0.605750 480.000000 640.000000
5 0.793812 0.603978 0.767343 0.539813 0.820281 0.668144 480.000000 640.000000
9 0.135391 0.453269 0.113946 0.392164 0.156836 0.514375 480.000000 640.000000
10 0.334196 0.474014 0.312163 0.415974 0.356228 0.532054 480.000000 640.000000
12 0.446272 0.448564 0.430534 0.386910 0.462011 0.510217 480.000000 640.000000
13 0.473146 0.493738 0.451609 0.432217 0.494683 0.555259 480.000000 640.000000
28 0.693077 0.460949 0.676061 0.403783 0.710094 0.518115 480.000000 640.000000
19 0.732491 0.506367 0.705898 0.441768 0.759084 0.570966 480.000000 640.000000
11 0.027470 0.463976 0.006039 0.407838 0.048901 0.520115 480.000000 640.000000
