1 0.107684 0.515229 0.086659 0.450624 0.128709 0.579833 480.000000 640.000000
3 0.478615 0.613718 0.459659 0.549980 0.497572 0.677455 480.000000 640.000000
4 0.356559 0.544633 0.343629 0.484850 0.369490 0.604416 480.000000 640.000000
5 0.786026 0.604176 0.765735 0.537370 0.806316 0.670982 480.000000 640.000000
9 0.139407 0.452747 0.120507 0.391564 0.158308 0.513929 480.000000 640.000000
10 0.340685 0.472324 0.318262 0.414183 0.363107 0.530466 480.000000 640.000000
12 0.452209 0.449954 0.437207 0.385980 0.467211 0.513929 480.000000 640.000000
13 0.478492 0.495077 0.451851 0.433276 0.505133 0.556879 480.000000 640.000000
28 0.697049 0.461040 0.674930 0.402936 0.719169 0.519143 480.000000 640.000000
19 0.735752 0.507937 0.710960 0.444709 0.760544 0.571165 480.000000 640.000000
11 0.029414 0.464028 0.008848 0.408035 0.049980 0.520020 480.000000 640.000000
