1 0.491246 0.504374 0.465431 0.439191 0.517060 0.569558 480.000000 640.000000
3 0.155671 0.597144 0.136907 0.534575 0.174435 0.659714 480.000000 640.000000
4 0.701988 0.536354 0.678723 0.474889 0.725252 0.597819 480.000000 640.000000
5 0.372128 0.609843 0.342807 0.546440 0.401448 0.673247 480.000000 640.000000
7 0.269740 0.464054 0.247993 0.405660 0.291487 0.522448 480.000000 640.000000
8 0.870068 0.521428 0.843693 0.453458 0.896443 0.589397 480.000000 640.000000
9 0.519054 0.455865 0.498120 0.396694 0.539988 0.515036 480.000000 640.000000
10 0.647664 0.464038 0.623839 0.407975 0.671490 0.520100 480.000000 640.000000
11 0.307970 0.477314 0.295742 0.416825 0.320197 0.537804 480.000000 640.000000
12 0.763756 0.461221 0.747601 0.399813 0.779911 0.522628 480.000000 640.000000
6 0.097511 0.530057 0.083139 0.467281 0.111883 0.592834 480.000000 640.000000
13 0.830224 0.492020 0.801931 0.431441 0.858517 0.552600 480.000000 640.000000
