1 0.060890 0.518894 0.037231 0.455591 0.084550 0.582196 480.000000 640.000000
3 0.519250 0.611199 0.502607 0.548941 0.535893 0.673456 480.000000 640.000000
4 0.313472 0.549666 0.300096 0.494017 0.326848 0.605316 480.000000 640.000000
5 0.836098 0.602094 0.814587 0.537105 0.857610 0.667083 480.000000 640.000000
9 0.095620 0.450744 0.072925 0.391803 0.118316 0.509685 480.000000 640.000000
10 0.305359 0.483395 0.283606 0.409865 0.327111 0.556926 480.000000 640.000000
12 0.418620 0.438220 0.401486 0.383296 0.435755 0.493144 480.000000 640.000000
13 0.435026 0.500400 0.407614 0.445763 0.462437 0.555038 480.000000 640.000000
28 0.646463 0.459240 0.627281 0.402300 0.665644 0.516179 480.000000 640.000000
19 0.696209 0.506999 0.672292 0.443162 0.720126 0.570837 480.000000 640.000000
11 0.010969 0.467920 -0.000188 0.414869 0.022126 0.520971 480.000000 640.000000
36 0.431771 0.469444 0.401562 0.384375 0.461979 0.554514 480.000000 640.000000
