1 0.442320 0.508874 0.423850 0.447025 0.460790 0.570722 480.000000 640.000000
3 0.200995 0.596484 0.185071 0.532948 0.216919 0.660021 480.000000 640.000000
4 0.657628 0.538497 0.631504 0.476858 0.683751 0.600136 480.000000 640.000000
5 0.424740 0.609507 0.395098 0.546943 0.454383 0.672070 480.000000 640.000000
7 0.236210 0.464342 0.214915 0.403065 0.257504 0.525619 480.000000 640.000000
8 0.916639 0.523722 0.891506 0.455154 0.941771 0.592290 480.000000 640.000000
9 0.466100 0.453761 0.451248 0.393003 0.480953 0.514519 480.000000 640.000000
10 0.610466 0.464848 0.589310 0.408449 0.631621 0.521246 480.000000 640.000000
11 0.263787 0.484880 0.246956 0.420972 0.280618 0.548788 480.000000 640.000000
12 0.716180 0.462887 0.695686 0.399993 0.736674 0.525782 480.000000 640.000000
6 0.050182 0.533013 0.035047 0.468253 0.065316 0.597773 480.000000 640.000000
13 0.785456 0.494259 0.756667 0.433472 0.814245 0.555046 480.000000 640.000000
