1 0.064903 0.514141 0.044974 0.445680 0.084831 0.582602 480.000000 640.000000
3 0.516271 0.612326 0.496804 0.549710 0.535739 0.674943 480.000000 640.000000
4 0.316284 0.552875 0.303273 0.501469 0.329295 0.604281 480.000000 640.000000
5 0.832616 0.601807 0.812720 0.536166 0.852512 0.667448 480.000000 640.000000
9 0.097754 0.450805 0.076211 0.391892 0.119296 0.509718 480.000000 640.000000
10 0.307624 0.494028 0.285779 0.410507 0.329468 0.577548 480.000000 640.000000
12 0.420802 0.441502 0.404308 0.384491 0.437296 0.498512 480.000000 640.000000
13 0.436565 0.501258 0.407916 0.445626 0.465214 0.556890 480.000000 640.000000
28 0.649972 0.459798 0.629394 0.402748 0.670549 0.516848 480.000000 640.000000
19 0.696944 0.507886 0.673599 0.444083 0.720289 0.571689 480.000000 640.000000
11 0.011186 0.468637 -0.000274 0.416677 0.022646 0.520597 480.000000 640.000000
