1 0.375102 0.510548 0.354140 0.445628 0.396065 0.575468 480.000000 640.000000
3 0.256198 0.600590 0.231956 0.537288 0.280440 0.663892 480.000000 640.000000
4 0.603406 0.535459 0.588524 0.473229 0.618288 0.597690 480.000000 640.000000
5 0.491779 0.608079 0.476357 0.541944 0.507202 0.674215 480.000000 640.000000
8 0.983272 0.518410 0.966011 0.436854 1.000533 0.599966 480.000000 640.000000
9 0.410065 0.450847 0.392977 0.393695 0.427153 0.507999 480.000000 640.000000
10 0.556337 0.461732 0.542811 0.404632 0.569863 0.518833 480.000000 640.000000
11 0.208732 0.485135 0.180640 0.417010 0.236824 0.553260 480.000000 640.000000
12 0.666364 0.460733 0.641076 0.401306 0.691652 0.520160 480.000000 640.000000
6 0.011029 0.542084 -0.000375 0.486049 0.022433 0.598118 480.000000 640.000000
13 0.726990 0.498795 0.712345 0.433770 0.741635 0.563820 480.000000 640.000000
17 0.192839 0.462500 0.183594 0.404167 0.202083 0.520833 480.000000 640.000000
