1 0.516572 0.505319 0.504002 0.442470 0.529142 0.568168 480.000000 640.000000
2 0.868405 0.485619 0.850010 0.423126 0.886799 0.548112 480.000000 640.000000
3 0.126896 0.564409 0.108375 0.466194 0.145416 0.662625 480.000000 640.000000
4 0.734970 0.536968 0.709384 0.475550 0.760556 0.598385 480.000000 640.000000
5 0.334064 0.611138 0.308605 0.547898 0.359524 0.674379 480.000000 640.000000
7 0.294785 0.462000 0.277101 0.400920 0.312470 0.523081 480.000000 640.000000
8 0.844599 0.510033 0.827722 0.443820 0.861476 0.576247 480.000000 640.000000
9 0.549270 0.455319 0.531513 0.395051 0.567026 0.515586 480.000000 640.000000
10 0.675665 0.462533 0.657269 0.404680 0.694062 0.520386 480.000000 640.000000
11 0.335514 0.484130 0.309656 0.419599 0.361372 0.548661 480.000000 640.000000
12 0.788664 0.463455 0.761575 0.402371 0.815754 0.524538 480.000000 640.000000
