1 0.163427 0.513320 0.150221 0.450224 0.176633 0.576416 480.000000 640.000000
3 0.434193 0.613222 0.407487 0.553084 0.460900 0.673360 480.000000 640.000000
4 0.404117 0.545143 0.388533 0.485809 0.419701 0.604477 480.000000 640.000000
5 0.724291 0.606042 0.707513 0.540932 0.741069 0.671152 480.000000 640.000000
9 0.191610 0.451003 0.173756 0.390686 0.209464 0.511319 480.000000 640.000000
10 0.386676 0.468699 0.368787 0.411737 0.404565 0.525661 480.000000 640.000000
12 0.493208 0.452768 0.477520 0.389338 0.508897 0.516197 480.000000 640.000000
13 0.525482 0.496967 0.496613 0.434067 0.554351 0.559866 480.000000 640.000000
28 0.753204 0.460048 0.733503 0.401677 0.772905 0.518419 480.000000 640.000000
19 0.786352 0.508587 0.771012 0.445333 0.801693 0.571841 480.000000 640.000000
11 0.060976 0.462362 0.042911 0.399764 0.079041 0.524959 480.000000 640.000000
30 0.020532 0.491849 0.003199 0.425476 0.037865 0.558223 480.000000 640.000000
