1 0.451299 0.512418 0.422772 0.453033 0.479825 0.571803 480.000000 640.000000
3 0.189168 0.597870 0.167939 0.534864 0.210396 0.660876 480.000000 640.000000
4 0.666866 0.536992 0.648309 0.473482 0.685424 0.600502 480.000000 640.000000
5 0.416007 0.608123 0.388774 0.543815 0.443239 0.672430 480.000000 640.000000
7 0.243389 0.463309 0.223372 0.404437 0.263406 0.522180 480.000000 640.000000
8 0.909804 0.525493 0.878591 0.458906 0.941017 0.592080 480.000000 640.000000
9 0.479365 0.453743 0.457121 0.394441 0.501608 0.513044 480.000000 640.000000
10 0.615560 0.463155 0.594966 0.407410 0.636154 0.518900 480.000000 640.000000
11 0.275520 0.485794 0.259420 0.418097 0.291619 0.553492 480.000000 640.000000
12 0.729136 0.460930 0.713150 0.399226 0.745122 0.522635 480.000000 640.000000
6 0.062366 0.533020 0.047434 0.466834 0.077299 0.599205 480.000000 640.000000
13 0.789728 0.492050 0.762633 0.431895 0.816822 0.552206 480.000000 640.000000
