1 0.284178 0.509605 0.259970 0.447762 0.308386 0.571449 480.000000 640.000000
3 0.329613 0.605098 0.306602 0.541633 0.352624 0.668563 480.000000 640.000000
4 0.520349 0.538467 0.506827 0.477464 0.533871 0.599469 480.000000 640.000000
5 0.592610 0.611094 0.575339 0.543347 0.609881 0.678841 480.000000 640.000000
9 0.314501 0.452564 0.297633 0.392665 0.331369 0.512463 480.000000 640.000000
10 0.481227 0.466162 0.462848 0.410097 0.499605 0.522227 480.000000 640.000000
11 0.129667 0.482050 0.099589 0.408807 0.159745 0.555293 480.000000 640.000000
12 0.589793 0.459017 0.564358 0.398789 0.615228 0.519245 480.000000 640.000000
13 0.641985 0.499404 0.627168 0.434876 0.656802 0.563931 480.000000 640.000000
19 0.895625 0.508958 0.870655 0.445728 0.920596 0.572188 480.000000 640.000000
21 0.129931 0.429426 0.117097 0.408390 0.142764 0.450462 480.000000 640.000000
28 0.884204 0.460281 0.863499 0.403700 0.904908 0.516863 480.000000 640.000000
