1 0.664207 0.630124 0.637380 0.566439 0.691034 0.693810 480.000000 640.000000
4 0.178484 0.630435 0.146796 0.562208 0.210172 0.698662 480.000000 640.000000
5 0.322052 0.477373 0.300023 0.411919 0.344081 0.542826 480.000000 640.000000
6 0.112410 0.529303 0.086964 0.468486 0.137856 0.590121 480.000000 640.000000
7 0.875486 0.443622 0.859751 0.385867 0.891220 0.501376 480.000000 640.000000
8 0.611575 0.463762 0.595018 0.393323 0.628132 0.534201 480.000000 640.000000
18 0.109143 0.429445 0.092374 0.367761 0.125913 0.491129 480.000000 640.000000
19 0.890752 0.475722 0.875249 0.418191 0.906255 0.533254 480.000000 640.000000
3 0.224295 0.566974 0.204850 0.501353 0.243739 0.632595 480.000000 640.000000
22 0.244872 0.585945 0.231069 0.556643 0.258674 0.615247 480.000000 640.000000
