1 0.886965 0.617456 0.869724 0.553896 0.904206 0.681016 480.000000 640.000000
6 0.293404 0.507363 0.279142 0.447993 0.307667 0.566732 480.000000 640.000000
3 0.370919 0.565659 0.351383 0.497924 0.390454 0.633394 480.000000 640.000000
23 0.141975 0.473037 0.122707 0.407089 0.161243 0.538986 480.000000 640.000000
33 0.916830 0.525301 0.897844 0.467503 0.935816 0.583099 480.000000 640.000000
34 0.697030 0.446560 0.680582 0.385498 0.713478 0.507622 480.000000 640.000000
8 0.443581 0.454520 0.422621 0.387052 0.464541 0.521988 480.000000 640.000000
5 0.502290 0.478233 0.485761 0.413277 0.518819 0.543189 480.000000 640.000000
35 0.974507 0.454801 0.949588 0.393553 0.999426 0.516050 480.000000 640.000000
37 0.390611 0.584689 0.375565 0.552574 0.405657 0.616804 480.000000 640.000000
19 0.675181 0.474977 0.660825 0.410754 0.689537 0.539200 480.000000 640.000000
