1 0.891168 0.617545 0.873771 0.554012 0.908564 0.681079 480.000000 640.000000
6 0.296403 0.507215 0.280641 0.448294 0.312164 0.566135 480.000000 640.000000
3 0.372519 0.565612 0.352706 0.497917 0.392331 0.633308 480.000000 640.000000
23 0.139668 0.473680 0.118242 0.407923 0.161094 0.539436 480.000000 640.000000
33 0.915440 0.524691 0.895919 0.467050 0.934962 0.582333 480.000000 640.000000
34 0.696071 0.445159 0.679665 0.386430 0.712476 0.503888 480.000000 640.000000
8 0.441456 0.454777 0.420384 0.384697 0.462528 0.524857 480.000000 640.000000
5 0.505022 0.479483 0.488375 0.413600 0.521669 0.545366 480.000000 640.000000
35 0.972681 0.454506 0.948613 0.391866 0.996748 0.517147 480.000000 640.000000
37 0.391229 0.585479 0.375509 0.552731 0.406949 0.618226 480.000000 640.000000
19 0.671443 0.480512 0.655440 0.410259 0.687445 0.550766 480.000000 640.000000
