1 0.514323 0.628472 0.497135 0.562500 0.531510 0.694444 480.000000 640.000000
2 0.967708 0.633681 0.948958 0.565972 0.986458 0.701389 480.000000 640.000000
3 0.136979 0.576389 0.110417 0.507292 0.163542 0.645486 480.000000 640.000000
4 0.312240 0.614931 0.291146 0.544792 0.333333 0.685069 480.000000 640.000000
5 0.212630 0.478125 0.187370 0.417014 0.237891 0.539236 480.000000 640.000000
6 0.011702 0.540972 0.000000 0.481250 0.023405 0.600694 480.000000 640.000000
7 0.987500 0.445833 0.975000 0.382292 1.000000 0.509375 480.000000 640.000000
8 0.715625 0.464583 0.699479 0.390972 0.731771 0.538194 480.000000 640.000000
9 0.241927 0.423611 0.223958 0.356944 0.259896 0.490278 480.000000 640.000000
10 0.417708 0.463889 0.400000 0.399306 0.435417 0.528472 480.000000 640.000000
11 0.962500 0.553125 0.947396 0.505903 0.977604 0.600347 480.000000 640.000000
