1 0.931116 0.614714 0.913494 0.549586 0.948738 0.679842 480.000000 640.000000
6 0.326789 0.500602 0.312214 0.441378 0.341364 0.559825 480.000000 640.000000
3 0.398184 0.568067 0.378186 0.500669 0.418182 0.635465 480.000000 640.000000
23 0.108126 0.477144 0.091571 0.411835 0.124681 0.542452 480.000000 640.000000
33 0.874435 0.525905 0.851496 0.467734 0.897374 0.584077 480.000000 640.000000
34 0.659756 0.447565 0.644172 0.385192 0.675340 0.509937 480.000000 640.000000
8 0.412723 0.460611 0.391663 0.393451 0.433783 0.527771 480.000000 640.000000
5 0.535191 0.471927 0.518461 0.407912 0.551921 0.535943 480.000000 640.000000
35 0.938597 0.457011 0.912233 0.398619 0.964960 0.515403 480.000000 640.000000
19 0.634565 0.464333 0.622997 0.409568 0.646133 0.519098 480.000000 640.000000
38 0.018502 0.549426 0.000132 0.483083 0.036871 0.615768 480.000000 640.000000
