1 0.714752 0.629014 0.691870 0.565600 0.737634 0.692428 480.000000 640.000000
4 0.120597 0.632952 0.096452 0.564839 0.144742 0.701064 480.000000 640.000000
5 0.367977 0.477067 0.340904 0.415440 0.395050 0.538693 480.000000 640.000000
6 0.154080 0.522895 0.128152 0.461345 0.180008 0.584445 480.000000 640.000000
8 0.568833 0.460701 0.552391 0.390811 0.585275 0.530591 480.000000 640.000000
18 0.055157 0.431741 0.027521 0.370299 0.082793 0.493182 480.000000 640.000000
3 0.260033 0.572765 0.241714 0.510365 0.278352 0.635165 480.000000 640.000000
23 0.281556 0.462473 0.260431 0.400301 0.302682 0.524646 480.000000 640.000000
7 0.834336 0.419762 0.823316 0.385471 0.845356 0.454053 480.000000 640.000000
19 0.836855 0.464227 0.814580 0.395661 0.859131 0.532793 480.000000 640.000000
26 0.281250 0.573611 0.263542 0.524653 0.298958 0.622569 480.000000 640.000000
