1 0.959407 0.615504 0.935061 0.552717 0.983753 0.678290 480.000000 640.000000
6 0.352101 0.497957 0.326156 0.434702 0.378046 0.561212 480.000000 640.000000
3 0.423428 0.567370 0.398434 0.499571 0.448423 0.635169 480.000000 640.000000
23 0.089382 0.476488 0.063526 0.410063 0.115238 0.542913 480.000000 640.000000
33 0.849775 0.528167 0.832442 0.470801 0.867107 0.585532 480.000000 640.000000
34 0.635966 0.439566 0.622599 0.381045 0.649332 0.498086 480.000000 640.000000
8 0.387301 0.457026 0.369239 0.389217 0.405363 0.524835 480.000000 640.000000
5 0.561368 0.473859 0.534890 0.411176 0.587845 0.536541 480.000000 640.000000
35 0.914673 0.453458 0.894060 0.391941 0.935286 0.514976 480.000000 640.000000
19 0.607132 0.464473 0.591992 0.407937 0.622272 0.521008 480.000000 640.000000
38 0.036865 0.548844 0.010729 0.482499 0.063002 0.615188 480.000000 640.000000
