1 0.864134 0.619176 0.841084 0.555133 0.887184 0.683218 480.000000 640.000000
6 0.273112 0.512187 0.246202 0.456190 0.300022 0.568185 480.000000 640.000000
3 0.355073 0.565347 0.330823 0.496695 0.379324 0.633998 480.000000 640.000000
19 0.697725 0.465060 0.679591 0.409896 0.715859 0.520223 480.000000 640.000000
23 0.169519 0.472186 0.142428 0.408003 0.196610 0.536369 480.000000 640.000000
33 0.943624 0.525512 0.921038 0.467140 0.966210 0.583883 480.000000 640.000000
34 0.716820 0.438075 0.704997 0.382347 0.728644 0.493803 480.000000 640.000000
8 0.461491 0.456390 0.444177 0.389407 0.478805 0.523373 480.000000 640.000000
5 0.482733 0.481030 0.454850 0.416454 0.510616 0.545605 480.000000 640.000000
35 0.989062 0.460069 0.978125 0.409722 1.000000 0.510417 480.000000 640.000000
