1 0.592151 0.629769 0.565274 0.566523 0.619027 0.693015 480.000000 640.000000
3 0.186451 0.573430 0.163190 0.506222 0.209712 0.640637 480.000000 640.000000
4 0.236665 0.624064 0.211192 0.553767 0.262138 0.694362 480.000000 640.000000
5 0.271393 0.480980 0.257274 0.416197 0.285511 0.545762 480.000000 640.000000
6 0.057987 0.533358 0.040269 0.468601 0.075704 0.598115 480.000000 640.000000
7 0.924526 0.450291 0.903446 0.387948 0.945607 0.512634 480.000000 640.000000
8 0.653665 0.464409 0.629112 0.398622 0.678218 0.530197 480.000000 640.000000
10 0.363657 0.462009 0.338837 0.398763 0.388477 0.525255 480.000000 640.000000
18 0.172000 0.429586 0.151487 0.367362 0.192512 0.491811 480.000000 640.000000
19 0.951282 0.474162 0.927332 0.416892 0.975232 0.531432 480.000000 640.000000
