1 0.838256 0.622504 0.807561 0.557529 0.868951 0.687479 480.000000 640.000000
4 0.009689 0.644835 -0.000201 0.584346 0.019578 0.705324 480.000000 640.000000
5 0.459287 0.475616 0.441383 0.411165 0.477190 0.540066 480.000000 640.000000
6 0.249313 0.505756 0.234133 0.442327 0.264493 0.569186 480.000000 640.000000
8 0.482472 0.457362 0.464038 0.390839 0.500905 0.523884 480.000000 640.000000
3 0.337860 0.565869 0.316093 0.497002 0.359627 0.634735 480.000000 640.000000
19 0.724418 0.469608 0.701676 0.414166 0.747161 0.525050 480.000000 640.000000
23 0.187513 0.469987 0.168474 0.403769 0.206553 0.536205 480.000000 640.000000
33 0.969154 0.523919 0.951795 0.463410 0.986513 0.584428 480.000000 640.000000
34 0.741146 0.440625 0.729688 0.384375 0.752604 0.496875 480.000000 640.000000
