1 0.666936 0.630374 0.638057 0.566555 0.695815 0.694193 480.000000 640.000000
4 0.176135 0.630490 0.146697 0.561609 0.205573 0.699372 480.000000 640.000000
5 0.323440 0.478225 0.300335 0.414938 0.346544 0.541513 480.000000 640.000000
6 0.113492 0.529560 0.087159 0.469089 0.139825 0.590031 480.000000 640.000000
7 0.876161 0.447582 0.861186 0.385099 0.891135 0.510065 480.000000 640.000000
8 0.609781 0.462910 0.593634 0.393240 0.625927 0.532581 480.000000 640.000000
18 0.105561 0.427815 0.086481 0.367890 0.124642 0.487740 480.000000 640.000000
19 0.885813 0.475923 0.867210 0.418520 0.904415 0.533327 480.000000 640.000000
3 0.225741 0.566626 0.206077 0.501309 0.245405 0.631944 480.000000 640.000000
22 0.244646 0.589061 0.226781 0.556905 0.262511 0.621218 480.000000 640.000000
