1 0.744471 0.625752 0.718930 0.561545 0.770012 0.689959 480.000000 640.000000
4 0.094258 0.631842 0.071502 0.562565 0.117013 0.701118 480.000000 640.000000
5 0.381512 0.475546 0.364827 0.412498 0.398197 0.538594 480.000000 640.000000
6 0.169044 0.518365 0.155107 0.456065 0.182982 0.580666 480.000000 640.000000
8 0.550235 0.462416 0.525597 0.394155 0.574872 0.530678 480.000000 640.000000
18 0.035249 0.429572 0.019415 0.367344 0.051082 0.491801 480.000000 640.000000
3 0.276932 0.568582 0.252631 0.501020 0.301233 0.636145 480.000000 640.000000
23 0.260274 0.461846 0.242091 0.399632 0.278457 0.524061 480.000000 640.000000
19 0.813207 0.438748 0.796201 0.385742 0.830213 0.491754 480.000000 640.000000
27 0.291797 0.564514 0.277286 0.516686 0.306308 0.612343 480.000000 640.000000
