1 0.867918 0.619496 0.842530 0.556043 0.893305 0.682948 480.000000 640.000000
6 0.274512 0.509667 0.247705 0.450362 0.301319 0.568972 480.000000 640.000000
3 0.355864 0.565272 0.332427 0.496331 0.379300 0.634213 480.000000 640.000000
19 0.695705 0.465331 0.675432 0.409928 0.715979 0.520734 480.000000 640.000000
23 0.166837 0.472056 0.142288 0.407912 0.191387 0.536201 480.000000 640.000000
33 0.940114 0.525224 0.919984 0.466961 0.960245 0.583487 480.000000 640.000000
34 0.714142 0.440625 0.702228 0.381717 0.726056 0.499533 480.000000 640.000000
8 0.457511 0.455923 0.438573 0.389813 0.476449 0.522032 480.000000 640.000000
5 0.484733 0.480774 0.456413 0.415925 0.513053 0.545623 480.000000 640.000000
35 0.986099 0.452278 0.972244 0.393323 0.999953 0.511232 480.000000 640.000000
