1 0.542643 0.630400 0.516398 0.567489 0.568888 0.693311 480.000000 640.000000
2 0.979613 0.625640 0.958515 0.552881 1.000712 0.698398 480.000000 640.000000
3 0.153711 0.572320 0.132846 0.505131 0.174577 0.639509 480.000000 640.000000
4 0.281371 0.618675 0.251157 0.550072 0.311584 0.687277 480.000000 640.000000
5 0.234300 0.478421 0.221516 0.417887 0.247084 0.538956 480.000000 640.000000
6 0.023965 0.535708 0.004227 0.470251 0.043702 0.601166 480.000000 640.000000
7 0.964870 0.447114 0.940930 0.386887 0.988809 0.507342 480.000000 640.000000
8 0.690535 0.477243 0.664646 0.400241 0.716424 0.554245 480.000000 640.000000
10 0.398704 0.465832 0.373909 0.399389 0.423500 0.532274 480.000000 640.000000
11 0.983062 0.551689 0.968211 0.506826 0.997913 0.596552 480.000000 640.000000
