1 0.573911 0.629842 0.549002 0.566294 0.598820 0.693390 480.000000 640.000000
3 0.173732 0.577152 0.147441 0.511839 0.200023 0.642464 480.000000 640.000000
4 0.262979 0.621730 0.242057 0.552400 0.283900 0.691061 480.000000 640.000000
5 0.249831 0.479883 0.224862 0.416518 0.274800 0.543248 480.000000 640.000000
6 0.040316 0.535159 0.015773 0.469789 0.064860 0.600528 480.000000 640.000000
7 0.947820 0.446351 0.935053 0.385534 0.960587 0.507168 480.000000 640.000000
8 0.676960 0.463489 0.659825 0.395107 0.694095 0.531871 480.000000 640.000000
10 0.380248 0.459206 0.362775 0.396169 0.397722 0.522244 480.000000 640.000000
18 0.189941 0.430106 0.166946 0.369343 0.212937 0.490869 480.000000 640.000000
19 0.977271 0.473288 0.962405 0.417369 0.992137 0.529206 480.000000 640.000000
11 0.992519 0.572500 0.984773 0.518642 1.000266 0.626359 480.000000 640.000000
20 0.186153 0.562464 0.171102 0.506987 0.201203 0.617941 480.000000 640.000000
