1 0.922337 0.617238 0.891595 0.553189 0.953079 0.681287 480.000000 640.000000
6 0.316502 0.506398 0.293467 0.447324 0.339537 0.565471 480.000000 640.000000
3 0.391696 0.566142 0.366750 0.497856 0.416642 0.634428 480.000000 640.000000
23 0.122136 0.474839 0.099791 0.408457 0.144481 0.541221 480.000000 640.000000
33 0.889299 0.525720 0.872245 0.465997 0.906353 0.585443 480.000000 640.000000
34 0.669270 0.443774 0.657774 0.383015 0.680766 0.504533 480.000000 640.000000
8 0.419829 0.459836 0.401902 0.391094 0.437756 0.528578 480.000000 640.000000
5 0.528599 0.475696 0.506103 0.412795 0.551096 0.538597 480.000000 640.000000
35 0.946574 0.455231 0.923497 0.394510 0.969652 0.515952 480.000000 640.000000
19 0.646010 0.464547 0.627263 0.409255 0.664757 0.519839 480.000000 640.000000
38 0.013317 0.550411 0.000090 0.485647 0.026544 0.615175 480.000000 640.000000
