1 0.673935 0.630790 0.643114 0.565695 0.704756 0.695885 480.000000 640.000000
4 0.166077 0.628811 0.144517 0.560256 0.187637 0.697366 480.000000 640.000000
5 0.326691 0.479008 0.301579 0.416682 0.351804 0.541334 480.000000 640.000000
6 0.117425 0.527660 0.091806 0.466486 0.143044 0.588834 480.000000 640.000000
8 0.603225 0.462275 0.586963 0.393583 0.619486 0.530967 480.000000 640.000000
18 0.093012 0.427765 0.071729 0.370184 0.114296 0.485346 480.000000 640.000000
19 0.877659 0.477470 0.852964 0.420819 0.902354 0.534121 480.000000 640.000000
3 0.233596 0.568995 0.213253 0.502746 0.253939 0.635244 480.000000 640.000000
22 0.254424 0.587508 0.240351 0.558825 0.268497 0.616192 480.000000 640.000000
23 0.310548 0.461324 0.295702 0.401951 0.325395 0.520698 480.000000 640.000000
24 0.869792 0.421875 0.860938 0.385069 0.878646 0.458681 480.000000 640.000000
