1 0.906053 0.616608 0.881316 0.552268 0.930790 0.680948 480.000000 640.000000
6 0.306777 0.511399 0.284976 0.455528 0.328578 0.567271 480.000000 640.000000
3 0.380245 0.566835 0.357967 0.498476 0.402523 0.635194 480.000000 640.000000
23 0.133648 0.474815 0.106249 0.411224 0.161046 0.538407 480.000000 640.000000
33 0.908002 0.523764 0.887801 0.467164 0.928204 0.580363 480.000000 640.000000
34 0.688267 0.441417 0.672201 0.387611 0.704333 0.495223 480.000000 640.000000
8 0.431985 0.454605 0.414791 0.389334 0.449179 0.519877 480.000000 640.000000
5 0.516485 0.478727 0.495673 0.413120 0.537296 0.544333 480.000000 640.000000
35 0.970133 0.452532 0.949576 0.390247 0.990689 0.514817 480.000000 640.000000
37 0.398951 0.582931 0.387776 0.548859 0.410126 0.617004 480.000000 640.000000
19 0.659055 0.466738 0.637930 0.412481 0.680179 0.520994 480.000000 640.000000
38 0.009507 0.543429 0.000096 0.486558 0.018918 0.600300 480.000000 640.000000
