1 0.641090 0.628843 0.624450 0.565493 0.657731 0.692192 480.000000 640.000000
4 0.187114 0.627075 0.158830 0.557035 0.215399 0.697116 480.000000 640.000000
5 0.305078 0.478132 0.289372 0.413477 0.320785 0.542788 480.000000 640.000000
6 0.095081 0.528348 0.080518 0.465634 0.109645 0.591063 480.000000 640.000000
7 0.884995 0.441126 0.867406 0.384546 0.902585 0.497707 480.000000 640.000000
8 0.619501 0.465298 0.595462 0.397809 0.643540 0.532786 480.000000 640.000000
10 0.328013 0.467157 0.305261 0.398253 0.350766 0.536062 480.000000 640.000000
18 0.126158 0.428684 0.108869 0.366906 0.143448 0.490462 480.000000 640.000000
19 0.908461 0.475284 0.888953 0.417636 0.927968 0.532933 480.000000 640.000000
3 0.220485 0.567474 0.195715 0.501606 0.245255 0.633343 480.000000 640.000000
