1 0.633729 0.630075 0.613790 0.566126 0.653668 0.694025 480.000000 640.000000
4 0.198231 0.616631 0.174056 0.536489 0.222407 0.696773 480.000000 640.000000
5 0.302572 0.477600 0.286560 0.413361 0.318584 0.541840 480.000000 640.000000
6 0.089618 0.528414 0.075237 0.464539 0.103998 0.592290 480.000000 640.000000
7 0.891732 0.443005 0.875391 0.385127 0.908072 0.500884 480.000000 640.000000
8 0.624482 0.465128 0.598834 0.397197 0.650131 0.533059 480.000000 640.000000
10 0.334136 0.461455 0.316009 0.397293 0.352263 0.525618 480.000000 640.000000
18 0.132227 0.430147 0.108630 0.368447 0.155825 0.491847 480.000000 640.000000
19 0.912342 0.476528 0.888941 0.419881 0.935744 0.533176 480.000000 640.000000
3 0.219768 0.568933 0.191864 0.502899 0.247671 0.634967 480.000000 640.000000
