1 0.750224 0.627083 0.721586 0.563384 0.778863 0.690782 480.000000 640.000000
4 0.086486 0.633095 0.057472 0.565115 0.115499 0.701076 480.000000 640.000000
5 0.386084 0.475694 0.371061 0.411014 0.401107 0.540375 480.000000 640.000000
6 0.175564 0.516503 0.162372 0.454017 0.188756 0.578988 480.000000 640.000000
8 0.549372 0.460579 0.528625 0.392847 0.570120 0.528311 480.000000 640.000000
18 0.025857 0.431882 0.008977 0.367398 0.042737 0.496366 480.000000 640.000000
3 0.280186 0.569309 0.255566 0.501120 0.304806 0.637498 480.000000 640.000000
23 0.254229 0.464262 0.232892 0.399638 0.275566 0.528885 480.000000 640.000000
19 0.806670 0.455936 0.784501 0.386185 0.828839 0.525687 480.000000 640.000000
27 0.293142 0.556146 0.277773 0.497962 0.308511 0.614330 480.000000 640.000000
