1 0.843542 0.620725 0.816908 0.556547 0.870176 0.684903 480.000000 640.000000
4 0.008493 0.651153 -0.000010 0.596949 0.016996 0.705357 480.000000 640.000000
5 0.471159 0.472858 0.448272 0.407198 0.494046 0.538518 480.000000 640.000000
6 0.254644 0.506019 0.241057 0.441641 0.268230 0.570397 480.000000 640.000000
8 0.480851 0.456514 0.461747 0.391225 0.499954 0.521803 480.000000 640.000000
3 0.339928 0.566287 0.319394 0.497863 0.360462 0.634711 480.000000 640.000000
19 0.718906 0.468916 0.699624 0.414212 0.738189 0.523619 480.000000 640.000000
23 0.181124 0.470322 0.162229 0.405292 0.200019 0.535352 480.000000 640.000000
33 0.961820 0.524950 0.943184 0.465474 0.980456 0.584426 480.000000 640.000000
34 0.737954 0.440814 0.724413 0.386021 0.751495 0.495608 480.000000 640.000000
