1 0.596354 0.629078 0.578001 0.565579 0.614707 0.692578 480.000000 640.000000
3 0.191412 0.570813 0.168612 0.504073 0.214212 0.637552 480.000000 640.000000
4 0.231377 0.624900 0.201388 0.554662 0.261366 0.695139 480.000000 640.000000
5 0.278054 0.479220 0.259687 0.416717 0.296421 0.541723 480.000000 640.000000
6 0.066363 0.534466 0.044359 0.470285 0.088366 0.598648 480.000000 640.000000
7 0.918745 0.450404 0.897686 0.388893 0.939804 0.511914 480.000000 640.000000
8 0.651227 0.464387 0.628129 0.397153 0.674324 0.531622 480.000000 640.000000
10 0.362186 0.462719 0.336645 0.399338 0.387727 0.526100 480.000000 640.000000
18 0.164311 0.428722 0.149266 0.366646 0.179357 0.490799 480.000000 640.000000
19 0.947836 0.475264 0.924689 0.418582 0.970984 0.531947 480.000000 640.000000
