1 0.620719 0.631374 0.594460 0.567142 0.646977 0.695607 480.000000 640.000000
3 0.200928 0.571402 0.178292 0.504065 0.223564 0.638738 480.000000 640.000000
4 0.218852 0.622963 0.195429 0.549454 0.242274 0.696472 480.000000 640.000000
5 0.289477 0.479926 0.262956 0.416568 0.315997 0.543284 480.000000 640.000000
6 0.077133 0.534585 0.051791 0.469944 0.102476 0.599226 480.000000 640.000000
7 0.911680 0.447843 0.899324 0.387576 0.924036 0.508109 480.000000 640.000000
8 0.641254 0.460525 0.624796 0.392580 0.657712 0.528471 480.000000 640.000000
10 0.349685 0.462315 0.331256 0.399066 0.368113 0.525565 480.000000 640.000000
18 0.145215 0.430836 0.119875 0.368661 0.170555 0.493010 480.000000 640.000000
19 0.932224 0.475389 0.919013 0.419058 0.945435 0.531721 480.000000 640.000000
