1 0.915462 0.620473 0.885285 0.559408 0.945638 0.681539 480.000000 640.000000
6 0.312759 0.509195 0.287292 0.451313 0.338225 0.567077 480.000000 640.000000
3 0.387418 0.566591 0.363500 0.498487 0.411336 0.634695 480.000000 640.000000
23 0.130250 0.476954 0.102512 0.411471 0.157987 0.542437 480.000000 640.000000
33 0.897520 0.525234 0.880299 0.466198 0.914742 0.584269 480.000000 640.000000
34 0.677514 0.436505 0.665801 0.385979 0.689227 0.487031 480.000000 640.000000
8 0.425238 0.455799 0.408729 0.389854 0.441748 0.521744 480.000000 640.000000
5 0.523584 0.478710 0.499879 0.414512 0.547290 0.542909 480.000000 640.000000
35 0.959621 0.452729 0.942673 0.391072 0.976570 0.514386 480.000000 640.000000
19 0.653335 0.464994 0.629700 0.412373 0.676969 0.517614 480.000000 640.000000
38 0.012953 0.543286 0.000010 0.485552 0.025896 0.601020 480.000000 640.000000
