1 0.957491 0.615400 0.930843 0.552647 0.984140 0.678154 480.000000 640.000000
6 0.350756 0.497832 0.325186 0.434081 0.376325 0.561583 480.000000 640.000000
3 0.420103 0.567393 0.396803 0.499532 0.443404 0.635254 480.000000 640.000000
23 0.090401 0.475884 0.063198 0.409992 0.117604 0.541777 480.000000 640.000000
33 0.852136 0.528074 0.834307 0.470530 0.869964 0.585617 480.000000 640.000000
34 0.637559 0.440375 0.622492 0.382179 0.652626 0.498571 480.000000 640.000000
8 0.389666 0.455944 0.372885 0.389321 0.406446 0.522567 480.000000 640.000000
5 0.560224 0.474344 0.534525 0.411217 0.585923 0.537471 480.000000 640.000000
35 0.918411 0.453528 0.901151 0.391383 0.935671 0.515672 480.000000 640.000000
19 0.609604 0.464942 0.592263 0.408578 0.626944 0.521306 480.000000 640.000000
38 0.036378 0.546008 0.010079 0.482572 0.062678 0.609445 480.000000 640.000000
