1 0.622535 0.631104 0.594857 0.567546 0.650214 0.694661 480.000000 640.000000
3 0.203544 0.577177 0.180651 0.504539 0.226437 0.649815 480.000000 640.000000
4 0.219210 0.619132 0.196625 0.541586 0.241795 0.696678 480.000000 640.000000
5 0.290770 0.480142 0.264830 0.415745 0.316711 0.544539 480.000000 640.000000
6 0.078194 0.532908 0.054007 0.467621 0.102382 0.598195 480.000000 640.000000
7 0.909506 0.446922 0.898282 0.385681 0.920730 0.508163 480.000000 640.000000
8 0.639047 0.462505 0.622879 0.392572 0.655215 0.532439 480.000000 640.000000
10 0.346294 0.461536 0.329392 0.398129 0.363197 0.524944 480.000000 640.000000
18 0.142708 0.431196 0.115414 0.369751 0.170002 0.492640 480.000000 640.000000
19 0.927381 0.475803 0.912968 0.419055 0.941793 0.532552 480.000000 640.000000
