1 0.941563 0.615312 0.921185 0.550977 0.961942 0.679648 480.000000 640.000000
6 0.335039 0.500973 0.320152 0.440167 0.349926 0.561779 480.000000 640.000000
3 0.410589 0.569797 0.385679 0.505698 0.435498 0.633896 480.000000 640.000000
23 0.101291 0.473525 0.081297 0.407187 0.121284 0.539864 480.000000 640.000000
33 0.869673 0.527464 0.846198 0.470174 0.893148 0.584755 480.000000 640.000000
34 0.655056 0.446000 0.636779 0.383702 0.673333 0.508297 480.000000 640.000000
8 0.405119 0.456107 0.385355 0.391770 0.424883 0.520444 480.000000 640.000000
5 0.543284 0.473303 0.528228 0.407956 0.558339 0.538649 480.000000 640.000000
35 0.934099 0.455757 0.911767 0.394882 0.956431 0.516632 480.000000 640.000000
19 0.622938 0.465749 0.603708 0.409702 0.642168 0.521796 480.000000 640.000000
38 0.022151 0.542855 0.000302 0.483202 0.044000 0.602507 480.000000 640.000000
