1 0.718075 0.627763 0.698364 0.564057 0.737785 0.691469 480.000000 640.000000
4 0.117053 0.632144 0.095597 0.563356 0.138508 0.700931 480.000000 640.000000
5 0.369611 0.477091 0.342767 0.415594 0.396456 0.538587 480.000000 640.000000
6 0.154854 0.522896 0.129210 0.460710 0.180498 0.585083 480.000000 640.000000
8 0.566992 0.460508 0.550492 0.391310 0.583493 0.529706 480.000000 640.000000
18 0.052031 0.432911 0.024057 0.370747 0.080004 0.495075 480.000000 640.000000
3 0.262254 0.570461 0.243947 0.505123 0.280561 0.635799 480.000000 640.000000
23 0.277735 0.461313 0.258304 0.399532 0.297165 0.523093 480.000000 640.000000
7 0.832631 0.422911 0.822547 0.385941 0.842715 0.459881 480.000000 640.000000
19 0.835657 0.460928 0.815959 0.389316 0.855354 0.532540 480.000000 640.000000
