1 0.747723 0.626519 0.720665 0.562513 0.774781 0.690524 480.000000 640.000000
4 0.089893 0.632534 0.063839 0.564027 0.115948 0.701040 480.000000 640.000000
5 0.384744 0.476439 0.369876 0.411212 0.399613 0.541666 480.000000 640.000000
6 0.173156 0.516784 0.159734 0.454349 0.186578 0.579219 480.000000 640.000000
8 0.549438 0.461554 0.527005 0.393679 0.571871 0.529430 480.000000 640.000000
18 0.029605 0.431027 0.013197 0.366999 0.046012 0.495055 480.000000 640.000000
3 0.277781 0.569065 0.254255 0.501379 0.301308 0.636751 480.000000 640.000000
23 0.256798 0.462893 0.237274 0.399754 0.276323 0.526032 480.000000 640.000000
19 0.808925 0.452532 0.789109 0.386267 0.828740 0.518798 480.000000 640.000000
27 0.291997 0.557041 0.277256 0.500935 0.306738 0.613147 480.000000 640.000000
