1 0.594586 0.629592 0.572021 0.566165 0.617151 0.693018 480.000000 640.000000
3 0.188316 0.571860 0.165390 0.504496 0.211241 0.639224 480.000000 640.000000
4 0.233044 0.623671 0.204134 0.553919 0.261953 0.693423 480.000000 640.000000
5 0.273990 0.480543 0.259125 0.416746 0.288855 0.544340 480.000000 640.000000
6 0.062268 0.533990 0.042777 0.469824 0.081759 0.598156 480.000000 640.000000
7 0.920754 0.450718 0.899918 0.387817 0.941590 0.513619 480.000000 640.000000
8 0.651573 0.464085 0.627791 0.398227 0.675354 0.529943 480.000000 640.000000
10 0.362661 0.463027 0.337197 0.399190 0.388126 0.526865 480.000000 640.000000
18 0.168154 0.429293 0.151107 0.366682 0.185201 0.491904 480.000000 640.000000
19 0.949650 0.474295 0.925775 0.417454 0.973524 0.531136 480.000000 640.000000
