1 0.582483 0.630761 0.552597 0.567560 0.612368 0.693963 480.000000 640.000000
3 0.176598 0.577823 0.151205 0.514851 0.201991 0.640795 480.000000 640.000000
4 0.251585 0.621999 0.232974 0.552175 0.270197 0.691823 480.000000 640.000000
5 0.257549 0.480257 0.239424 0.415887 0.275674 0.544627 480.000000 640.000000
6 0.047696 0.534336 0.030903 0.468468 0.064488 0.600204 480.000000 640.000000
7 0.940067 0.445130 0.925748 0.383484 0.954386 0.506775 480.000000 640.000000
8 0.666201 0.462701 0.646104 0.399058 0.686297 0.526343 480.000000 640.000000
10 0.374471 0.460657 0.357026 0.397064 0.391915 0.524251 480.000000 640.000000
18 0.183222 0.431014 0.156907 0.370224 0.209537 0.491805 480.000000 640.000000
19 0.963633 0.474650 0.946422 0.418257 0.980844 0.531044 480.000000 640.000000
11 0.992976 0.580301 0.986174 0.534044 0.999778 0.626558 480.000000 640.000000
20 0.189396 0.561426 0.176358 0.505559 0.202433 0.617294 480.000000 640.000000
21 0.963942 0.494803 0.947050 0.459156 0.980835 0.530450 480.000000 640.000000
