1 0.536162 0.630211 0.509009 0.567480 0.563315 0.692941 480.000000 640.000000
2 0.974521 0.632095 0.950150 0.563804 0.998892 0.700387 480.000000 640.000000
3 0.147634 0.574760 0.124701 0.503489 0.170566 0.646030 480.000000 640.000000
4 0.296841 0.615648 0.276388 0.546073 0.317295 0.685223 480.000000 640.000000
5 0.223570 0.475980 0.207112 0.413837 0.240029 0.538123 480.000000 640.000000
6 0.013092 0.535215 0.000135 0.469076 0.026048 0.601354 480.000000 640.000000
7 0.976682 0.446358 0.961562 0.385936 0.991803 0.506779 480.000000 640.000000
8 0.704375 0.461540 0.682528 0.400829 0.726221 0.522250 480.000000 640.000000
10 0.404915 0.464992 0.384660 0.398957 0.425170 0.531026 480.000000 640.000000
11 0.970163 0.565086 0.950738 0.507839 0.989588 0.622333 480.000000 640.000000
