1 0.671050 0.630558 0.640013 0.565898 0.702088 0.695218 480.000000 640.000000
4 0.169901 0.629742 0.145918 0.560632 0.193883 0.698852 480.000000 640.000000
5 0.325321 0.478724 0.300202 0.416525 0.350439 0.540924 480.000000 640.000000
6 0.116268 0.528359 0.089520 0.466952 0.143016 0.589766 480.000000 640.000000
7 0.871700 0.445036 0.859277 0.384279 0.884123 0.505792 480.000000 640.000000
8 0.605416 0.461342 0.588711 0.393423 0.622120 0.529260 480.000000 640.000000
18 0.097093 0.426624 0.077801 0.368829 0.116384 0.484419 480.000000 640.000000
19 0.879508 0.476711 0.856080 0.419928 0.902936 0.533495 480.000000 640.000000
3 0.230396 0.568203 0.210602 0.501987 0.250191 0.634420 480.000000 640.000000
22 0.252974 0.586549 0.237705 0.557877 0.268243 0.615221 480.000000 640.000000
23 0.310712 0.466232 0.296649 0.415402 0.324776 0.517061 480.000000 640.000000
