1 0.680187 0.630383 0.654580 0.564469 0.705795 0.696297 480.000000 640.000000
4 0.157677 0.628597 0.138521 0.559175 0.176833 0.698019 480.000000 640.000000
5 0.331646 0.476489 0.311700 0.415666 0.351592 0.537313 480.000000 640.000000
6 0.120203 0.526024 0.098268 0.465592 0.142138 0.586457 480.000000 640.000000
8 0.595598 0.463666 0.576512 0.394683 0.614684 0.532648 480.000000 640.000000
18 0.088457 0.430938 0.068993 0.370908 0.107920 0.490968 480.000000 640.000000
19 0.873284 0.469339 0.848434 0.405246 0.898134 0.533433 480.000000 640.000000
3 0.239709 0.568577 0.215381 0.500949 0.264037 0.636204 480.000000 640.000000
22 0.257531 0.588275 0.244536 0.558650 0.270526 0.617900 480.000000 640.000000
23 0.308265 0.459922 0.291198 0.395366 0.325332 0.524478 480.000000 640.000000
