1 0.682402 0.628235 0.660690 0.562901 0.704114 0.693570 480.000000 640.000000
4 0.154673 0.629044 0.136046 0.558501 0.173299 0.699588 480.000000 640.000000
5 0.333895 0.477956 0.315299 0.415420 0.352491 0.540493 480.000000 640.000000
6 0.121997 0.524975 0.103467 0.464150 0.140527 0.585800 480.000000 640.000000
8 0.591874 0.463174 0.570639 0.395220 0.613109 0.531127 480.000000 640.000000
18 0.086114 0.430552 0.069943 0.370264 0.102286 0.490840 480.000000 640.000000
19 0.870920 0.463482 0.847389 0.393323 0.894450 0.533641 480.000000 640.000000
3 0.241748 0.568226 0.217119 0.500748 0.266378 0.635704 480.000000 640.000000
22 0.258796 0.587371 0.246962 0.558059 0.270629 0.616683 480.000000 640.000000
23 0.306519 0.461056 0.288243 0.394753 0.324796 0.527358 480.000000 640.000000
