1 0.551654 0.629201 0.534242 0.566293 0.569067 0.692108 480.000000 640.000000
2 0.984255 0.611509 0.968299 0.525733 1.000212 0.697286 480.000000 640.000000
3 0.160106 0.573975 0.138149 0.507253 0.182062 0.640698 480.000000 640.000000
4 0.277429 0.620893 0.245037 0.552326 0.309821 0.689460 480.000000 640.000000
5 0.241262 0.479230 0.220352 0.416451 0.262171 0.542009 480.000000 640.000000
6 0.032860 0.536001 0.007193 0.471221 0.058526 0.600782 480.000000 640.000000
7 0.956919 0.448053 0.933528 0.384305 0.980310 0.511802 480.000000 640.000000
8 0.687370 0.464034 0.669566 0.398903 0.705174 0.529165 480.000000 640.000000
10 0.395013 0.465960 0.371619 0.399163 0.418408 0.532757 480.000000 640.000000
11 0.988333 0.557633 0.976073 0.505843 1.000594 0.609424 480.000000 640.000000
18 0.205678 0.430887 0.191070 0.366310 0.220286 0.495463 480.000000 640.000000
19 0.981250 0.474306 0.962500 0.417014 1.000000 0.531597 480.000000 640.000000
