1 0.710198 0.629528 0.683207 0.566045 0.737190 0.693010 480.000000 640.000000
4 0.126692 0.633641 0.096837 0.566394 0.156548 0.700888 480.000000 640.000000
5 0.364101 0.477288 0.339175 0.415239 0.389026 0.539338 480.000000 640.000000
6 0.151762 0.522459 0.127325 0.460401 0.176200 0.584516 480.000000 640.000000
8 0.574272 0.458213 0.556556 0.388911 0.591987 0.527515 480.000000 640.000000
18 0.059711 0.431134 0.036198 0.369050 0.083225 0.493217 480.000000 640.000000
3 0.256521 0.569203 0.237570 0.502296 0.275471 0.636109 480.000000 640.000000
23 0.287526 0.463427 0.264446 0.401061 0.310607 0.525793 480.000000 640.000000
7 0.838787 0.437700 0.824489 0.386228 0.853086 0.489172 480.000000 640.000000
19 0.840656 0.458385 0.818550 0.384862 0.862762 0.531908 480.000000 640.000000
