1 0.919650 0.617915 0.887866 0.553800 0.951435 0.682031 480.000000 640.000000
6 0.315079 0.506788 0.290794 0.447708 0.339363 0.565867 480.000000 640.000000
3 0.390530 0.566293 0.365523 0.498229 0.415536 0.634356 480.000000 640.000000
23 0.126381 0.477348 0.101909 0.412811 0.150852 0.541884 480.000000 640.000000
33 0.891511 0.525607 0.874539 0.466001 0.908483 0.585214 480.000000 640.000000
34 0.671897 0.440312 0.660158 0.383796 0.683636 0.496829 480.000000 640.000000
8 0.421004 0.457787 0.403555 0.391028 0.438452 0.524546 480.000000 640.000000
5 0.526365 0.476520 0.502567 0.413980 0.550163 0.539059 480.000000 640.000000
35 0.949655 0.454994 0.927731 0.393704 0.971579 0.516283 480.000000 640.000000
19 0.647284 0.465175 0.624578 0.410261 0.669989 0.520089 480.000000 640.000000
38 0.013629 0.547438 0.000076 0.484828 0.027181 0.610048 480.000000 640.000000
