1 0.676575 0.630656 0.648210 0.565624 0.704940 0.695688 480.000000 640.000000
4 0.161244 0.629145 0.141512 0.559627 0.180976 0.698662 480.000000 640.000000
5 0.328575 0.477498 0.305992 0.416265 0.351157 0.538730 480.000000 640.000000
6 0.118501 0.526945 0.094357 0.466310 0.142645 0.587580 480.000000 640.000000
8 0.600357 0.461935 0.583545 0.393863 0.617170 0.530007 480.000000 640.000000
18 0.091075 0.430054 0.068987 0.370687 0.113162 0.489420 480.000000 640.000000
19 0.875391 0.477745 0.849871 0.421369 0.900912 0.534122 480.000000 640.000000
3 0.236465 0.568840 0.213940 0.501421 0.258989 0.636258 480.000000 640.000000
22 0.256343 0.588071 0.242769 0.558873 0.269916 0.617268 480.000000 640.000000
23 0.309644 0.459773 0.293544 0.396708 0.325745 0.522838 480.000000 640.000000
