1 0.650454 0.629544 0.630194 0.565871 0.670713 0.693217 480.000000 640.000000
4 0.182362 0.629453 0.150260 0.561124 0.214463 0.697781 480.000000 640.000000
5 0.312912 0.480060 0.297016 0.416364 0.328809 0.543756 480.000000 640.000000
6 0.103942 0.528379 0.085019 0.466422 0.122866 0.590337 480.000000 640.000000
7 0.879194 0.444463 0.859144 0.386228 0.899245 0.502699 480.000000 640.000000
8 0.616919 0.465284 0.595024 0.397765 0.638814 0.532803 480.000000 640.000000
10 0.330563 0.464629 0.310877 0.399238 0.350249 0.530020 480.000000 640.000000
18 0.118002 0.427632 0.104275 0.365955 0.131730 0.489309 480.000000 640.000000
19 0.903426 0.475425 0.889656 0.418142 0.917196 0.532709 480.000000 640.000000
3 0.220802 0.566202 0.200677 0.501598 0.240927 0.630806 480.000000 640.000000
