1 0.602289 0.630262 0.585388 0.565775 0.619191 0.694750 480.000000 640.000000
3 0.193655 0.570021 0.170554 0.502904 0.216757 0.637139 480.000000 640.000000
4 0.228990 0.624821 0.198393 0.554246 0.259587 0.695396 480.000000 640.000000
5 0.283630 0.480435 0.258917 0.416730 0.308343 0.544140 480.000000 640.000000
6 0.072005 0.534569 0.046975 0.470831 0.097035 0.598307 480.000000 640.000000
7 0.915215 0.449146 0.898086 0.388765 0.932344 0.509527 480.000000 640.000000
8 0.650782 0.465270 0.627458 0.391114 0.674106 0.539426 480.000000 640.000000
10 0.360220 0.462959 0.335022 0.399029 0.385418 0.526890 480.000000 640.000000
18 0.156509 0.429277 0.140041 0.366258 0.172976 0.492295 480.000000 640.000000
19 0.942776 0.476320 0.923494 0.420439 0.962057 0.532201 480.000000 640.000000
