1 0.637659 0.629684 0.620489 0.566003 0.654830 0.693365 480.000000 640.000000
4 0.191501 0.624073 0.165970 0.551483 0.217031 0.696663 480.000000 640.000000
5 0.306241 0.478313 0.293481 0.413611 0.319001 0.543015 480.000000 640.000000
6 0.092162 0.529172 0.078044 0.465307 0.106280 0.593037 480.000000 640.000000
7 0.888024 0.442475 0.871025 0.384374 0.905022 0.500576 480.000000 640.000000
8 0.621532 0.464428 0.596988 0.396148 0.646076 0.532708 480.000000 640.000000
10 0.332560 0.461416 0.314060 0.397649 0.351061 0.525184 480.000000 640.000000
18 0.129416 0.429234 0.108892 0.367476 0.149941 0.490992 480.000000 640.000000
19 0.910637 0.475804 0.888290 0.418260 0.932985 0.533348 480.000000 640.000000
3 0.221492 0.568173 0.192786 0.502609 0.250197 0.633736 480.000000 640.000000
