1 0.532672 0.629867 0.507223 0.567176 0.558121 0.692557 480.000000 640.000000
2 0.972584 0.632713 0.949359 0.564819 0.995809 0.700607 480.000000 640.000000
3 0.145795 0.575520 0.120701 0.503660 0.170889 0.647381 480.000000 640.000000
4 0.300269 0.614926 0.280139 0.544928 0.320400 0.684924 480.000000 640.000000
5 0.219230 0.475479 0.199234 0.412239 0.239226 0.538720 480.000000 640.000000
6 0.012332 0.537286 0.000081 0.474065 0.024583 0.600508 480.000000 640.000000
7 0.979992 0.445943 0.965399 0.384924 0.994584 0.506961 480.000000 640.000000
8 0.708562 0.459011 0.690829 0.400436 0.726296 0.517587 480.000000 640.000000
9 0.238896 0.423950 0.219124 0.357454 0.258669 0.490446 480.000000 640.000000
10 0.408379 0.465201 0.390318 0.399054 0.426439 0.531347 480.000000 640.000000
11 0.968787 0.563368 0.950853 0.507990 0.986721 0.618746 480.000000 640.000000
