1 0.708433 0.629426 0.680432 0.565972 0.736435 0.692879 480.000000 640.000000
4 0.129521 0.633874 0.098241 0.566807 0.160802 0.700942 480.000000 640.000000
5 0.362138 0.477608 0.337963 0.415133 0.386312 0.540083 480.000000 640.000000
6 0.150028 0.522439 0.126889 0.460641 0.173167 0.584238 480.000000 640.000000
8 0.576977 0.457235 0.559051 0.386560 0.594903 0.527909 480.000000 640.000000
18 0.061921 0.430671 0.039917 0.368270 0.083925 0.493072 480.000000 640.000000
3 0.254597 0.567429 0.234559 0.498762 0.274635 0.636095 480.000000 640.000000
23 0.289207 0.463841 0.265957 0.400242 0.312458 0.527439 480.000000 640.000000
7 0.840485 0.441401 0.824790 0.387087 0.856179 0.495715 480.000000 640.000000
19 0.842638 0.458733 0.822362 0.386319 0.862913 0.531148 480.000000 640.000000
