1 0.874338 0.619455 0.847582 0.556306 0.901094 0.682605 480.000000 640.000000
6 0.282687 0.509187 0.263212 0.450748 0.302162 0.567625 480.000000 640.000000
3 0.362625 0.566210 0.342620 0.497559 0.382630 0.634861 480.000000 640.000000
19 0.685815 0.458576 0.672256 0.408944 0.699373 0.508209 480.000000 640.000000
23 0.152503 0.470797 0.134523 0.405569 0.170482 0.536026 480.000000 640.000000
33 0.927981 0.524628 0.909802 0.466163 0.946160 0.583093 480.000000 640.000000
34 0.705461 0.440346 0.693883 0.382611 0.717039 0.498080 480.000000 640.000000
8 0.447523 0.460639 0.424395 0.392296 0.470651 0.528982 480.000000 640.000000
5 0.492823 0.479855 0.471285 0.413090 0.514361 0.546621 480.000000 640.000000
35 0.978720 0.452528 0.957462 0.393424 0.999978 0.511632 480.000000 640.000000
