1 0.730604 0.625691 0.711571 0.561117 0.749637 0.690264 480.000000 640.000000
4 0.105938 0.630937 0.087231 0.561742 0.124645 0.700132 480.000000 640.000000
5 0.375109 0.478051 0.352843 0.414293 0.397376 0.541808 480.000000 640.000000
6 0.159478 0.521123 0.139068 0.458348 0.179888 0.583898 480.000000 640.000000
8 0.556913 0.461572 0.533644 0.392118 0.580182 0.531026 480.000000 640.000000
18 0.043463 0.431689 0.022197 0.368445 0.064730 0.494933 480.000000 640.000000
3 0.269124 0.568021 0.248107 0.500311 0.290141 0.635731 480.000000 640.000000
23 0.268006 0.460040 0.250307 0.398656 0.285706 0.521423 480.000000 640.000000
19 0.821455 0.456497 0.806067 0.382473 0.836843 0.530521 480.000000 640.000000
27 0.290084 0.572337 0.275342 0.528030 0.304826 0.616644 480.000000 640.000000
