1 0.616795 0.631527 0.593250 0.566747 0.640340 0.696308 480.000000 640.000000
3 0.199027 0.570769 0.176602 0.504188 0.221451 0.637351 480.000000 640.000000
4 0.221947 0.624810 0.196691 0.552387 0.247204 0.697232 480.000000 640.000000
5 0.288535 0.480684 0.261175 0.417043 0.315896 0.544324 480.000000 640.000000
6 0.076170 0.534318 0.050081 0.469572 0.102258 0.599064 480.000000 640.000000
7 0.912906 0.448477 0.899362 0.388344 0.926451 0.508609 480.000000 640.000000
8 0.643679 0.461438 0.627370 0.393312 0.659987 0.529565 480.000000 640.000000
10 0.353381 0.462667 0.333179 0.399221 0.373582 0.526114 480.000000 640.000000
18 0.147782 0.430629 0.124708 0.367746 0.170856 0.493512 480.000000 640.000000
19 0.936226 0.476189 0.921840 0.419722 0.950611 0.532656 480.000000 640.000000
