1 0.966622 0.614898 0.947864 0.551684 0.985380 0.678111 480.000000 640.000000
6 0.354740 0.503809 0.329970 0.446298 0.379510 0.561320 480.000000 640.000000
3 0.425893 0.567089 0.401170 0.499333 0.450615 0.634846 480.000000 640.000000
23 0.084348 0.475487 0.063110 0.410249 0.105587 0.540724 480.000000 640.000000
33 0.840952 0.528306 0.819774 0.470707 0.862129 0.585904 480.000000 640.000000
34 0.631725 0.440526 0.618604 0.380418 0.644845 0.500634 480.000000 640.000000
5 0.562364 0.474881 0.537009 0.412965 0.587719 0.536796 480.000000 640.000000
35 0.906927 0.454221 0.882683 0.393446 0.931171 0.514995 480.000000 640.000000
19 0.604322 0.463811 0.590358 0.406815 0.618286 0.520807 480.000000 640.000000
38 0.038707 0.549615 0.014480 0.481795 0.062934 0.617434 480.000000 640.000000
