1 0.953894 0.615468 0.925733 0.552060 0.982055 0.678876 480.000000 640.000000
6 0.347685 0.496933 0.324167 0.432765 0.371203 0.561100 480.000000 640.000000
3 0.413610 0.567242 0.393730 0.500448 0.433490 0.634036 480.000000 640.000000
23 0.093520 0.476172 0.066856 0.411851 0.120184 0.540494 480.000000 640.000000
33 0.858249 0.527809 0.839833 0.470548 0.876665 0.585070 480.000000 640.000000
34 0.645285 0.438720 0.631769 0.383106 0.658800 0.494333 480.000000 640.000000
8 0.393449 0.455053 0.376884 0.389254 0.410015 0.520851 480.000000 640.000000
5 0.555054 0.473224 0.533678 0.410252 0.576430 0.536197 480.000000 640.000000
35 0.925234 0.453389 0.909213 0.391869 0.941254 0.514908 480.000000 640.000000
19 0.615246 0.465280 0.592437 0.409045 0.638054 0.521515 480.000000 640.000000
38 0.029832 0.553352 0.003288 0.488351 0.056375 0.618353 480.000000 640.000000
37 0.433082 0.579354 0.420220 0.538909 0.445944 0.619799 480.000000 640.000000
