1 0.930323 0.613600 0.909705 0.550187 0.950941 0.677014 480.000000 640.000000
6 0.323495 0.504097 0.307704 0.443971 0.339285 0.564222 480.000000 640.000000
3 0.396211 0.569146 0.374520 0.502861 0.417901 0.635431 480.000000 640.000000
23 0.110924 0.475627 0.094239 0.412153 0.127609 0.539100 480.000000 640.000000
33 0.877431 0.525604 0.855700 0.467032 0.899162 0.584176 480.000000 640.000000
34 0.662019 0.445666 0.648479 0.383041 0.675559 0.508292 480.000000 640.000000
8 0.414129 0.460607 0.392525 0.392513 0.435734 0.528701 480.000000 640.000000
5 0.533764 0.472560 0.515672 0.408293 0.551856 0.536827 480.000000 640.000000
35 0.940379 0.456852 0.914170 0.398092 0.966588 0.515611 480.000000 640.000000
19 0.637859 0.464623 0.626790 0.408724 0.648928 0.520521 480.000000 640.000000
38 0.016744 0.549559 0.000042 0.482885 0.033446 0.616233 480.000000 640.000000
