1 0.936385 0.615037 0.918722 0.550028 0.954047 0.680045 480.000000 640.000000
6 0.332154 0.501472 0.318414 0.440775 0.345894 0.562168 480.000000 640.000000
3 0.402832 0.567191 0.383872 0.499936 0.421792 0.634446 480.000000 640.000000
23 0.103583 0.476766 0.085647 0.413017 0.121520 0.540515 480.000000 640.000000
33 0.871416 0.526706 0.847374 0.469279 0.895458 0.584133 480.000000 640.000000
34 0.656337 0.446495 0.638414 0.384482 0.674259 0.508508 480.000000 640.000000
8 0.406568 0.456799 0.385548 0.392592 0.427589 0.521006 480.000000 640.000000
5 0.540195 0.473117 0.525004 0.408365 0.555387 0.537869 480.000000 640.000000
35 0.935926 0.457864 0.911974 0.399316 0.959877 0.516412 480.000000 640.000000
19 0.626279 0.465986 0.610041 0.409732 0.642517 0.522239 480.000000 640.000000
38 0.020027 0.547971 0.000292 0.483363 0.039761 0.612578 480.000000 640.000000
37 0.423144 0.582994 0.409474 0.548934 0.436813 0.617054 480.000000 640.000000
