1 0.586422 0.631180 0.555679 0.567136 0.617166 0.695224 480.000000 640.000000
3 0.179279 0.578055 0.156449 0.514353 0.202109 0.641756 480.000000 640.000000
4 0.245089 0.623134 0.225357 0.552368 0.264821 0.693901 480.000000 640.000000
5 0.263910 0.480080 0.248361 0.415964 0.279460 0.544195 480.000000 640.000000
6 0.051451 0.532939 0.035678 0.467567 0.067224 0.598312 480.000000 640.000000
7 0.934726 0.447122 0.914926 0.383453 0.954526 0.510791 480.000000 640.000000
8 0.659963 0.461459 0.637464 0.399572 0.682461 0.523345 480.000000 640.000000
10 0.368387 0.462383 0.347495 0.397532 0.389280 0.527235 480.000000 640.000000
18 0.177593 0.430282 0.153122 0.369357 0.202064 0.491207 480.000000 640.000000
20 0.193272 0.565065 0.178719 0.505105 0.207825 0.625025 480.000000 640.000000
21 0.956210 0.494662 0.934364 0.458781 0.978056 0.530543 480.000000 640.000000
