1 0.840953 0.621371 0.811669 0.556639 0.870237 0.686104 480.000000 640.000000
4 0.008777 0.647417 -0.000119 0.589817 0.017672 0.705017 480.000000 640.000000
5 0.461176 0.475274 0.444834 0.412140 0.477518 0.538407 480.000000 640.000000
6 0.252186 0.505605 0.238135 0.441155 0.266238 0.570056 480.000000 640.000000
8 0.484553 0.455895 0.468639 0.390959 0.500468 0.520831 480.000000 640.000000
3 0.338546 0.566341 0.317932 0.497796 0.359160 0.634886 480.000000 640.000000
19 0.722337 0.469265 0.701075 0.414025 0.743598 0.524505 480.000000 640.000000
23 0.184014 0.470067 0.166243 0.404550 0.201785 0.535583 480.000000 640.000000
33 0.966571 0.524335 0.949283 0.464251 0.983859 0.584419 480.000000 640.000000
34 0.739470 0.440095 0.727595 0.385516 0.751346 0.494673 480.000000 640.000000
