1 0.870328 0.619615 0.843675 0.556150 0.896980 0.683080 480.000000 640.000000
6 0.276119 0.510383 0.250381 0.452443 0.301857 0.568324 480.000000 640.000000
3 0.357106 0.565239 0.333988 0.496416 0.380225 0.634061 480.000000 640.000000
19 0.692424 0.466124 0.670597 0.410628 0.714252 0.521619 480.000000 640.000000
23 0.164679 0.471992 0.141509 0.407393 0.187848 0.536591 480.000000 640.000000
33 0.936445 0.524871 0.917609 0.466408 0.955281 0.583335 480.000000 640.000000
34 0.711505 0.439087 0.698852 0.381481 0.724158 0.496692 480.000000 640.000000
8 0.454104 0.459946 0.433941 0.389950 0.474266 0.529941 480.000000 640.000000
5 0.487252 0.480892 0.460440 0.415945 0.514065 0.545838 480.000000 640.000000
35 0.983690 0.451857 0.967462 0.392601 0.999918 0.511113 480.000000 640.000000
