1 0.539154 0.630658 0.510770 0.567645 0.567537 0.693671 480.000000 640.000000
2 0.976716 0.632078 0.952679 0.566165 1.000753 0.697990 480.000000 640.000000
3 0.149252 0.573401 0.129600 0.504554 0.168904 0.642249 480.000000 640.000000
4 0.287171 0.617038 0.261262 0.548480 0.313081 0.685595 480.000000 640.000000
5 0.229820 0.479483 0.214224 0.419103 0.245416 0.539862 480.000000 640.000000
6 0.016580 0.534962 0.000907 0.468237 0.032254 0.601686 480.000000 640.000000
7 0.968001 0.445765 0.947210 0.385484 0.988791 0.506046 480.000000 640.000000
8 0.693787 0.473595 0.667175 0.401491 0.720399 0.545698 480.000000 640.000000
10 0.400519 0.465946 0.376774 0.399489 0.424263 0.532403 480.000000 640.000000
11 0.973555 0.564472 0.952938 0.508707 0.994172 0.620237 480.000000 640.000000
13 0.979688 0.551389 0.965104 0.508681 0.994271 0.594097 480.000000 640.000000
14 0.170052 0.585069 0.157943 0.551736 0.182161 0.618403 480.000000 640.000000
