1 0.655506 0.629926 0.632850 0.565890 0.678162 0.693963 480.000000 640.000000
4 0.181184 0.629814 0.148629 0.561915 0.213738 0.697713 480.000000 640.000000
5 0.316428 0.477879 0.297876 0.412920 0.334981 0.542838 480.000000 640.000000
6 0.107747 0.529021 0.086166 0.468158 0.129328 0.589883 480.000000 640.000000
7 0.878097 0.445122 0.859320 0.386402 0.896874 0.503842 480.000000 640.000000
8 0.615659 0.464665 0.595448 0.396563 0.635870 0.532767 480.000000 640.000000
10 0.330770 0.463759 0.311666 0.399101 0.349874 0.528417 480.000000 640.000000
18 0.114400 0.429259 0.100050 0.366133 0.128751 0.492385 480.000000 640.000000
19 0.900553 0.475118 0.887445 0.417584 0.913661 0.532653 480.000000 640.000000
3 0.221321 0.566567 0.201636 0.501461 0.241006 0.631672 480.000000 640.000000
