1 0.598656 0.629778 0.581721 0.565560 0.615591 0.693995 480.000000 640.000000
3 0.192412 0.570398 0.169395 0.503216 0.215430 0.637581 480.000000 640.000000
4 0.230297 0.624861 0.199562 0.554211 0.261032 0.695511 480.000000 640.000000
5 0.281120 0.479611 0.259017 0.416902 0.303222 0.542319 480.000000 640.000000
6 0.069248 0.534381 0.045609 0.470190 0.092887 0.598573 480.000000 640.000000
7 0.917074 0.450010 0.898278 0.389494 0.935871 0.510525 480.000000 640.000000
8 0.652585 0.465364 0.626715 0.393100 0.678455 0.537628 480.000000 640.000000
10 0.361443 0.462568 0.335894 0.399125 0.386992 0.526011 480.000000 640.000000
18 0.160483 0.429630 0.145039 0.366369 0.175928 0.492890 480.000000 640.000000
19 0.945585 0.475371 0.924444 0.419439 0.966726 0.531302 480.000000 640.000000
