1 0.725812 0.625375 0.709206 0.561514 0.742418 0.689237 480.000000 640.000000
4 0.108877 0.631085 0.090045 0.561868 0.127708 0.700302 480.000000 640.000000
5 0.372918 0.478476 0.348656 0.415122 0.397180 0.541830 480.000000 640.000000
6 0.157330 0.521908 0.134538 0.458771 0.180122 0.585045 480.000000 640.000000
8 0.559707 0.461147 0.538767 0.391772 0.580646 0.530521 480.000000 640.000000
18 0.044168 0.432353 0.022316 0.369832 0.066021 0.494875 480.000000 640.000000
3 0.266626 0.568735 0.247240 0.501761 0.286013 0.635709 480.000000 640.000000
23 0.270503 0.459708 0.253023 0.399173 0.287984 0.520244 480.000000 640.000000
19 0.827046 0.457390 0.809514 0.383761 0.844578 0.531020 480.000000 640.000000
27 0.289063 0.572569 0.274740 0.530208 0.303385 0.614931 480.000000 640.000000
28 0.830208 0.494792 0.817708 0.457639 0.842708 0.531944 480.000000 640.000000
