1 0.770286 0.623677 0.753237 0.559075 0.787334 0.688279 480.000000 640.000000
4 0.064497 0.633228 0.043775 0.564483 0.085220 0.701973 480.000000 640.000000
5 0.409874 0.481623 0.384257 0.417266 0.435491 0.545981 480.000000 640.000000
6 0.195629 0.518143 0.168888 0.459992 0.222371 0.576294 480.000000 640.000000
8 0.526122 0.460196 0.507226 0.391224 0.545018 0.529168 480.000000 640.000000
18 0.013955 0.428258 -0.000931 0.371461 0.028841 0.485056 480.000000 640.000000
3 0.297959 0.565096 0.276325 0.495559 0.319593 0.634634 480.000000 640.000000
23 0.237765 0.467265 0.218860 0.400791 0.256669 0.533739 480.000000 640.000000
30 0.787189 0.495317 0.776162 0.462613 0.798215 0.528021 480.000000 640.000000
19 0.789200 0.473980 0.773924 0.418760 0.804477 0.529200 480.000000 640.000000
